/*--------------------------------*- C++ -*----------------------------------*\
| =========                 |                                                 |
| \\      /  F ield         | OpenFOAM: The Open Source CFD Toolbox           |
|  \\    /   O peration     | Version:  2412                                  |
|   \\  /    A nd           | Website:  www.openfoam.com                      |
|    \\/     M anipulation  |                                                 |
\*---------------------------------------------------------------------------*/
FoamFile
{
    version     2.0;
    format      ascii;
    arch        "LSB;label=32;scalar=64";
    class       surfaceScalarField;
    location    "9";
    object      phi;
}
// * * * * * * * * * * * * * * * * * * * * * * * * * * * * * * * * * * * * * //

dimensions      [0 3 -1 0 0 0 0];

oriented        oriented;

internalField   nonuniform List<scalar> 
4262
(
-0.00176198
0.222275
-0.00403795
0.830929
-0.00640996
1.76952
-0.00900404
3.16776
-0.0123227
5.18792
-0.0155062
8.01755
-0.0182937
11.8499
-0.0204811
16.8219
-0.0231181
22.8845
-0.0235569
29.5288
-0.0235702
29.5284
-0.022192
22.8804
-0.0198878
16.8174
-0.0160229
11.8433
-0.012495
8.01084
-0.00929005
5.1814
-0.00687024
3.16275
-0.00494647
1.76522
-0.00273764
0.826444
0.217775
-0.00407926
0.226354
-0.0098855
0.836735
-0.0170841
1.77671
-0.0250505
3.17573
-0.0342891
5.19716
-0.0437875
8.02705
-0.0534201
11.8596
-0.0643341
16.8328
-0.0755431
22.8957
-0.074968
29.5282
-0.0695462
29.5229
-0.0607572
22.8717
-0.0520137
16.8087
-0.0432884
11.8346
-0.0347875
8.00234
-0.0272179
5.17383
-0.0194644
3.15499
-0.0127561
1.75851
-0.0054727
0.819161
0.212302
-0.00677845
0.233132
-0.0163521
0.846309
-0.0283893
1.78875
-0.0428918
3.19023
-0.0580721
5.21234
-0.0731738
8.04215
-0.0893069
11.8757
-0.101712
16.8452
-0.116078
22.91
-0.116012
29.5282
-0.112765
29.5197
-0.103656
22.8625
-0.0891418
16.7942
-0.0728213
11.8182
-0.0564051
7.98592
-0.0428289
5.16025
-0.0297964
3.14196
-0.0169734
1.74569
-0.00616105
0.808348
0.206141
-0.0100543
0.243187
-0.0244823
0.860737
-0.0414375
1.80571
-0.0603989
3.20919
-0.0809099
5.23285
-0.100955
8.06219
-0.122886
11.8976
-0.142072
16.8644
-0.164824
22.9328
-0.165117
29.5284
-0.15611
29.5107
-0.138885
22.8453
-0.116242
16.7715
-0.0965766
11.7986
-0.0758377
7.96518
-0.0550205
5.13944
-0.0368139
3.12375
-0.0207656
1.72964
-0.00704584
0.794629
0.199095
-0.0129477
0.256134
-0.0311402
0.878929
-0.0529293
1.8275
-0.0773659
3.23363
-0.104035
5.25952
-0.130294
8.08845
-0.156515
11.9238
-0.179093
16.887
-0.204605
22.9583
-0.204399
29.5282
-0.197223
29.5035
-0.179458
22.8276
-0.152702
16.7448
-0.12213
11.768
-0.0918293
7.93488
-0.0676229
5.11523
-0.0451811
3.10131
-0.0246451
1.7091
-0.00774778
0.777731
0.191348
-0.0163452
0.272479
-0.0401326
0.902717
-0.0677538
1.85512
-0.098612
3.26449
-0.130822
5.29173
-0.161172
8.1188
-0.190851
11.9535
-0.221473
16.9176
-0.253919
22.9907
-0.254178
29.5285
-0.241251
29.4906
-0.213105
22.7994
-0.177521
16.7092
-0.142836
11.7333
-0.111911
7.90395
-0.0813552
5.08467
-0.053508
3.07347
-0.0294023
1.685
-0.00960636
0.757935
0.181741
-0.0189196
0.291399
-0.0446117
0.928409
-0.0746956
1.8852
-0.110045
3.29984
-0.149469
5.33116
-0.190467
8.1598
-0.225512
11.9886
-0.260815
16.9529
-0.295479
23.0254
-0.294696
29.5277
-0.281079
29.477
-0.250505
22.7688
-0.214483
16.6732
-0.169512
11.6883
-0.128753
7.8632
-0.0938636
5.04978
-0.0629332
3.04253
-0.0361067
1.65817
-0.0128507
0.73468
0.16889
-0.0177417
0.309141
-0.0471608
0.957828
-0.0827652
1.9208
-0.122953
3.34002
-0.169337
5.37754
-0.219853
8.21032
-0.265526
12.0342
-0.307598
16.995
-0.347701
23.0655
-0.346266
29.5263
-0.326805
29.4575
-0.285519
22.7275
-0.237613
16.6253
-0.19161
11.6423
-0.151541
7.82313
-0.111031
5.00927
-0.0744879
3.00599
-0.042465
1.62615
-0.0158872
0.708102
0.153003
-0.0180698
0.327211
-0.0522883
0.992046
-0.0939919
1.96251
-0.141083
3.38711
-0.189824
5.42628
-0.243484
8.26398
-0.297274
12.088
-0.349296
17.047
-0.394401
23.1106
-0.391839
29.5237
-0.367654
29.4333
-0.325256
22.6852
-0.280498
16.5805
-0.224982
11.5868
-0.172176
7.77032
-0.125169
4.96227
-0.0839543
2.96478
-0.0480289
1.59022
-0.0192933
0.679366
0.13371
-0.0222315
0.349442
-0.0612856
1.0311
-0.107517
2.00874
-0.157379
3.43698
-0.214563
5.48346
-0.278272
8.32769
-0.341582
12.1513
-0.399634
17.1051
-0.451387
23.1624
-0.447513
29.5198
-0.419887
29.4057
-0.37099
22.6363
-0.309366
16.5189
-0.249972
11.5274
-0.191428
7.71178
-0.134967
4.90581
-0.0866014
2.91641
-0.0478295
1.55145
-0.020276
0.651813
0.113434
-0.0289555
0.378398
-0.077588
1.07973
-0.129452
2.0606
-0.18619
3.49371
-0.244765
5.54204
-0.307457
8.39038
-0.375953
12.2198
-0.444187
17.1733
-0.504186
23.2224
-0.502005
29.5177
-0.47196
29.3757
-0.418315
22.5826
-0.355909
16.4565
-0.282714
11.4542
-0.20846
7.63752
-0.144434
4.84178
-0.0877688
2.85975
-0.0413237
1.50501
-0.0172605
0.627749
0.0961735
-0.0363596
0.414757
-0.0938858
1.13726
-0.148903
2.11562
-0.20991
3.55472
-0.27952
5.61165
-0.354164
8.46502
-0.428475
12.2941
-0.502539
17.2474
-0.567496
23.2873
-0.566639
29.5168
-0.536355
29.3454
-0.474364
22.5206
-0.390989
16.3731
-0.306885
11.3701
-0.228555
7.55919
-0.153113
4.76634
-0.0869431
2.79358
-0.033828
1.45189
-0.0139577
0.607879
0.0822158
-0.0449328
0.45969
-0.113611
1.20594
-0.177113
2.17912
-0.243307
3.62091
-0.315731
5.68407
-0.395334
8.54463
-0.478109
12.3769
-0.561875
17.3311
-0.630057
23.3555
-0.633662
29.5204
-0.602682
29.3144
-0.530827
22.4488
-0.442404
16.2847
-0.345599
11.2733
-0.251328
7.46492
-0.166609
4.68162
-0.0923922
2.71936
-0.0330668
1.39257
-0.0135169
0.588329
0.0686989
-0.0468757
0.506566
-0.119417
1.27848
-0.189306
2.24901
-0.271366
3.70297
-0.358531
5.77124
-0.448567
8.63466
-0.536762
12.4651
-0.631621
17.426
-0.707222
23.4311
-0.713695
29.5269
-0.680117
29.2808
-0.597064
22.3657
-0.487858
16.1755
-0.378305
11.1638
-0.27873
7.36535
-0.18652
4.58941
-0.106118
2.63896
-0.0420863
1.32853
-0.0169787
0.563222
0.0517201
-0.0549352
0.561501
-0.140841
1.36438
-0.21511
2.32328
-0.298403
3.78627
-0.397051
5.86989
-0.504708
8.74232
-0.612214
12.5726
-0.713797
17.5276
-0.791375
23.5087
-0.799769
29.5353
-0.757256
29.2383
-0.66002
22.2685
-0.544878
16.0603
-0.424093
11.043
-0.311445
7.2527
-0.214611
4.49258
-0.128722
2.55307
-0.0570127
1.25682
-0.0225529
0.528762
0.0291672
-0.0530455
0.614546
-0.13676
1.4481
-0.229184
2.4157
-0.337128
3.89421
-0.448615
5.98137
-0.564501
8.8582
-0.68435
12.6925
-0.810577
17.6538
-0.897746
23.5959
-0.902891
29.5404
-0.844132
29.1795
-0.730312
22.1547
-0.596227
15.9262
-0.46618
10.9129
-0.346428
7.13295
-0.236672
4.38282
-0.144939
2.46133
-0.06967
1.18156
-0.0278949
0.486987
0.00127233
-0.0648506
0.679397
-0.158744
1.54199
-0.250628
2.50759
-0.36543
4.00901
-0.499521
6.11546
-0.637619
8.9963
-0.780138
12.835
-0.919346
17.793
-1.0117
23.6882
-1.01265
29.5414
-0.940604
29.1075
-0.812171
22.0262
-0.668436
15.7825
-0.521354
10.7659
-0.378906
6.9905
-0.253903
4.25782
-0.155575
2.36301
-0.0792574
1.10524
-0.0321625
0.439892
-0.0308902
-0.0668365
0.746234
-0.17226
1.64742
-0.292026
2.62736
-0.429209
4.1462
-0.571706
6.25796
-0.726845
9.15144
-0.885683
12.9938
-1.05323
17.9606
-1.15029
23.7853
-1.14362
29.5347
-1.0576
29.0215
-0.910059
21.8787
-0.738144
15.6106
-0.569936
10.5976
-0.413458
6.83402
-0.274755
4.11911
-0.160237
2.24849
-0.0822389
1.02724
-0.0341995
0.391852
-0.0650897
-0.0813101
0.827544
-0.200333
1.76644
-0.329605
2.75663
-0.480284
4.29687
-0.643704
6.42138
-0.817459
9.3252
-1.00185
13.1782
-1.19373
18.1524
-1.29813
23.8897
-1.28869
29.5253
-1.18752
28.9203
-1.01978
21.7109
-0.828476
15.4193
-0.635412
10.4046
-0.450962
6.64957
-0.293554
3.96171
-0.161745
2.11668
-0.0870113
0.952506
-0.0373058
0.342147
-0.102396
-0.0958716
0.923415
-0.230653
1.90122
-0.381973
2.90795
-0.559908
4.47481
-0.745666
6.60714
-0.947728
9.52726
-1.15343
13.3839
-1.36851
18.3675
-1.47329
23.9944
-1.46012
29.5121
-1.34247
28.8027
-1.14484
21.5133
-0.918054
15.1925
-0.699965
10.1865
-0.499084
6.44869
-0.322065
3.78469
-0.171055
1.96567
-0.0922334
0.873684
-0.040863
0.290777
-0.143259
-0.107499
1.03091
-0.264344
2.05806
-0.438486
3.08209
-0.628533
4.66486
-0.841695
6.8203
-1.07393
9.75949
-1.31974
13.6297
-1.56409
18.6119
-1.66706
24.0974
-1.64884
29.4939
-1.51272
28.6665
-1.28189
21.2825
-1.02259
14.9332
-0.769737
9.93363
-0.542913
6.22187
-0.349912
3.59169
-0.182412
1.79817
-0.104131
0.795403
-0.0467616
0.233407
-0.19002
-0.135587
1.1665
-0.315742
2.23822
-0.509389
3.27574
-0.734336
4.8898
-0.983191
7.06916
-1.25738
10.0337
-1.54352
13.9159
-1.80676
18.8751
-1.90353
24.1942
-1.87332
29.4637
-1.69971
28.4929
-1.42536
21.0081
-1.12658
14.6344
-0.838299
9.64535
-0.584491
5.96806
-0.370616
3.37781
-0.201036
1.62859
-0.12206
0.716427
-0.0553634
0.166711
-0.245384
-0.145162
1.31166
-0.337489
2.43055
-0.57259
3.51084
-0.840849
5.15806
-1.14912
7.37743
-1.48369
10.3683
-1.81083
14.243
-2.08416
19.1484
-2.16661
24.2766
-2.1195
29.4166
-1.90424
28.2777
-1.57732
20.6812
-1.22494
14.2821
-0.896949
9.31736
-0.611811
5.68292
-0.384552
3.15055
-0.214499
1.45854
-0.137474
0.639402
-0.0663629
0.0956001
-0.311746
-0.198753
1.51042
-0.454182
2.68598
-0.72612
3.78277
-1.03711
5.46905
-1.39862
7.73894
-1.7761
10.7457
-2.15053
14.6174
-2.42483
19.4227
-2.4862
24.338
-2.41078
29.3411
-2.12534
27.9922
-1.73034
20.2862
-1.32319
13.8749
-0.946883
8.94106
-0.63003
5.36607
-0.389746
2.91027
-0.240698
1.30949
-0.170288
0.568992
-0.0834509
0.00876286
-0.395197
-0.231308
1.74172
-0.490314
2.94498
-0.854642
4.1471
-1.2843
5.89871
-1.72567
8.18031
-2.15347
11.1735
-2.55753
15.0215
-2.80801
19.6732
-2.83999
24.37
-2.72756
29.2287
-2.36328
27.628
-1.88005
19.803
-1.4094
13.4042
-0.996795
8.52845
-0.655252
5.02452
-0.400524
2.65554
-0.275449
1.18441
-0.217728
0.511271
-0.105371
-0.103594
-0.500569
-0.377084
2.11881
-0.821521
3.38942
-1.26633
4.59191
-1.7034
6.33578
-2.16405
8.64096
-2.62351
11.633
-3.05261
15.4506
-3.26161
19.8822
-3.26381
24.3722
-3.07537
29.0403
-2.60911
27.1617
-2.05357
19.2474
-1.51641
12.8671
-1.03634
8.04838
-0.646477
4.63466
-0.364712
2.37377
-0.233126
1.05283
-0.167247
0.445393
-0.0831414
-0.1877
-0.58371
-0.284325
2.40313
-0.643418
3.74851
-1.02144
4.96994
-1.46802
6.78236
-1.95976
9.1327
-2.48249
12.1557
-2.99919
15.9673
-3.3059
20.1889
-3.47611
24.5424
-3.43152
28.9957
-3.00319
26.7334
-2.38588
18.6301
-1.74068
12.2219
-1.15241
7.46011
-0.665097
4.14735
-0.277001
1.98568
-0.105545
0.881372
-0.0318832
0.371731
-0.044336
-0.175247
-0.628046
-0.174159
2.57729
-0.43345
4.0078
-0.74201
5.2785
-1.07206
7.11241
-1.42346
9.4841
-1.78977
12.522
-2.15054
16.3281
-2.35067
20.3891
-2.45136
24.6431
-2.35088
28.8952
-1.95651
26.339
-1.43375
18.1074
-0.929945
11.7181
-0.493257
7.02342
-0.183444
3.83753
0.00978996
1.79244
0.0819367
0.809226
0.091968
0.3617
0.0370021
-0.120281
-0.591044
-0.101157
2.67845
-0.237142
4.14379
-0.436583
5.47794
-0.68153
7.35736
-0.959214
9.76179
-1.23199
12.7948
-1.47259
16.5687
-1.60497
20.5214
-1.64757
24.6857
-1.50712
28.7547
-1.16508
25.9969
-0.764317
17.7066
-0.395033
11.3488
-0.123077
6.75147
0.0405646
3.67389
0.104761
1.72825
0.119185
0.794801
0.108303
0.372582
0.0559812
-0.0679594
-0.535063
-0.0851279
2.76358
-0.226432
4.28509
-0.383699
5.6352
-0.537744
7.5114
-0.6826
9.90664
-0.833977
12.9462
-0.971356
16.706
-1.05173
20.6018
-1.04822
24.6822
-0.884658
28.5912
-0.593514
25.7058
-0.294961
17.4081
-0.0478524
11.1017
0.15946
6.54416
0.280363
3.55299
0.286497
1.72211
0.247629
0.833669
0.163598
0.456613
0.0643126
0.031326
-0.47075
-0.0405295
2.80411
-0.102051
4.34661
-0.193829
5.72698
-0.304749
7.62232
-0.424274
10.0262
-0.534739
13.0567
-0.618166
16.7895
-0.654767
20.6384
-0.607335
24.6347
-0.431148
28.415
-0.179212
25.4539
0.0466194
17.1822
0.244834
10.9035
0.324389
6.4646
0.354041
3.52334
0.309616
1.76654
0.222454
0.920831
0.142036
0.537031
0.0670516
0.106311
-0.403699
0.00873377
2.79537
-0.103326
4.45867
-0.202384
5.82604
-0.234213
7.65415
-0.270669
10.0626
-0.322041
13.108
-0.36569
16.8331
-0.366731
20.6395
-0.289223
24.5572
-0.0987909
28.2246
0.115754
25.2393
0.298843
16.9991
0.405912
10.7964
0.452939
6.41757
0.439121
3.53716
0.362443
1.84321
0.265091
1.01818
0.169511
0.632611
0.0723824
0.203439
-0.331316
0.0144535
2.78092
-0.0294184
4.50254
-0.0547852
5.85141
-0.0919934
7.69136
-0.14336
10.114
-0.176692
13.1414
-0.190589
16.847
-0.163366
20.6122
-0.0698471
24.4637
0.0999568
28.0548
0.301614
25.0377
0.434348
16.8664
0.509327
10.7214
0.505924
6.42098
0.478388
3.56469
0.408663
1.91294
0.291895
1.13495
0.176655
0.747851
0.0571101
0.322984
-0.274206
0.00849266
2.77243
-0.0384926
4.54953
-0.0798472
5.89276
-0.0805237
7.69204
-0.0746003
10.1081
-0.0739533
13.1407
-0.0596832
16.8328
-0.0222603
20.5748
0.0644549
24.377
0.214665
27.9046
0.394365
24.858
0.51496
16.7458
0.577733
10.6587
0.58341
6.4153
0.506189
3.64191
0.377059
2.04207
0.252296
1.25971
0.139627
0.86052
0.0464424
0.416168
-0.227764
0.048616
2.72381
0.0401906
4.55795
0.0295866
5.90337
-0.00317712
7.7248
-0.0168784
10.1218
2.89358e-05
13.1238
0.0209922
16.8118
0.0558477
20.54
0.141331
24.2915
0.284574
27.7613
0.448014
24.6945
0.560112
16.6337
0.60034
10.6184
0.567182
6.44846
0.510773
3.69832
0.405187
2.14765
0.265035
1.39987
0.135811
0.989744
0.0357298
0.51625
-0.192034
0.0358381
2.68797
0.00718
4.58661
0.0105179
5.90003
-0.00241064
7.73773
0.0091219
10.1102
0.0323576
13.1006
0.0585069
16.7856
0.101572
20.4969
0.184368
24.2087
0.321704
27.624
0.472673
24.5435
0.572056
16.5343
0.60433
10.5862
0.584807
6.46798
0.483907
3.79922
0.355482
2.27608
0.233009
1.52234
0.11781
1.10494
0.0220426
0.612017
-0.169991
0.0529762
2.635
0.0844378
4.55515
0.0686521
5.91581
0.0454986
7.76088
0.0314246
10.1243
0.049992
13.082
0.0788125
16.7568
0.12444
20.4513
0.204905
24.1282
0.33476
27.4941
0.474168
24.4041
0.559622
16.4489
0.578445
10.5673
0.54425
6.50218
0.479284
3.86419
0.356999
2.39836
0.206256
1.67308
0.082177
1.22902
0.00689477
0.687299
-0.163096
0.0452728
2.58972
0.0389494
4.56147
0.0421978
5.91257
0.0375719
7.76551
0.0411023
10.1208
0.0608092
13.0623
0.0912527
16.7264
0.136074
20.4064
0.212597
24.0517
0.331286
27.3754
0.455739
24.2797
0.523096
16.3815
0.535342
10.5551
0.510691
6.52683
0.412383
3.9625
0.294697
2.51605
0.188973
1.77881
0.077182
1.34081
0.00522722
0.759254
-0.157869
0.050821
2.5389
0.0766849
4.53561
0.0731635
5.91609
0.0666301
7.77204
0.054786
10.1326
0.0669916
13.0501
0.0968663
16.6965
0.140622
20.3627
0.211792
23.9806
0.316052
27.2712
0.420344
24.1754
0.472162
16.3297
0.479002
10.5482
0.453899
6.55193
0.394136
4.02226
0.268318
2.64187
0.123792
1.92333
0.0257797
1.43883
-0.00650245
0.791536
-0.164372
0.0386521
2.50025
0.0366018
4.53766
0.0419708
5.91072
0.0503304
7.76368
0.0588284
10.1241
0.0711561
13.0378
0.100369
16.6673
0.14215
20.3209
0.206278
23.9164
0.294336
27.1831
0.374273
24.0955
0.411942
16.292
0.410353
10.5498
0.382279
6.58
0.298715
4.10582
0.195689
2.74489
0.104839
2.01418
0.0124023
1.53126
-0.0150727
0.819011
-0.179444
0.0395082
2.46074
0.0564238
4.52075
0.0558643
5.91128
0.0592676
7.76028
0.0627127
10.1207
0.074494
13.026
0.10166
16.6401
0.140713
20.2819
0.19717
23.86
0.268701
27.1116
0.324085
24.0401
0.347594
16.2685
0.342829
10.5546
0.322224
6.60061
0.267386
4.16066
0.1585
2.85378
0.028224
2.14446
-0.0508309
1.61032
-0.0293911
0.797571
-0.208835
0.0289817
2.43176
0.0236917
4.52604
0.0286468
5.90632
0.0388531
7.75007
0.0559788
10.1036
0.0743638
13.0076
0.101333
16.6132
0.137567
20.2456
0.186498
23.811
0.242427
27.0557
0.276808
24.0057
0.28519
16.2601
0.273191
10.5666
0.239026
6.63477
0.160309
4.23938
0.0701305
2.94396
-0.00754917
2.22214
-0.0728577
1.67563
-0.0416985
0.766412
-0.250534
0.0254911
2.40627
0.0347413
4.51679
0.0361245
5.90494
0.0407659
7.74543
0.0526969
10.0916
0.0726103
12.9877
0.0993289
16.5864
0.13313
20.2118
0.175276
23.7689
0.216502
27.0144
0.233028
23.9892
0.225556
16.2676
0.206552
10.5856
0.173755
6.66757
0.111002
4.30213
0.0231898
3.03177
-0.0611709
2.3065
-0.103911
1.71837
-0.0590644
0.721565
-0.309598
0.0167444
2.38953
0.010111
4.52342
0.0148549
5.9002
0.0247016
7.73558
0.0437297
10.0726
0.066989
12.9644
0.095161
16.5583
0.128282
20.1787
0.164663
23.7325
0.192413
26.9867
0.194968
23.9866
0.172729
16.2899
0.14223
10.6161
0.0902387
6.71956
0.00428906
4.38808
-0.0638092
3.09987
-0.102009
2.3447
-0.0999435
1.7163
-0.0434728
0.665095
-0.353071
0.0123669
2.37716
0.0145303
4.52126
0.0194374
5.89529
0.0250306
7.72999
0.0389706
10.0587
0.0613281
12.9421
0.0895867
16.53
0.122739
20.1455
0.154469
23.7008
0.169819
26.9713
0.161652
23.9948
0.125553
16.326
0.08077
10.6609
0.0215492
6.77878
-0.0559956
4.46563
-0.124888
3.16876
-0.149659
2.36947
-0.0850886
1.65173
0.035677
0.544329
-0.317394
0.00565567
2.3715
-0.00125493
4.52817
0.00448709
5.88955
0.0136497
7.72083
0.031652
10.0407
0.0548078
12.9189
0.0834806
16.5013
0.115286
20.1137
0.142487
23.6736
0.150799
26.963
0.134175
24.0114
0.0842118
16.3759
0.0223226
10.7228
-0.0519307
6.85303
-0.160831
4.57453
-0.239205
3.24713
-0.223385
2.35365
-0.0319622
1.46031
0.198023
0.314344
-0.119371
0.00228244
2.36922
0.0035691
4.52688
0.00780361
5.88531
0.0138668
7.71476
0.0280613
10.0265
0.0494578
12.8975
0.0779923
16.4728
0.10894
20.0828
0.133292
23.6492
0.139957
26.9563
0.115908
24.0355
0.0495017
16.4423
-0.0297784
10.8021
-0.128627
6.95188
-0.241914
4.68781
-0.335905
3.34112
-0.362825
2.38057
-0.257181
1.35466
-0.473633
0.530797
0.642624
-1.23563
-0.00316008
2.37238
-0.00680219
4.53052
-0.00598955
5.8845
0.00602806
7.70275
0.023652
10.0088
0.0443793
12.8768
0.0718534
16.4453
0.100698
20.054
0.121943
23.628
0.126034
26.9523
0.094536
24.067
0.0104934
16.5264
-0.0816966
10.8942
-0.219954
7.09014
-0.417323
4.88518
-0.637501
3.5613
-0.733336
2.4764
-0.764279
1.38561
-1.316
1.08252
1.2088
-1.88218
-0.00602447
2.3784
-0.00109825
4.5256
0.00132207
5.88208
0.00933602
7.69473
0.0231781
9.99499
0.041209
12.8588
0.0666741
16.4199
0.0936279
20.027
0.112235
23.6094
0.113669
26.9508
0.0751209
24.1055
-0.0198991
16.6214
-0.140891
11.0152
-0.318523
7.26777
-0.539751
5.10641
-0.754242
3.77579
-0.826516
2.54868
-1.18378
1.74288
-1.71783
1.61656
1.48955
-1.99857
-0.0090981
2.3875
-0.00682221
4.52332
-0.00999771
5.88525
0.00484173
7.67989
0.0219157
9.97792
0.0388815
12.8418
0.0627454
16.396
0.0878017
20.0019
0.104272
23.5929
0.10348
26.9516
0.0586559
24.1503
-0.0474349
16.7275
-0.194693
11.1625
-0.411677
7.48476
-0.718358
5.41309
-0.987421
4.04486
-1.18892
2.75018
-1.57454
2.1285
-1.89897
1.94099
1.64933
-2.05875
-0.00857815
2.39608
-0.0030932
4.51783
-0.0010036
5.88316
0.0090015
7.66989
0.0233148
9.96361
0.0385869
12.8265
0.0606587
16.3739
0.0836421
19.979
0.0984338
23.5781
0.0950231
26.955
0.0427755
24.2026
-0.074931
16.8452
-0.24479
11.3324
-0.511213
7.75118
-0.814299
5.71618
-0.989348
4.21991
-1.2349
2.99573
-1.64193
2.53553
-1.93538
2.23444
1.8299
-2.11595
-0.00860147
2.40468
-0.00849919
4.51773
-0.00746251
5.88213
0.00695589
7.65547
0.0245373
9.94603
0.0405532
12.8105
0.0621748
16.3523
0.0834072
19.9577
0.0968035
23.5647
0.0898494
26.962
0.0294324
24.263
-0.0994584
16.9741
-0.285501
11.5184
-0.570052
8.03573
-0.885932
6.03206
-1.18161
4.51558
-1.57192
3.38604
-1.90963
2.87324
-2.12557
2.45038
1.9479
-2.24357
-0.00486616
2.40955
-0.00391342
4.51678
0.00258449
5.87563
0.0115886
7.64647
0.0271704
9.93044
0.0434839
12.7942
0.0647933
16.331
0.0845924
19.9379
0.0965376
23.5528
0.0850661
26.9735
0.0174507
24.3306
-0.120358
17.1119
-0.321506
11.7195
-0.634336
8.34856
-0.963676
6.3614
-1.2147
4.7666
-1.53265
3.70399
-1.86908
3.20966
-2.08254
2.66385
2.1307
-2.26533
-0.00348999
2.41304
-0.00700238
4.52029
-0.00360134
5.87223
0.00921621
7.63365
0.0274301
9.91223
0.0446082
12.777
0.0662667
16.3093
0.085006
19.9192
0.0955541
23.5422
0.0797825
26.9892
0.00799409
24.4024
-0.135903
17.2558
-0.343875
11.9275
-0.655131
8.65982
-0.987153
6.69342
-1.29388
5.07333
-1.67738
4.08749
-2.12642
3.6587
-2.45643
2.99386
2.39721
-2.72294
0.00305507
2.40998
0.00341626
4.51993
0.00823724
5.86741
0.0146744
7.62721
0.0287861
9.89812
0.0455083
12.7603
0.0672268
16.2876
0.085108
19.9013
0.0939642
23.5334
0.0743987
27.0088
-0.00104333
24.4778
-0.146031
17.4008
-0.355849
12.1373
-0.665064
8.96903
-1.01859
7.04694
-1.39538
5.45013
-1.74764
4.43975
-2.14166
4.05272
-2.56671
3.4189
2.58173
-2.75123
0.00356431
2.40642
0.00221013
4.52128
0.00275511
5.86686
0.0129127
7.61705
0.0291147
9.88192
0.0460209
12.7434
0.0681514
16.2655
0.0856848
19.8838
0.0927392
23.5263
0.0706489
27.0309
-0.00655043
24.555
-0.150386
17.5446
-0.362866
12.3498
-0.665356
9.27152
-0.981077
7.36266
-1.35298
5.82203
-1.86851
4.95528
-2.19843
4.38263
-2.6108
3.83128
3.2025
-3.23156
0.00917792
2.39724
0.0101072
4.52036
0.0149787
5.86199
0.0196557
7.61238
0.030573
9.871
0.0462117
12.7277
0.0675494
16.2441
0.0840763
19.8672
0.0894615
23.5209
0.0669148
27.0534
-0.00734311
24.6293
-0.143312
17.6806
-0.349835
12.5563
-0.621945
9.54363
-0.887266
7.62799
-1.20329
6.13806
-1.57139
5.32338
-1.73268
4.54392
-1.25619
3.35479
1.9463
0.00735566
2.38989
0.00812625
4.51959
0.00863631
5.86148
0.0189074
7.60211
0.0344944
9.85541
0.0510375
12.7112
0.0738123
16.2214
0.0914203
19.8496
0.0970425
23.5153
0.074674
27.0758
0.00205903
24.7019
-0.13481
17.8174
-0.345274
12.7668
-0.60461
9.80297
-0.806234
7.82961
-0.976622
6.30844
-0.980056
5.32681
-0.87514
4.439
-0.605241
3.08489
1.34106
0.0137886
2.3761
0.0163056
4.51707
0.0234354
5.85435
0.0290231
7.59652
0.0406023
9.84383
0.0572882
12.6945
0.0813363
16.1973
0.100004
19.831
0.106894
23.5084
0.0866702
27.096
0.0170422
24.7715
-0.110773
17.9453
-0.315541
12.9716
-0.542296
10.0297
-0.688814
7.97613
-0.791703
6.41133
-0.8628
5.39791
-0.861013
4.43722
-0.733314
2.9572
0.60775
0.00759232
2.36851
0.0114417
4.51322
0.0136992
5.85209
0.0272634
7.58295
0.0462883
9.82481
0.0651149
12.6757
0.0914593
16.171
0.112157
19.8103
0.121679
23.4989
0.105024
27.1127
0.0400541
24.8365
-0.071859
18.0572
-0.259455
13.1592
-0.44572
10.216
-0.588638
8.11905
-0.707616
6.53031
-0.803562
5.49385
-0.769806
4.40346
-0.3758
2.56319
0.23195
0.0183
2.35021
0.0204516
4.51107
0.029993
5.84255
0.038515
7.57443
0.053398
9.80992
0.0734204
12.6557
0.103076
16.1413
0.126886
19.7865
0.140456
23.4853
0.13024
27.1229
0.0738132
24.8929
-0.0258239
18.1568
-0.18161
13.315
-0.368123
10.4025
-0.529795
8.28072
-0.651447
6.65196
-0.682625
5.52503
-0.528402
4.24924
-0.156438
2.19123
0.0755112
0.00533789
2.34487
0.0137807
4.50262
0.0184434
5.83789
0.0367712
7.5561
0.0604567
9.78624
0.0842044
12.6319
0.11829
16.1072
0.147029
19.7577
0.166321
23.466
0.165089
27.1241
0.120584
24.9374
0.0335897
18.2438
-0.110958
13.4595
-0.297176
10.5887
-0.435077
8.41862
-0.516137
6.73302
-0.50093
5.50983
-0.376378
4.12468
-0.144398
1.95925
-0.0688865
0.0257658
2.3191
0.0264734
4.50192
0.0381938
5.82617
0.0510407
7.54326
0.0711016
9.76618
0.09682
12.6062
0.13612
16.0679
0.171086
19.7228
0.197802
23.4393
0.208748
27.1132
0.182665
24.9635
0.113755
18.3127
-0.0360904
13.6093
-0.206218
10.7588
-0.315051
8.52745
-0.360743
6.77871
-0.350831
5.49991
-0.261016
4.03487
-0.0657925
1.76402
-0.134679
0.00423773
2.31486
0.0204102
4.48574
0.0295331
5.81705
0.0530868
7.5197
0.082836
9.73643
0.114552
12.5745
0.160468
16.022
0.2037
19.6795
0.23958
23.4034
0.263855
27.0889
0.259576
24.9678
0.199093
18.3732
0.0490547
13.7594
-0.092839
10.9007
-0.17742
8.61203
-0.2099
6.81119
-0.199087
5.4891
-0.123312
3.95909
0.0219801
1.61873
-0.112699
0.0385514
2.27631
0.0397723
4.48452
0.0556235
5.8012
0.0750746
7.50025
0.10286
9.70864
0.137325
12.54
0.190227
15.9691
0.242691
19.6271
0.289396
23.3567
0.327925
27.0504
0.343708
24.952
0.290837
18.4261
0.147537
13.9027
0.0147536
11.0335
-0.0389192
8.66571
-0.0626974
6.83497
-0.0639587
5.49036
-0.0221962
3.91733
0.0571928
1.53934
-0.0555062
0.0121129
2.2642
0.0387343
4.4579
0.0546303
5.7853
0.0846365
7.47025
0.125297
9.66798
0.1679
12.4974
0.230217
15.9068
0.294124
19.5632
0.353048
23.2978
0.406328
26.9971
0.438459
24.9199
0.392049
18.4725
0.262864
14.0319
0.145213
11.1512
0.0801131
8.73081
0.0635057
6.85158
0.0565365
5.49733
0.0726736
3.9012
0.078743
1.53327
0.0232368
0.0577296
2.20647
0.0670269
4.4486
0.09486
5.75747
0.123069
7.44204
0.164071
9.62698
0.210301
12.4512
0.281059
15.836
0.356548
19.4877
0.428415
23.2259
0.496236
26.9293
0.544629
24.8715
0.506793
18.5103
0.384524
14.1541
0.270141
11.2656
0.199137
8.80181
0.154845
6.89587
0.144942
5.50723
0.142353
3.90378
0.0877122
1.58791
0.110949
0.0336351
2.17283
0.0775258
4.40471
0.10522
5.72977
0.147207
7.40005
0.207008
9.56718
0.264975
12.3932
0.347715
15.7533
0.436717
19.3987
0.522956
23.1397
0.604639
26.8476
0.665924
24.8102
0.628367
18.5479
0.502913
14.2796
0.389757
11.3787
0.310888
8.88068
0.263385
6.94337
0.253252
5.51737
0.234291
3.92275
0.0971893
1.72501
0.208138
0.0925556
2.08028
0.126424
4.37085
0.173065
5.68313
0.22276
7.35035
0.280387
9.50955
0.345047
12.3286
0.436735
15.6616
0.537836
19.2976
0.637632
23.0399
0.729504
26.7557
0.801675
24.738
0.760599
18.5889
0.630344
14.4098
0.51758
11.4915
0.44487
8.95339
0.406383
6.98186
0.385034
5.53872
0.322712
3.98507
0.127494
1.92023
0.335632
0.0664751
2.0138
0.149805
4.28752
0.207216
5.62572
0.280893
7.27668
0.360605
9.42984
0.444754
12.2444
0.551012
15.5554
0.666097
19.1825
0.780192
22.9258
0.882242
26.6537
0.957023
24.6633
0.900792
18.6452
0.766302
14.5443
0.655134
11.6026
0.576687
9.03184
0.518613
7.03993
0.475322
5.58201
0.393294
4.0671
0.17918
2.13434
0.514812
0.162775
1.85103
0.251893
4.1984
0.335104
5.54251
0.415318
7.19646
0.497475
9.34768
0.589205
12.1527
0.705293
15.4393
0.831855
19.0559
0.956766
22.8009
1.06317
26.5473
1.13317
24.5932
1.06072
18.7176
0.914896
14.6902
0.784875
11.7327
0.676533
9.14018
0.593117
7.12335
0.53164
5.64348
0.439161
4.15958
0.217728
2.35578
0.73254
0.216506
1.63452
0.364943
4.04996
0.452532
5.45492
0.547899
7.1011
0.656018
9.23956
0.767553
12.0411
0.901818
15.305
1.04208
18.9157
1.17833
22.6646
1.29057
26.435
1.34243
24.5414
1.23068
18.8294
1.05067
14.8702
0.886358
11.897
0.74703
9.27951
0.641945
7.22844
0.561228
5.7242
0.452919
4.26788
0.226227
2.58247
0.958768
0.351365
1.28316
0.56551
3.83582
0.69607
5.32436
0.797834
6.99933
0.903255
9.13414
1.02112
11.9233
1.16333
15.1628
1.31411
18.7649
1.45991
22.5188
1.56855
26.3264
1.58364
24.5263
1.42353
18.9895
1.20825
15.0854
1.01611
12.0891
0.853174
9.44244
0.723318
7.35829
0.613632
5.83389
0.47616
4.40536
0.233498
2.82513
1.19227
0.669852
0.613306
0.91648
3.58919
0.983867
5.25698
1.07805
6.90515
1.20549
9.0067
1.33969
11.7891
1.49677
15.0057
1.66384
18.5978
1.82165
22.361
1.92573
26.2223
1.89491
24.5571
1.69465
19.1898
1.45451
15.3256
1.22576
12.3179
1.00212
9.66608
0.803856
7.55656
0.63595
6.00179
0.460321
4.58099
0.219731
3.06572
1.412
0.623721
-0.0104152
1.30287
2.91004
1.51519
5.04466
1.58565
6.8347
1.656
8.93635
1.77356
11.6715
1.93506
14.8442
2.11413
18.4187
2.28322
22.192
2.38505
26.1205
2.32326
24.6189
2.10022
19.4128
1.83929
15.5865
1.56373
12.5934
1.2626
9.96721
0.98721
7.83195
0.750871
6.23813
0.518318
4.81354
0.238068
3.34597
1.65007
0.483894
-0.494309
1.63002
1.76391
2.01471
4.65996
2.09486
6.75455
2.17655
8.85466
2.31345
11.5346
2.49466
14.663
2.70218
18.2112
2.90213
21.992
3.03457
25.988
2.96926
24.6842
2.72423
19.6578
2.40859
15.9022
2.07749
12.9245
1.72568
10.319
1.36305
8.19458
1.00494
6.59624
0.65793
5.16055
0.296433
3.70747
1.9465
0.354855
-0.849163
1.739
0.379769
2.24157
4.15738
2.26574
6.73038
2.24932
8.87108
2.28958
11.4944
2.34408
14.6085
2.40739
18.1479
2.45568
21.9437
2.43651
26.0072
2.26914
24.8516
2.01229
19.9147
1.73106
16.1834
1.43784
13.2177
1.1559
10.601
0.914263
8.43621
0.694987
6.81552
0.469935
5.3856
0.218078
3.95932
2.16458
0.343071
-1.19223
1.02335
-0.300506
1.52698
3.65375
1.63902
6.61834
1.58431
8.92579
1.56363
11.515
1.61581
14.5563
1.7097
18.054
1.79149
21.8619
1.82587
25.9728
1.72232
24.9551
1.52716
20.1098
1.31733
16.3932
1.10596
13.4291
0.879167
10.8278
0.668701
8.64668
0.486528
6.99769
0.312795
5.55933
0.137931
4.13419
2.30251
0.350278
-1.54251
0.0636134
-0.0138415
0.287391
3.42997
0.481872
6.42386
0.588587
8.81908
0.709952
11.3937
0.857682
14.4086
1.03056
17.8811
1.1789
21.7136
1.28546
25.8663
1.25093
24.9897
1.12367
20.2371
0.97117
16.5457
0.812091
13.5882
0.641667
10.9982
0.482972
8.80537
0.346215
7.13445
0.218932
5.68662
0.0894234
4.2637
2.39193
-0.156057
-1.38646
-0.748927
0.579028
-0.98212
3.66316
-0.781779
6.22352
-0.467864
8.50516
-0.156163
11.082
0.1152
14.1372
0.375286
17.621
0.607556
21.4813
0.796582
25.6772
0.840074
24.9462
0.781526
20.2957
0.686352
16.6409
0.578663
13.6959
0.458549
11.1183
0.343089
8.92083
0.241403
7.23614
0.143729
5.78429
0.0473393
4.36009
2.43927
-0.462247
-0.924209
-0.995421
1.1122
-1.26198
3.92973
-1.23729
6.19883
-1.07773
8.3456
-0.810999
10.8152
-0.492335
13.8186
-0.165837
17.2945
0.117566
21.1979
0.37987
25.4149
0.495694
24.8303
0.501706
20.2896
0.457893
16.6847
0.393712
13.7601
0.31108
11.2009
0.228166
9.00375
0.153195
7.31111
0.0787913
5.85869
0.0100521
4.42883
2.44932
-0.478561
-0.445647
-0.964608
1.59825
-1.16083
4.12594
-1.24373
6.28173
-1.23504
8.33691
-1.10277
10.683
-0.860894
13.5767
-0.561249
16.9949
-0.245363
20.882
0.0611152
25.1085
0.226998
24.6645
0.279993
20.2366
0.274807
16.6899
0.241213
13.7937
0.188595
11.2535
0.131014
9.06133
0.075204
7.36691
0.0211057
5.91279
-0.0220434
4.47197
2.42728
-0.435584
-0.0100628
-0.816546
1.97921
-1.01578
4.32517
-1.10351
6.36947
-1.15115
8.38455
-1.13801
10.6698
-1.00646
13.4451
-0.775996
16.7644
-0.481526
20.5876
-0.159088
24.786
0.0351368
24.4702
0.107733
20.164
0.13084
16.6668
0.117627
13.8069
0.0896765
11.2815
0.0500634
9.10094
0.0102429
7.40674
-0.0283185
5.95135
-0.0534164
4.49707
2.37386
-0.346494
0.336431
-0.6717
2.30442
-0.865621
4.51909
-0.957426
6.46127
-1.00812
8.43524
-1.02123
10.6829
-0.982444
13.4064
-0.838168
16.6202
-0.592337
20.3417
-0.298703
24.4924
-0.108133
24.2797
-0.0232809
20.0792
0.0121471
16.6314
0.0250496
13.794
0.0068241
11.2997
-0.0215825
9.12935
-0.0512366
7.43639
-0.0774499
5.97757
-0.0779663
4.49759
2.2959
-0.285379
0.62181
-0.562613
2.58165
-0.738661
4.69514
-0.841728
6.56434
-0.89782
8.49133
-0.90764
10.6928
-0.871546
13.3703
-0.784193
16.5328
-0.605537
20.1631
-0.367094
24.254
-0.20077
24.1133
-0.111209
19.9896
-0.0675054
16.5877
-0.0467109
13.7732
-0.0535841
11.3066
-0.0734413
9.1492
-0.0911951
7.45414
-0.103096
5.98947
-0.0830317
4.47752
2.21286
-0.209984
0.831794
-0.440286
2.81195
-0.606135
4.86099
-0.7219
6.68011
-0.793811
8.56324
-0.818897
10.7178
-0.784488
13.3359
-0.698773
16.4471
-0.558887
20.0232
-0.378531
24.0736
-0.242203
23.977
-0.161986
19.9094
-0.11805
16.5437
-0.098103
13.7532
-0.0935794
11.3021
-0.106423
9.16205
-0.115089
7.46281
-0.115281
5.98966
-0.0840986
4.44634
2.12877
-0.148683
0.980477
-0.331729
2.995
-0.481044
5.01031
-0.60199
6.80105
-0.689529
8.65078
-0.734142
10.7625
-0.710598
13.3123
-0.628673
16.3652
-0.500433
19.8949
-0.356273
23.9294
-0.249446
23.8702
-0.184642
19.8446
-0.145861
16.5049
-0.125042
13.7324
-0.120178
11.2972
-0.121389
9.16326
-0.120775
7.4622
-0.113597
5.98248
-0.0821087
4.41485
2.04666
-0.101886
1.08236
-0.244901
3.13801
-0.373205
5.13861
-0.488342
6.91619
-0.582059
8.7445
-0.638246
10.8186
-0.633656
13.3077
-0.566751
16.2983
-0.450903
19.7791
-0.328205
23.8067
-0.24196
23.7839
-0.189351
19.792
-0.154949
16.4705
-0.134526
13.712
-0.124027
11.2867
-0.121379
9.16061
-0.115739
7.45656
-0.106711
5.97345
-0.0762737
4.38442
1.97038
-0.0672056
1.14957
-0.178057
3.24887
-0.284923
5.24548
-0.388134
7.0194
-0.478092
8.83445
-0.543447
10.884
-0.556237
13.3205
-0.505685
16.2477
-0.40724
19.6807
-0.304245
23.7037
-0.230083
23.7098
-0.183719
19.7456
-0.151583
16.4384
-0.129083
13.6895
-0.116238
11.2739
-0.114609
9.15898
-0.108958
7.4509
-0.0998881
5.96439
-0.0700954
4.35462
1.90029
-0.0399043
1.18947
-0.1223
3.33126
-0.209186
5.33236
-0.299305
7.10952
-0.383823
8.91897
-0.450859
10.951
-0.476936
13.3466
-0.446374
16.2171
-0.369876
19.6042
-0.283975
23.6178
-0.216272
23.6421
-0.170949
19.7003
-0.137468
16.4049
-0.114058
13.6661
-0.105331
11.2651
-0.103375
9.15702
-0.0987006
7.44623
-0.0913066
5.95699
-0.0645027
4.32782
1.83579
-0.0225559
1.21203
-0.0859366
3.39464
-0.156881
5.40331
-0.232424
7.18506
-0.303283
8.98983
-0.362466
11.0102
-0.392034
13.3762
-0.379166
16.2043
-0.3322
19.5572
-0.264243
23.5499
-0.200399
23.5782
-0.15412
19.654
-0.121601
16.3724
-0.0980304
13.6425
-0.0905534
11.2577
-0.0912497
9.15772
-0.0877058
7.44269
-0.0828331
5.95212
-0.0602382
4.30522
1.77555
-0.015046
1.22707
-0.0656252
3.44522
-0.123393
5.46107
-0.187389
7.24906
-0.245863
9.0483
-0.292927
11.0573
-0.317917
13.4012
-0.313633
16.2
-0.28897
19.5325
-0.240395
23.5013
-0.18195
23.5198
-0.138018
19.6101
-0.106216
16.3406
-0.0829586
13.6192
-0.0754485
11.2501
-0.0806842
9.16296
-0.0803152
7.44232
-0.0784594
5.95026
-0.0576224
4.28439
1.71792
-0.0157685
1.24284
-0.0616728
3.49113
-0.11006
5.50946
-0.162196
7.30119
-0.210273
9.09638
-0.245342
11.0924
-0.261238
13.417
-0.255379
16.1941
-0.238373
19.5155
-0.204421
23.4674
-0.158785
23.4741
-0.120415
19.5717
-0.0902108
16.3104
-0.068208
13.5972
-0.0594134
11.2414
-0.0685079
9.17205
-0.0738005
7.44761
-0.0766231
5.95309
-0.0575666
4.26533
1.66036
-0.0187544
1.2616
-0.0626043
3.53498
-0.104367
5.55122
-0.145802
7.34263
-0.185574
9.13615
-0.213562
11.1203
-0.220394
13.4239
-0.211362
16.1851
-0.193071
19.4972
-0.166302
23.4406
-0.134802
23.4426
-0.104591
19.5415
-0.0770946
16.2829
-0.0554494
13.5756
-0.0459035
11.2318
-0.0560924
9.18224
-0.0647011
7.45622
-0.0709183
5.9593
-0.0548077
4.24922
1.60555
-0.0227007
1.2843
-0.0666865
3.57896
-0.104332
5.58887
-0.137792
7.37609
-0.167516
9.16588
-0.188716
11.1415
-0.191142
13.4263
-0.180428
16.1744
-0.159576
19.4764
-0.133105
23.4141
-0.108309
23.4178
-0.0836035
19.5168
-0.0602695
16.2596
-0.0398122
13.5551
-0.030185
11.2222
-0.038181
9.19024
-0.0494051
7.46744
-0.0607784
5.97068
-0.0486531
4.2371
1.5569
-0.0235026
1.3078
-0.0662659
3.62172
-0.100302
5.62291
-0.127508
7.4033
-0.150406
9.18877
-0.166399
11.1575
-0.167394
13.4273
-0.156925
16.1639
-0.13656
19.456
-0.111887
23.3894
-0.0879795
23.3939
-0.0660409
19.4949
-0.0449211
16.2384
-0.0255262
13.5357
-0.0157826
11.2124
-0.0237197
9.19817
-0.0361594
7.47988
-0.0479463
5.98246
-0.0393368
4.22849
1.51756
-0.0222531
1.33005
-0.0632716
3.66274
-0.0948888
5.65452
-0.118035
7.42644
-0.135091
9.20583
-0.146756
11.1692
-0.147724
13.4283
-0.139016
16.1552
-0.120132
19.4371
-0.0938069
23.3631
-0.0691277
23.3693
-0.0467918
19.4725
-0.0272676
16.2189
-0.00788091
13.5164
0.00161435
11.2029
-0.00438901
9.20418
-0.0193143
7.49481
-0.0355614
5.99871
-0.0305982
4.22352
1.48696
-0.0179953
1.34805
-0.0559177
3.70067
-0.0847693
5.68338
-0.104433
7.44611
-0.118428
9.21982
-0.128025
11.1788
-0.128322
13.4286
-0.122831
16.1497
-0.108607
19.4229
-0.0848162
23.3393
-0.0583503
23.3428
-0.03506
19.4493
-0.0140253
16.1979
0.00435742
13.498
0.0152259
11.1921
0.00992473
9.20948
-0.00547895
7.51021
-0.0227111
6.01594
-0.0214005
4.22221
1.46556
-0.0134154
1.36146
-0.0497117
3.73696
-0.0783563
5.71202
-0.0967691
7.46452
-0.10793
9.23099
-0.113634
11.1845
-0.11431
13.4292
-0.1089
16.1443
-0.0956541
19.4097
-0.0737437
23.3174
-0.0495314
23.3186
-0.0240188
19.4237
-0.00264123
16.1765
0.0159966
13.4793
0.0283972
11.1797
0.0241598
9.21372
0.00639847
7.52797
-0.0135551
6.0359
-0.0147474
4.2234
1.45081
-0.0115437
1.37301
-0.0466287
3.77205
-0.0742617
5.73965
-0.0904681
7.48072
-0.0988803
9.2394
-0.102914
11.1885
-0.100483
13.4268
-0.0927823
16.1366
-0.0822472
19.3991
-0.0645369
23.2997
-0.0422775
23.2963
-0.0194413
19.4009
0.00273973
16.1543
0.0188229
13.4632
0.0309812
11.1675
0.0266345
9.21806
0.00936498
7.54524
-0.00982994
6.05509
-0.0111728
4.22475
1.43964
-0.00952847
1.38254
-0.0460647
3.80858
-0.0747786
5.76837
-0.090398
7.49634
-0.0967959
9.2458
-0.0983163
11.1901
-0.092632
13.4211
-0.0835366
16.1275
-0.0713527
19.3869
-0.0537159
23.2821
-0.035449
23.2781
-0.0144666
19.3799
0.00460954
16.1352
0.0201027
13.4478
0.0312878
11.1563
0.0281869
9.22116
0.00954249
7.56389
-0.00978098
6.07441
-0.00945148
4.22442
1.43019
-0.0123353
-0.0440968
-0.0689824
-0.0832165
-0.0906027
-0.0889464
-0.0838631
-0.0767009
-0.0612447
-0.0449473
-0.0309129
-0.0114578
0.00309212
0.0163616
0.024636
0.021099
0.00699787
-0.00868988
-0.00765927
-0.303666
-2.9279
-0.958374
-2.09652
-1.09675
-2.58456
-1.0588
-2.30328
-1.05032
-2.25206
-0.954151
-2.21211
-0.817608
-2.19529
-0.597567
-2.21862
-0.341815
-2.13793
-1.57744
-0.623753
-2.30414
-0.455422
-2.26485
-0.596112
-2.44387
-0.574638
-2.32476
-0.534155
-2.29254
-0.466382
-2.27989
-0.358878
-2.3028
-0.225739
-2.35176
-0.0718619
-2.29181
-1.64931
-0.446842
-1.8573
-0.419633
-2.29206
-0.450483
-2.41302
-0.410748
-2.36449
-0.352751
-2.35054
-0.279204
-2.35343
-0.204284
-2.37772
-0.133188
-2.42285
-0.0573753
-2.36762
-1.70668
-0.115886
-1.74141
-0.149974
-2.25797
-0.180436
-2.38256
-0.17973
-2.3652
-0.164906
-2.36536
-0.137385
-2.38095
-0.105854
-2.40925
-0.079414
-2.44929
-0.0609004
-2.38613
-1.76758
-0.12312
-1.61829
-0.132122
-2.24897
-0.141472
-2.37321
-0.126487
-2.38018
-0.100233
-2.39162
-0.0780178
-2.40317
-0.064356
-2.42291
-0.0627187
-2.45093
-0.0508387
-2.39801
-1.81842
-0.0096212
-1.60867
-0.00862102
-2.24997
-0.0165895
-2.36524
-0.0225908
-2.37418
-0.0277457
-2.38646
-0.0306635
-2.40025
-0.035392
-2.41818
-0.044199
-2.44212
-0.046663
-2.39555
-1.86508
0.00989926
-1.61857
0.00400153
-2.24407
-0.000670389
-2.36057
-0.00567646
-2.36918
-0.0109751
-2.38116
-0.0171028
-2.39412
-0.0247679
-2.41052
-0.0371784
-2.42971
-0.0377434
-2.39499
-1.90283
0.0482758
-1.66685
0.0642242
-2.26002
0.0480802
-2.34443
0.0380488
-2.35914
0.0231029
-2.36622
0.00645817
-2.37748
-0.011992
-2.39207
-0.0305373
-2.41117
-0.0396699
-2.38585
-1.9425
0.0564858
-1.72333
0.0594217
-2.26296
0.04432
-2.32933
0.0312439
-2.34607
0.0182133
-2.35319
0.00452869
-2.3638
-0.00882749
-2.37871
-0.0260468
-2.39395
-0.0347616
-2.37714
-1.97726
0.0690588
-1.79239
0.0790767
-2.27297
0.0705528
-2.3208
0.0548378
-2.33035
0.0393911
-2.33774
0.0224089
-2.34681
0.00098716
-2.35729
-0.0214657
-2.37149
-0.038667
-2.35994
-2.01592
0.0716453
-1.86404
0.0689763
-2.27031
0.0546983
-2.30652
0.0408221
-2.31648
0.026953
-2.32387
0.0133778
-2.33324
-0.001893
-2.34202
-0.0207386
-2.35265
-0.0345732
-2.3461
-2.0505
0.0748014
-1.93884
0.0800385
-2.27554
0.0734042
-2.29989
0.0590269
-2.3021
0.0413432
-2.30619
0.0207675
-2.31266
-0.000579646
-2.32067
-0.021852
-2.33138
-0.0395612
-2.32839
-2.09006
0.0754827
-2.01432
0.0715223
-2.27158
0.0580023
-2.28637
0.0438919
-2.28799
0.0279491
-2.29025
0.0107552
-2.29547
-0.00564715
-2.30427
-0.0248279
-2.3122
-0.0385122
-2.31471
-2.12857
0.0841503
-2.09847
0.0881047
-2.27554
0.077944
-2.27621
0.0611864
-2.27123
0.0412135
-2.27027
0.0190422
-2.2733
-0.00554649
-2.27968
-0.0294486
-2.28829
-0.0480401
-2.29612
-2.17661
0.0871179
-2.18559
0.0739435
-2.26236
0.0553612
-2.25763
0.0404458
-2.25632
0.0276455
-2.25747
0.0136589
-2.25931
-0.0037958
-2.26222
-0.0252328
-2.26686
-0.0468794
-2.27447
-2.22349
0.064983
0.053192
0.0461372
0.0403929
0.033493
0.024754
0.0131016
-0.00318227
-0.0270813
)
;

boundaryField
{
    wall-4
    {
        type            calculated;
        value           uniform 0;
    }
    pressure-outlet-7
    {
        type            calculated;
        value           nonuniform List<scalar> 
20
(
1.39487
3.84034
5.79325
7.51058
9.25318
11.1884
13.416
16.1203
19.3715
23.2658
23.264
19.3605
16.1207
13.4345
11.1481
9.2247
7.57799
6.0901
4.22339
1.42253
)
;
    }
    velocity-inlet-6
    {
        type            calculated;
        value           nonuniform List<scalar> 10(-2.25057 -2.25057 -2.25057 -2.25057 -2.25057 -2.25057 -2.25057 -2.25057 -2.25057 -2.25057);
    }
    velocity-inlet-5
    {
        type            calculated;
        value           nonuniform List<scalar> 
20
(
-0.220513
-0.828653
-1.76714
-3.16517
-5.1846
-8.01436
-11.8471
-16.8197
-22.8818
-29.5284
-29.5284
-22.8818
-16.8197
-11.8471
-8.01436
-5.1846
-3.16517
-1.76714
-0.828653
-0.220513
)
;
    }
    frontAndBackPlanes
    {
        type            empty;
    }
}


// ************************************************************************* //
