/*--------------------------------*- C++ -*----------------------------------*\
| =========                 |                                                 |
| \\      /  F ield         | OpenFOAM: The Open Source CFD Toolbox           |
|  \\    /   O peration     | Version:  2412                                  |
|   \\  /    A nd           | Website:  www.openfoam.com                      |
|    \\/     M anipulation  |                                                 |
\*---------------------------------------------------------------------------*/
FoamFile
{
    version     2.0;
    format      ascii;
    arch        "LSB;label=32;scalar=64";
    class       volVectorField;
    location    "9";
    object      U;
}
// * * * * * * * * * * * * * * * * * * * * * * * * * * * * * * * * * * * * * //

dimensions      [0 1 -1 0 0 0 0];

internalField   nonuniform List<vector> 
2200
(
(0.381227 0.0003873 0)
(1.19498 0.00151922 0)
(2.12309 0.00251065 0)
(3.16914 0.00358268 0)
(4.32447 0.00479118 0)
(5.57034 0.00615565 0)
(6.86185 0.0073208 0)
(8.11813 0.00842634 0)
(9.20482 0.00841332 0)
(9.90033 0.00950168 0)
(9.9014 0.00916658 0)
(9.20655 0.00966889 0)
(8.12076 0.00885926 0)
(6.86575 0.00782395 0)
(5.57348 0.00622414 0)
(4.32607 0.00484963 0)
(3.16779 0.0037483 0)
(2.12191 0.00279898 0)
(1.19283 0.00184069 0)
(0.377574 0.00102995 0)
(0.386063 0.000935622 0)
(1.19984 0.00320196 0)
(2.12802 0.00629401 0)
(3.17322 0.00985652 0)
(4.33173 0.0135158 0)
(5.5784 0.0169948 0)
(6.87031 0.0208075 0)
(8.12709 0.0243408 0)
(9.2115 0.0291042 0)
(9.90181 0.0300279 0)
(9.8997 0.0296844 0)
(9.20492 0.0262161 0)
(8.11874 0.0234662 0)
(6.85774 0.0200552 0)
(5.56514 0.0178612 0)
(4.31817 0.0140045 0)
(3.16294 0.0106694 0)
(2.1155 0.00761392 0)
(1.18356 0.00443303 0)
(0.370733 0.0012058 0)
(0.396435 0.00174595 0)
(1.21132 0.00511926 0)
(2.13929 0.0101531 0)
(3.18429 0.0161576 0)
(4.33821 0.0228396 0)
(5.58268 0.0291899 0)
(6.87218 0.0349132 0)
(8.12583 0.0407406 0)
(9.21209 0.0451505 0)
(9.89987 0.0476278 0)
(9.89933 0.0465094 0)
(9.20109 0.0450401 0)
(8.11109 0.0407959 0)
(6.85452 0.0356769 0)
(5.55958 0.0279687 0)
(4.31103 0.0226023 0)
(3.14953 0.0167864 0)
(2.10097 0.0107006 0)
(1.16995 0.00544799 0)
(0.361303 0.000810767 0)
(0.409854 0.00259048 0)
(1.22697 0.00746828 0)
(2.15597 0.0151959 0)
(3.20065 0.0225247 0)
(4.35684 0.0314087 0)
(5.60018 0.0402255 0)
(6.88837 0.0482241 0)
(8.14049 0.0562681 0)
(9.22386 0.0648779 0)
(9.90149 0.0685198 0)
(9.89584 0.0670654 0)
(9.19412 0.0615318 0)
(8.10332 0.0544182 0)
(6.83811 0.0456023 0)
(5.54211 0.039178 0)
(4.29262 0.0297493 0)
(3.13521 0.0205477 0)
(2.0859 0.0131854 0)
(1.15397 0.00631402 0)
(0.349942 0.000750366 0)
(0.431177 0.00334321 0)
(1.25229 0.00965329 0)
(2.17793 0.019055 0)
(3.21988 0.0291951 0)
(4.37148 0.0396894 0)
(5.61211 0.0509146 0)
(6.89666 0.0620235 0)
(8.14473 0.0719686 0)
(9.22878 0.0812687 0)
(9.89932 0.0851552 0)
(9.89352 0.0837794 0)
(9.18782 0.079303 0)
(8.09064 0.0711107 0)
(6.82899 0.0614654 0)
(5.53047 0.0472757 0)
(4.27776 0.0356596 0)
(3.11439 0.0255714 0)
(2.06435 0.0156018 0)
(1.13211 0.00726947 0)
(0.337095 0.000615733 0)
(0.456988 0.00418069 0)
(1.28366 0.0118701 0)
(2.21149 0.0252605 0)
(3.25244 0.0373658 0)
(4.40518 0.0505676 0)
(5.64173 0.0629064 0)
(6.92182 0.0755851 0)
(8.16547 0.0884537 0)
(9.24522 0.100715 0)
(9.90098 0.107216 0)
(9.8896 0.103888 0)
(9.17677 0.0966151 0)
(8.07769 0.0841965 0)
(6.8057 0.069065 0)
(5.50422 0.0576792 0)
(4.25214 0.0434551 0)
(3.0899 0.0300059 0)
(2.0363 0.018091 0)
(1.10693 0.00851381 0)
(0.323129 0.00124889 0)
(0.4881 0.00410812 0)
(1.32185 0.0137632 0)
(2.24643 0.0270757 0)
(3.28542 0.0419981 0)
(4.42649 0.0580267 0)
(5.66027 0.0740634 0)
(6.93637 0.089494 0)
(8.17536 0.103606 0)
(9.2557 0.118681 0)
(9.89987 0.123905 0)
(9.88531 0.121732 0)
(9.1679 0.112749 0)
(8.06102 0.100574 0)
(6.79183 0.086264 0)
(5.48733 0.0653931 0)
(4.22799 0.0493286 0)
(3.06002 0.0347352 0)
(2.00707 0.021537 0)
(1.07596 0.0104142 0)
(0.303773 0.0025904 0)
(0.517083 0.00286358 0)
(1.35153 0.014333 0)
(2.27714 0.0289802 0)
(3.31714 0.0458608 0)
(4.47113 0.0654463 0)
(5.70152 0.0863044 0)
(6.97201 0.105015 0)
(8.20358 0.122738 0)
(9.27636 0.138831 0)
(9.9019 0.147336 0)
(9.88176 0.141652 0)
(9.1537 0.132218 0)
(8.04195 0.11405 0)
(6.76039 0.0926679 0)
(5.45187 0.0767746 0)
(4.19464 0.056976 0)
(3.02907 0.0407308 0)
(1.97153 0.0265835 0)
(1.03826 0.0116618 0)
(0.27783 0.00413233 0)
(0.552447 0.00227313 0)
(1.41131 0.0159342 0)
(2.33722 0.0311146 0)
(3.36824 0.0517367 0)
(4.50003 0.0754841 0)
(5.72668 0.0960575 0)
(6.99272 0.117717 0)
(8.21973 0.138203 0)
(9.29309 0.15896 0)
(9.90197 0.165683 0)
(9.87489 0.161834 0)
(9.14079 0.147864 0)
(8.02112 0.13101 0)
(6.74138 0.111959 0)
(5.42803 0.084791 0)
(4.15959 0.0648202 0)
(2.9836 0.0469021 0)
(1.92665 0.0303244 0)
(0.996455 0.0126612 0)
(0.246848 0.00545192 0)
(0.580281 0.0031579 0)
(1.45037 0.0196584 0)
(2.37865 0.0348475 0)
(3.41523 0.0585047 0)
(4.55938 0.0824788 0)
(5.7789 0.111111 0)
(7.03747 0.135991 0)
(8.2561 0.159344 0)
(9.31781 0.181408 0)
(9.90504 0.191444 0)
(9.87155 0.182989 0)
(9.12331 0.170006 0)
(7.99397 0.146712 0)
(6.69772 0.119363 0)
(5.37906 0.0977166 0)
(4.11546 0.0718029 0)
(2.94725 0.0495655 0)
(1.88987 0.03074 0)
(0.959322 0.0121749 0)
(0.213336 0.00591067 0)
(0.635339 0.00423228 0)
(1.53198 0.0253782 0)
(2.45529 0.045222 0)
(3.47256 0.0680299 0)
(4.59567 0.0961592 0)
(5.81192 0.121223 0)
(7.06572 0.149808 0)
(8.27796 0.177554 0)
(9.33847 0.204279 0)
(9.90488 0.213305 0)
(9.86108 0.207204 0)
(9.10237 0.18878 0)
(7.96313 0.165459 0)
(6.66977 0.14033 0)
(5.3458 0.106648 0)
(4.07037 0.0788741 0)
(2.89167 0.0522074 0)
(1.83715 0.0287951 0)
(0.921669 0.00934438 0)
(0.180673 0.00561471 0)
(0.677428 0.00645051 0)
(1.58664 0.0303404 0)
(2.50445 0.053249 0)
(3.53441 0.0798356 0)
(4.66394 0.104868 0)
(5.86951 0.138943 0)
(7.11293 0.17051 0)
(8.31926 0.201472 0)
(9.36463 0.230259 0)
(9.90719 0.242415 0)
(9.85532 0.232362 0)
(9.07953 0.215223 0)
(7.92713 0.186449 0)
(6.61106 0.150467 0)
(5.27758 0.119441 0)
(4.00625 0.0860644 0)
(2.83316 0.0538509 0)
(1.77966 0.0249265 0)
(0.891568 0.00721028 0)
(0.15485 0.00490218 0)
(0.765811 0.00783133 0)
(1.70361 0.0364264 0)
(2.58621 0.0683495 0)
(3.58906 0.0914948 0)
(4.70623 0.120723 0)
(5.91254 0.152128 0)
(7.15157 0.190019 0)
(8.3467 0.224565 0)
(9.38648 0.256956 0)
(9.90417 0.268725 0)
(9.83832 0.262001 0)
(9.04591 0.240582 0)
(7.87954 0.208916 0)
(6.56681 0.174612 0)
(5.23067 0.132588 0)
(3.94337 0.0949925 0)
(2.75764 0.0568919 0)
(1.70559 0.0248982 0)
(0.861757 0.00733597 0)
(0.130582 0.00467812 0)
(0.82548 0.0092045 0)
(1.77776 0.0366773 0)
(2.66201 0.0687035 0)
(3.67685 0.105726 0)
(4.79029 0.136335 0)
(5.97648 0.175468 0)
(7.20038 0.211339 0)
(8.39205 0.251158 0)
(9.41373 0.287208 0)
(9.9033 0.303282 0)
(9.82542 0.294188 0)
(9.01456 0.272994 0)
(7.8344 0.23626 0)
(6.4949 0.190174 0)
(5.14106 0.148279 0)
(3.85692 0.104149 0)
(2.6792 0.0632211 0)
(1.63476 0.0296432 0)
(0.831699 0.0113041 0)
(0.105479 0.00472502 0)
(0.934185 0.0107146 0)
(1.91851 0.0431239 0)
(2.74705 0.0847862 0)
(3.74566 0.111567 0)
(4.85421 0.154734 0)
(6.04458 0.196094 0)
(7.26067 0.243115 0)
(8.43692 0.282556 0)
(9.43958 0.321481 0)
(9.897 0.337616 0)
(9.80119 0.330466 0)
(8.96869 0.304743 0)
(7.77121 0.263382 0)
(6.43625 0.216599 0)
(5.08788 0.162439 0)
(3.79104 0.116078 0)
(2.59577 0.0753685 0)
(1.54817 0.0379018 0)
(0.784613 0.0167645 0)
(0.0688589 0.00513274 0)
(1.01145 0.00998144 0)
(2.02601 0.0417696 0)
(2.85637 0.08033 0)
(3.85771 0.131932 0)
(4.95487 0.172754 0)
(6.12505 0.224495 0)
(7.32723 0.268771 0)
(8.49483 0.319552 0)
(9.47279 0.363989 0)
(9.8964 0.382276 0)
(9.7834 0.370835 0)
(8.93166 0.34164 0)
(7.7214 0.293457 0)
(6.35922 0.234039 0)
(4.98629 0.177385 0)
(3.69135 0.127653 0)
(2.50335 0.0864792 0)
(1.46267 0.0431904 0)
(0.734055 0.0215629 0)
(0.028444 0.00580958 0)
(1.12049 0.0153578 0)
(2.15855 0.0480834 0)
(2.95482 0.0961795 0)
(3.95515 0.13106 0)
(5.05342 0.197477 0)
(6.21767 0.251485 0)
(7.40385 0.309179 0)
(8.5612 0.361853 0)
(9.50723 0.410964 0)
(9.8937 0.429711 0)
(9.75842 0.414937 0)
(8.87793 0.378319 0)
(7.64561 0.324126 0)
(6.28499 0.263305 0)
(4.91857 0.194274 0)
(3.61218 0.136422 0)
(2.41888 0.0961833 0)
(1.37105 0.0449361 0)
(0.664291 0.025656 0)
(-0.0263145 0.00626219 0)
(1.24335 0.01172 0)
(2.31104 0.0544724 0)
(3.10141 0.103791 0)
(4.1047 0.162608 0)
(5.18144 0.220082 0)
(6.32831 0.290709 0)
(7.50272 0.350289 0)
(8.63862 0.415366 0)
(9.54985 0.469324 0)
(9.89867 0.486796 0)
(9.73967 0.467049 0)
(8.83271 0.423179 0)
(7.58134 0.359497 0)
(6.18962 0.285401 0)
(4.79446 0.215344 0)
(3.48248 0.150053 0)
(2.30397 0.103056 0)
(1.27775 0.0450813 0)
(0.599817 0.0265008 0)
(-0.0807379 0.00724185 0)
(1.34829 0.0202349 0)
(2.45817 0.0580171 0)
(3.23611 0.127061 0)
(4.22845 0.173779 0)
(5.30094 0.253998 0)
(6.4361 0.321013 0)
(7.58942 0.39591 0)
(8.7257 0.470953 0)
(9.59228 0.531118 0)
(9.89971 0.550862 0)
(9.71112 0.524487 0)
(8.76522 0.472551 0)
(7.48564 0.399949 0)
(6.0883 0.323415 0)
(4.69784 0.240211 0)
(3.37906 0.164809 0)
(2.18989 0.104638 0)
(1.18571 0.0458838 0)
(0.526487 0.0291143 0)
(-0.144855 0.00790208 0)
(1.54024 0.0191359 0)
(2.67143 0.0744048 0)
(3.43068 0.138318 0)
(4.42688 0.210254 0)
(5.46337 0.290591 0)
(6.579 0.375017 0)
(7.71809 0.454156 0)
(8.82128 0.540539 0)
(9.63656 0.606664 0)
(9.90297 0.624363 0)
(9.68306 0.594631 0)
(8.70097 0.532088 0)
(7.39274 0.44738 0)
(5.96406 0.355659 0)
(4.54064 0.270525 0)
(3.21825 0.181461 0)
(2.04078 0.110891 0)
(1.09549 0.0493194 0)
(0.456575 0.0300977 0)
(-0.210058 0.0101653 0)
(1.66954 0.0266388 0)
(2.84208 0.0759992 0)
(3.5997 0.169935 0)
(4.58189 0.230254 0)
(5.62075 0.333188 0)
(6.72349 0.418508 0)
(7.83083 0.516699 0)
(8.92735 0.619075 0)
(9.67813 0.688281 0)
(9.8967 0.707204 0)
(9.63714 0.669742 0)
(8.60931 0.600474 0)
(7.27127 0.501216 0)
(5.82945 0.39811 0)
(4.41693 0.294967 0)
(3.08471 0.19868 0)
(1.88807 0.116049 0)
(1.00085 0.0544482 0)
(0.381494 0.034594 0)
(-0.284584 0.0118056 0)
(1.93964 0.0282426 0)
(3.15054 0.101908 0)
(3.87041 0.189953 0)
(4.8305 0.278145 0)
(5.82213 0.385462 0)
(6.89709 0.487503 0)
(7.98539 0.602078 0)
(9.04442 0.716921 0)
(9.71728 0.790539 0)
(9.88759 0.805518 0)
(9.58387 0.759867 0)
(8.51057 0.672724 0)
(7.14085 0.558078 0)
(5.67359 0.438934 0)
(4.23136 0.320389 0)
(2.89968 0.210025 0)
(1.70593 0.122732 0)
(0.900515 0.064572 0)
(0.286031 0.0387768 0)
(-0.373366 0.0159373 0)
(2.11757 0.0389524 0)
(3.34909 0.0996948 0)
(4.06818 0.211364 0)
(5.03545 0.314431 0)
(6.0437 0.449518 0)
(7.09563 0.572086 0)
(8.13865 0.702842 0)
(9.16872 0.833407 0)
(9.74878 0.905067 0)
(9.86566 0.915379 0)
(9.50919 0.855004 0)
(8.38244 0.755395 0)
(6.97539 0.618761 0)
(5.49166 0.47176 0)
(4.06424 0.340934 0)
(2.73091 0.216657 0)
(1.55336 0.129111 0)
(0.82077 0.0691595 0)
(0.195221 0.0461477 0)
(-0.474025 0.0193165 0)
(2.4971 0.0400993 0)
(3.75656 0.150096 0)
(4.45534 0.276188 0)
(5.36289 0.387646 0)
(6.30533 0.539064 0)
(7.31752 0.680902 0)
(8.33422 0.838727 0)
(9.30182 0.979484 0)
(9.77626 1.04801 0)
(9.84085 1.04739 0)
(9.42157 0.96595 0)
(8.23724 0.838658 0)
(6.80392 0.677245 0)
(5.29846 0.51182 0)
(3.84015 0.346672 0)
(2.53199 0.225898 0)
(1.37645 0.131094 0)
(0.723382 0.0857544 0)
(0.0926647 0.0561196 0)
(-0.591747 0.0255839 0)
(2.75953 0.064324 0)
(4.05462 0.147991 0)
(4.71669 0.302792 0)
(5.64099 0.473276 0)
(6.59518 0.658761 0)
(7.5698 0.831937 0)
(8.54509 1.00696 0)
(9.42608 1.15186 0)
(9.78986 1.20824 0)
(9.80265 1.19471 0)
(9.31272 1.08373 0)
(8.06486 0.927186 0)
(6.58536 0.735009 0)
(5.06207 0.535884 0)
(3.62371 0.366113 0)
(2.3184 0.232306 0)
(1.23972 0.13903 0)
(0.64723 0.108122 0)
(-0.0606746 0.0738716 0)
(-0.772213 0.0275765 0)
(3.35202 0.0844434 0)
(4.57256 0.259112 0)
(5.22051 0.454791 0)
(6.06513 0.630421 0)
(6.93904 0.836968 -1.2978e-32)
(7.84955 1.02656 4.75199e-33)
(8.78854 1.22089 0)
(9.54665 1.35737 0)
(9.7965 1.39882 0)
(9.75956 1.36521 0)
(9.18709 1.2175 0)
(7.86661 1.02247 0)
(6.36225 0.792846 0)
(4.82006 0.56902 0)
(3.35154 0.369919 0)
(2.09181 0.21954 0)
(1.10189 0.121794 0)
(0.548541 0.0882922 0)
(-0.249347 0.0667256 0)
(-0.988332 0.00214502 0)
(3.93043 0.211531 -1.46455e-18)
(5.0139 0.349555 1.21584e-18)
(5.59462 0.603409 0)
(6.43013 0.832565 -7.08666e-19)
(7.28065 1.06388 5.7248e-19)
(8.13814 1.26883 -5.04254e-33)
(9.04358 1.47602 0)
(9.63268 1.59652 -8.69309e-20)
(9.78666 1.62424 1.46492e-19)
(9.6813 1.56437 -3.3443e-21)
(9.00798 1.37677 0)
(7.59663 1.13164 -2.57393e-19)
(6.02685 0.851789 -3.28207e-19)
(4.45346 0.592883 5.67801e-19)
(3.02451 0.375184 -4.62194e-19)
(1.79282 0.18342 0)
(0.957106 0.0764637 -1.7356e-19)
(0.490321 0.0244597 0)
(-0.310327 0.00430821 -9.03761e-19)
(-1.06917 -0.0296667 1.05731e-18)
(4.28817 0.415144 1.24403e-19)
(5.46326 0.620882 -5.33217e-18)
(6.01105 0.917936 7.94982e-19)
(6.7755 1.12643 2.90931e-18)
(7.54759 1.34224 1.27446e-18)
(8.35033 1.54576 -2.02256e-18)
(9.19889 1.75867 0)
(9.65891 1.86712 0)
(9.74676 1.88689 -2.35023e-19)
(9.57498 1.80295 0)
(8.81024 1.57204 8.19196e-19)
(7.32692 1.27934 2.81371e-19)
(5.73955 0.941457 -2.75626e-20)
(4.18418 0.627497 -7.09324e-19)
(2.76951 0.357712 0)
(1.56976 0.156621 0)
(0.850142 0.0636614 -2.94831e-18)
(0.448691 -0.000608917 7.37878e-18)
(-0.18251 -0.0234161 -4.39775e-18)
(-1.05088 -0.116225 -5.21288e-18)
(4.51095 0.658634 4.95862e-18)
(5.65772 0.927689 -1.93805e-18)
(6.18028 1.16801 -6.95707e-19)
(6.93519 1.36177 -5.39857e-18)
(7.70661 1.60611 4.2435e-19)
(8.48249 1.83329 5.56135e-18)
(9.27174 2.05023 -1.59026e-18)
(9.63979 2.15156 0)
(9.67584 2.1617 4.74325e-19)
(9.44541 2.05076 8.08306e-19)
(8.61778 1.77837 -2.33449e-18)
(7.09388 1.43035 1.27763e-18)
(5.49313 1.04133 -1.0504e-18)
(3.94379 0.670137 2.25048e-18)
(2.59046 0.391088 0)
(1.4454 0.18725 -8.32861e-19)
(0.801199 0.0768689 0)
(0.447788 0.0308198 4.4666e-18)
(-0.156017 -0.0534755 -1.0602e-17)
(-0.97085 -0.154446 6.67494e-18)
(4.64083 0.897703 -2.03952e-17)
(5.9506 1.3282 1.06615e-17)
(6.44874 1.56055 1.86765e-18)
(7.15462 1.74278 0)
(7.84395 1.94802 3.66108e-18)
(8.56518 2.15715 -4.31095e-18)
(9.29021 2.35901 1.64274e-18)
(9.58473 2.44819 0)
(9.58001 2.44654 -3.33058e-19)
(9.30349 2.30821 -4.89089e-19)
(8.43193 1.99109 2.46933e-18)
(6.89025 1.58991 0)
(5.31273 1.13907 -2.31867e-18)
(3.8002 0.744908 1.23113e-18)
(2.47657 0.414308 3.22014e-18)
(1.41928 0.183239 -2.83804e-18)
(0.797463 0.0664814 4.46468e-18)
(0.479222 0.0149953 -9.98947e-18)
(-0.0246815 -0.0460671 6.3139e-18)
(-0.836935 -0.172644 -7.88949e-18)
(4.684 1.13421 1.14489e-17)
(5.96232 1.60844 -1.10479e-17)
(6.47359 1.79484 6.06324e-18)
(7.16955 1.98178 -9.34549e-18)
(7.87114 2.24248 7.21896e-18)
(8.57968 2.47711 -1.67337e-18)
(9.25811 2.67748 9.50607e-20)
(9.50017 2.75538 1.72055e-18)
(9.46004 2.73687 2.39694e-19)
(9.14901 2.56909 -1.49369e-18)
(8.25737 2.20622 -5.58564e-18)
(6.71685 1.74389 -2.18774e-18)
(5.15821 1.24351 -5.45017e-20)
(3.66082 0.800771 -4.83647e-18)
(2.4138 0.491053 -4.90945e-20)
(1.45605 0.22862 4.43193e-18)
(0.884197 0.119496 -1.39007e-18)
(0.607206 0.0907611 -7.51723e-19)
(0.116719 -0.0199462 0)
(-0.75369 -0.191877 1.80762e-17)
(4.70777 1.26198 0)
(6.08995 1.98306 3.11766e-18)
(6.59558 2.14929 0)
(7.24509 2.353 -3.41723e-19)
(7.88575 2.57507 -8.05219e-18)
(8.54913 2.79995 3.37992e-18)
(9.18968 2.99366 -2.00419e-18)
(9.3945 3.0645 -2.42317e-18)
(9.32834 3.02718 -1.66519e-19)
(8.99997 2.83062 8.98276e-20)
(8.10175 2.42372 3.14977e-18)
(6.57416 1.90828 4.93072e-18)
(5.04181 1.36174 -3.16985e-18)
(3.6188 0.911355 5.49184e-18)
(2.36915 0.528648 -4.42189e-18)
(1.43696 0.266396 0)
(0.916148 0.146586 -1.08751e-17)
(0.648518 0.11151 1.45877e-17)
(0.196585 -0.00543031 1.12325e-18)
(-0.596907 -0.175068 -2.03034e-17)
(4.5824 1.45151 -3.86037e-19)
(5.99981 2.21114 -7.4268e-18)
(6.54305 2.33725 -2.65475e-17)
(7.17744 2.58222 1.64585e-17)
(7.82228 2.86185 -5.35191e-18)
(8.47954 3.11027 3.77495e-18)
(9.09381 3.30772 -4.54441e-18)
(9.27192 3.36991 1.45003e-18)
(9.19119 3.31195 3.29854e-19)
(8.85288 3.0905 -1.84288e-19)
(7.95454 2.64362 -3.9558e-18)
(6.44814 2.08072 -5.8212e-18)
(4.93191 1.49352 3.67629e-18)
(3.52393 0.992236 -2.03886e-18)
(2.36096 0.615189 5.09102e-18)
(1.55087 0.334111 0)
(1.08378 0.210516 -7.11239e-18)
(0.836772 0.194675 1.05631e-17)
(0.407817 0.0695845 1.99878e-17)
(-0.493396 -0.151265 -2.33736e-17)
(4.55147 1.65894 -3.80476e-17)
(6.05225 2.52218 1.91309e-17)
(6.56957 2.66434 1.71259e-17)
(7.14966 2.92914 -1.76485e-17)
(7.76293 3.16392 3.61371e-19)
(8.38786 3.4075 8.55719e-18)
(8.97971 3.60794 1.9992e-18)
(9.14169 3.6663 6.04539e-19)
(9.05066 3.58821 -6.84727e-19)
(8.70184 3.34589 9.66828e-19)
(7.80928 2.86406 3.33325e-18)
(6.32691 2.25724 9.10735e-18)
(4.8515 1.63107 0)
(3.53321 1.10773 1.87358e-19)
(2.3946 0.666724 -1.46621e-17)
(1.56058 0.399967 3.4962e-18)
(1.1207 0.288175 1.61811e-17)
(0.882704 0.258788 -4.77514e-18)
(0.487039 0.1291 9.97843e-18)
(-0.414687 -0.14394 -8.0859e-19)
(4.39704 1.77217 4.08234e-19)
(5.91708 2.67303 1.69549e-17)
(6.44564 2.80914 1.24792e-17)
(7.03476 3.12739 -2.92118e-17)
(7.65471 3.41498 2.15233e-17)
(8.27174 3.68639 -9.38611e-18)
(8.84894 3.89675 -2.17891e-18)
(9.00147 3.95048 -2.98168e-18)
(8.90032 3.85459 -2.76819e-19)
(8.54162 3.59288 -2.81203e-18)
(7.6631 3.07954 0)
(6.21349 2.43206 -3.84777e-18)
(4.78444 1.77029 4.40523e-18)
(3.48685 1.20702 5.622e-18)
(2.41687 0.779308 -3.32728e-18)
(1.702 0.490312 -7.76266e-18)
(1.30397 0.373948 -2.34535e-18)
(1.05652 0.376956 -1.39631e-19)
(0.639836 0.207809 0)
(-0.335406 -0.114563 0)
(4.30575 1.91991 -1.71211e-17)
(5.88907 2.93555 0)
(6.41091 3.09355 1.35669e-17)
(6.95935 3.41302 -5.81935e-18)
(7.55633 3.67834 -2.23373e-17)
(8.14296 3.94768 6.2708e-18)
(8.70996 4.16529 -2.3977e-18)
(8.85363 4.21922 2.52646e-18)
(8.74433 4.10984 -5.11393e-19)
(8.3806 3.83078 -2.09482e-18)
(7.52146 3.28842 2.1124e-18)
(6.10811 2.60582 1.25797e-17)
(4.72711 1.91032 3.61406e-19)
(3.49195 1.3275 -6.11087e-18)
(2.44544 0.848103 1.1211e-17)
(1.70683 0.586923 3.32671e-20)
(1.34161 0.466069 2.51104e-18)
(1.14207 0.454274 -1.23354e-17)
(0.756766 0.300651 1.25563e-17)
(-0.289446 -0.103484 -1.45995e-17)
(4.13486 2.00822 -7.80433e-21)
(5.74497 3.04388 0)
(6.2701 3.1971 0)
(6.8179 3.56897 5.74614e-18)
(7.4221 3.88799 8.23298e-18)
(8.00401 4.19037 -5.54151e-18)
(8.56174 4.41911 6.41533e-18)
(8.69882 4.47357 0)
(8.58602 4.35299 8.91641e-20)
(8.22314 4.05914 4.66821e-18)
(7.38681 3.4904 7.76984e-18)
(6.01146 2.77823 -4.81871e-18)
(4.67528 2.05343 -5.8827e-18)
(3.46466 1.44233 1.3859e-17)
(2.48588 0.973107 -4.04335e-18)
(1.85307 0.689244 -4.75378e-18)
(1.50998 0.588826 -2.92216e-18)
(1.25793 0.591879 -1.37527e-17)
(0.831796 0.375301 1.95839e-18)
(-0.273182 -0.0991143 1.63977e-17)
(4.03104 2.10895 -6.60598e-18)
(5.67757 3.26337 -1.03219e-17)
(6.1905 3.44431 5.17463e-19)
(6.71307 3.80284 -2.03135e-20)
(7.29626 4.1025 3.46699e-18)
(7.85803 4.41113 -1.2559e-17)
(8.4076 4.65064 0)
(8.54382 4.70994 -7.90113e-19)
(8.43288 4.58322 6.22069e-19)
(8.076 4.27898 7.72401e-18)
(7.26173 3.68749 -1.68968e-18)
(5.91896 2.95085 2.22008e-18)
(4.61896 2.19998 0)
(3.44691 1.56713 -7.56105e-18)
(2.49219 1.06037 9.28918e-18)
(1.8429 0.804308 0)
(1.54381 0.681687 -6.39705e-18)
(1.371 0.690321 1.87856e-17)
(0.944337 0.476867 2.27215e-18)
(-0.253942 -0.10272 -2.08807e-17)
(3.86701 2.16944 -1.39886e-17)
(5.52808 3.35217 1.729e-17)
(6.04323 3.53601 0)
(6.56242 3.92793 1.32112e-17)
(7.15096 4.27134 0)
(7.70846 4.61105 1.27362e-17)
(8.25353 4.86515 0)
(8.39099 4.92931 0)
(8.2847 4.79907 -6.04214e-19)
(7.93543 4.48869 -7.80136e-18)
(7.14067 3.87873 -1.46514e-17)
(5.82457 3.12058 2.8884e-18)
(4.55923 2.34827 1.07662e-17)
(3.41959 1.69238 8.57758e-18)
(2.53376 1.19089 -3.01482e-17)
(1.97659 0.924136 -1.19152e-17)
(1.67619 0.831816 7.00252e-18)
(1.41852 0.830257 0)
(0.962209 0.537885 1.98514e-17)
(-0.254583 -0.108474 -2.32388e-17)
(3.765 2.25309 1.50121e-17)
(5.44292 3.53894 -1.85584e-17)
(5.95108 3.75343 0)
(6.44766 4.12658 -3.64372e-19)
(7.01749 4.44819 -5.43627e-18)
(7.55834 4.79243 0)
(8.10051 5.0584 -1.55134e-18)
(8.24168 5.12951 3.33844e-19)
(8.14146 4.99912 5.03763e-20)
(7.79993 4.68646 5.11044e-19)
(7.02141 4.06276 0)
(5.72747 3.28612 1.19159e-17)
(4.49086 2.49339 3.13647e-19)
(3.37852 1.81868 4.70965e-18)
(2.51126 1.3009 5.46748e-18)
(1.94719 1.04712 0)
(1.69946 0.926121 -1.17103e-17)
(1.51899 0.940748 2.30379e-17)
(1.00178 0.620194 -2.44434e-17)
(-0.264268 -0.124892 5.11631e-17)
(3.61804 2.29884 0)
(5.30919 3.61608 0)
(5.81445 3.83827 -1.01379e-17)
(6.30276 4.23824 0)
(6.87688 4.59025 0)
(7.41356 4.95643 1.44409e-17)
(7.95312 5.23568 -1.65193e-18)
(8.09557 5.31276 8.33963e-19)
(7.99978 5.18235 3.72055e-19)
(7.66375 4.86949 0)
(6.89933 4.23645 -2.53261e-18)
(5.6248 3.44422 -9.89729e-18)
(4.41672 2.63494 -1.21732e-17)
(3.33708 1.94081 -4.94672e-18)
(2.54275 1.43393 6.11293e-18)
(2.06304 1.18672 -1.4311e-17)
(1.80251 1.08978 2.564e-17)
(1.53221 1.07215 2.06487e-19)
(0.967074 0.661729 -2.33908e-17)
(-0.295343 -0.149232 -3.54657e-18)
(3.52992 2.36959 0)
(5.22294 3.77305 -1.37103e-17)
(5.72075 4.02884 1.11997e-17)
(6.19274 4.41506 0)
(6.75124 4.7443 0)
(7.27248 5.10909 -3.08916e-17)
(7.80718 5.39574 0)
(7.95154 5.47855 0)
(7.85969 5.34921 -2.22845e-19)
(7.5283 5.03729 1.90196e-18)
(6.77734 4.39878 -2.06068e-17)
(5.52237 3.59433 0)
(4.33761 2.76974 -1.35096e-17)
(3.28321 2.06094 2.35163e-19)
(2.49884 1.55022 -1.98903e-17)
(2.00218 1.31314 7.71734e-18)
(1.78844 1.19339 1.25348e-19)
(1.57705 1.17065 -2.7581e-17)
(0.911509 0.682988 1.2411e-17)
(-0.342012 -0.185894 3.78987e-18)
(3.40641 2.41645 0)
(5.10672 3.84504 -1.50973e-17)
(5.59957 4.10458 1.16526e-17)
(6.06298 4.51649 2.56864e-17)
(6.6248 4.8713 5.76971e-18)
(7.13937 5.24989 -3.57044e-18)
(7.66814 5.54379 2.88436e-18)
(7.81162 5.63039 -7.74338e-18)
(7.72173 5.50105 2.38823e-19)
(7.39356 5.19033 1.14574e-17)
(6.65567 4.54881 1.7202e-17)
(5.42096 3.73642 3.35301e-18)
(4.25804 2.9013 1.94569e-17)
(3.23069 2.18112 1.20754e-17)
(2.51332 1.68374 1.42926e-17)
(2.08991 1.47255 -8.49763e-18)
(1.85962 1.36314 -1.01667e-17)
(1.5709 1.27578 1.20295e-17)
(0.83605 0.676576 -6.84275e-18)
(-0.420007 -0.231285 1.24753e-17)
(3.33241 2.48107 2.01961e-17)
(5.02746 3.98034 2.40716e-17)
(5.51335 4.27035 6.07933e-18)
(5.96418 4.67231 4.68272e-20)
(6.51201 5.00962 -1.94806e-17)
(7.01162 5.38542 8.77969e-18)
(7.53355 5.6812 -3.08467e-18)
(7.67699 5.77005 6.93797e-20)
(7.58915 5.64094 -8.95082e-19)
(7.26444 5.33126 -1.30241e-17)
(6.53891 4.68796 1.04031e-18)
(5.32332 3.86907 0)
(4.1793 3.02648 0)
(3.17452 2.30194 -6.30387e-18)
(2.45854 1.81097 -2.34088e-17)
(2.00239 1.58574 1.83333e-17)
(1.81369 1.44844 1.11545e-17)
(1.56656 1.35112 0)
(0.744741 0.651258 2.24926e-17)
(-0.477292 -0.343633 -1.35594e-17)
(3.23279 2.52846 -1.06291e-17)
(4.93147 4.04931 8.87909e-18)
(5.41075 4.33824 -1.34318e-17)
(5.85016 4.76202 -1.53238e-17)
(6.40163 5.12462 -7.15492e-18)
(6.89446 5.5128 2.55894e-18)
(7.41017 5.81266 0)
(7.55165 5.9022 9.39465e-18)
(7.46451 5.77177 -4.46302e-19)
(7.14217 5.46256 0)
(6.42716 4.81749 0)
(5.23142 3.99463 2.35085e-18)
(4.10434 3.14826 3.2104e-18)
(3.11929 2.42481 -6.79534e-18)
(2.44902 1.9589 1.68158e-17)
(2.05224 1.75711 -1.97796e-17)
(1.83658 1.60264 -2.38087e-17)
(1.5175 1.36731 2.06006e-17)
(0.614913 0.591958 -8.24944e-18)
(-0.418203 -0.505271 4.841e-18)
(3.17858 2.58882 1.16297e-17)
(4.86572 4.16738 0)
(5.33333 4.48307 0)
(5.76415 4.89804 -5.09376e-18)
(6.3059 5.24893 4.11774e-18)
(6.78639 5.63773 -1.94613e-19)
(7.29715 5.93946 -1.05845e-17)
(7.43733 6.02921 -1.10502e-17)
(7.35067 5.8972 1.32452e-18)
(7.03022 5.58737 -1.26055e-18)
(6.32403 4.93991 2.99257e-18)
(5.14596 4.11241 -2.05008e-17)
(4.03337 3.26459 -2.09269e-17)
(3.06624 2.55027 -3.61194e-18)
(2.38253 2.1069 0)
(1.92253 1.89382 -1.88662e-19)
(1.71792 1.69375 1.28305e-17)
(1.41908 1.38549 -2.22663e-17)
(0.587326 0.375432 1.74297e-17)
(-0.334401 -0.538291 1.5785e-17)
(3.1053 2.63676 -2.48742e-17)
(4.78606 4.233 -1.02325e-17)
(5.24607 4.54439 7.33053e-20)
(5.66843 4.97764 5.93514e-18)
(6.21393 5.35337 0)
(6.68866 5.75723 2.09976e-17)
(7.19478 6.06529 1.31164e-17)
(7.33174 6.15584 -1.25078e-18)
(7.24396 6.02158 -3.66312e-19)
(6.92356 5.71084 -1.23459e-18)
(6.22483 5.06149 1.14345e-18)
(5.06523 4.23045 1.79549e-17)
(3.96444 3.38241 2.02926e-17)
(3.00876 2.683 3.49229e-18)
(2.35252 2.28194 1.75164e-17)
(1.96051 2.0911 0)
(1.66279 1.8662 0)
(1.18204 1.34837 1.47028e-17)
(0.154251 0.428367 -1.16011e-19)
(-0.199473 0.81095 -1.64996e-17)
(3.06989 2.70084 1.33067e-17)
(4.73156 4.33944 3.16363e-17)
(5.17909 4.67347 -4.89033e-17)
(5.59668 5.09865 3.05705e-17)
(6.13251 5.46594 -3.9555e-18)
(6.59659 5.87518 2.58388e-17)
(7.09744 6.18908 0)
(7.23032 6.2819 1.03742e-17)
(7.14118 6.1469 0)
(6.82059 5.83581 1.34964e-17)
(6.12985 5.18632 -1.79665e-18)
(4.9888 4.35298 2.00909e-18)
(3.89935 3.50739 2.33505e-17)
(2.95781 2.83127 -7.45757e-18)
(2.28754 2.47513 -9.01566e-18)
(1.79604 2.3245 0)
(1.4196 2.11744 0)
(0.679649 1.49384 0)
(0.263169 1.3435 -8.23077e-18)
(0.187051 2.44687 -5.11463e-18)
(3.01905 2.75506 0)
(4.66341 4.40183 0)
(5.10803 4.73056 1.73554e-17)
(5.5155 5.16961 -2.56143e-17)
(6.05213 5.55906 1.82993e-17)
(6.51015 5.98525 -2.37535e-17)
(7.00424 6.30864 -1.35914e-18)
(7.13161 6.405 1.04991e-18)
(7.04106 6.26999 4.78083e-19)
(6.71999 5.95948 -1.54171e-17)
(6.03844 5.31222 2.94669e-18)
(4.91827 4.47916 1.83769e-17)
(3.84079 3.64103 -2.32704e-17)
(2.90728 2.99471 -2.53221e-17)
(2.25545 2.70116 8.59874e-18)
(1.81861 2.58038 0)
(1.32767 2.22574 1.18561e-17)
(0.814447 1.80899 1.34809e-17)
(0.455159 2.47794 -1.70003e-17)
(0.454185 2.98934 2.02209e-17)
(2.99521 2.82069 0)
(4.62032 4.49907 2.44484e-17)
(5.05197 4.84674 -4.48363e-18)
(5.4557 5.27965 3.10589e-17)
(5.9813 5.65966 -1.92248e-17)
(6.42768 6.09179 0)
(6.91349 6.42312 0)
(7.03529 6.5243 0)
(6.9439 6.39101 -1.3043e-18)
(6.6231 6.08183 3.38259e-19)
(5.95213 5.43851 0)
(4.85382 4.60785 -1.81538e-17)
(3.7864 3.77833 0)
(2.87551 3.17186 1.81529e-17)
(2.24426 2.93313 -1.2545e-17)
(1.74397 2.83831 -9.96928e-18)
(1.14995 2.53407 -2.23842e-17)
(0.803283 2.47516 -1.36521e-17)
(0.611364 3.10619 -2.31944e-17)
(0.638994 3.30682 1.97367e-17)
(2.95826 2.86964 -8.08595e-18)
(4.56447 4.55725 1.61963e-19)
(4.99564 4.9001 -4.68142e-18)
(5.38916 5.34648 -2.46341e-17)
(5.91159 5.74496 0)
(6.34946 6.19143 0)
(6.82533 6.53268 0)
(6.94123 6.64024 -4.90099e-19)
(6.84903 6.50948 1.24717e-18)
(6.5286 6.20271 0)
(5.86849 5.56451 0)
(4.79196 4.73773 0)
(3.73754 3.91868 0)
(2.85466 3.36086 1.3899e-17)
(2.25108 3.18134 3.38748e-17)
(1.78733 3.06925 1.00415e-17)
(1.36755 2.76017 2.25091e-17)
(1.10337 2.98868 -2.00858e-17)
(0.890653 3.50818 7.67011e-18)
(0.758377 3.58851 0)
(2.94036 2.92989 7.86e-18)
(4.53327 4.64775 -4.89473e-17)
(4.94908 5.00812 -1.42318e-17)
(5.33975 5.45221 -3.59504e-18)
(5.84812 5.83982 4.53914e-18)
(6.27172 6.28982 -3.24545e-17)
(6.73676 6.63867 2.23463e-18)
(6.84819 6.754 1.35247e-17)
(6.75576 6.62723 0)
(6.43675 6.32354 -1.15333e-18)
(5.78694 5.68998 1.05263e-18)
(4.73227 4.8675 0)
(3.69656 4.06052 0)
(2.85777 3.55255 -1.73674e-17)
(2.29786 3.41238 3.40828e-18)
(1.79449 3.28297 -9.65437e-18)
(1.30136 3.12737 2.21269e-17)
(1.0022 3.53771 1.94175e-17)
(0.850429 3.80177 -3.36293e-17)
(0.741919 3.83245 1.77351e-17)
(2.90927 2.96859 1.46395e-17)
(4.48035 4.70197 4.54713e-17)
(4.89659 5.05935 1.73716e-17)
(5.27459 5.51809 0)
(5.77607 5.92504 0)
(6.18938 6.38638 2.45264e-17)
(6.64365 6.74449 -1.47212e-17)
(6.75071 6.86781 -1.24209e-17)
(6.65903 6.74513 -4.05675e-19)
(6.34243 6.44499 1.05472e-17)
(5.70331 5.81545 -2.13184e-17)
(4.67296 4.99749 0)
(3.66597 4.20646 0)
(2.87286 3.7494 -1.28237e-17)
(2.33581 3.65506 -1.59596e-17)
(1.84953 3.55402 0)
(1.51005 3.45076 -3.17389e-17)
(1.27971 3.85722 -5.84098e-18)
(1.15046 4.16773 3.39046e-17)
(0.891407 4.18425 -1.74678e-17)
(2.88362 3.02534 -2.75768e-17)
(4.44501 4.78876 -2.15205e-17)
(4.83867 5.1662 0)
(5.21233 5.62366 0)
(5.69824 6.0206 0)
(6.09641 6.48367 0)
(6.54056 6.84875 1.56301e-17)
(6.64548 6.97991 -1.44932e-17)
(6.55621 6.86197 0)
(6.24394 6.56581 -9.31838e-18)
(5.61668 5.93957 3.86991e-17)
(4.61525 5.12632 1.72625e-18)
(3.64413 4.3529 2.64322e-18)
(2.90548 3.94505 2.18866e-17)
(2.41309 3.87498 -1.44338e-17)
(1.93349 3.74241 0)
(1.60586 3.78408 1.03875e-17)
(1.3316 4.36687 4.98349e-19)
(0.973882 4.46954 -5.54636e-18)
(0.612571 4.5571 1.0613e-17)
(2.84772 3.05296 1.2983e-17)
(4.37293 4.83489 -2.0408e-17)
(4.76891 5.20703 0)
(5.12626 5.67997 -5.64949e-18)
(5.60376 6.1017 2.16037e-17)
(5.99353 6.57697 0)
(6.42805 6.95038 0)
(6.53092 7.08896 2.60688e-17)
(6.44483 6.9752 -1.55252e-19)
(6.1383 6.68344 8.9291e-18)
(5.52513 6.06047 -1.83887e-17)
(4.55905 5.25348 1.30779e-17)
(3.63136 4.49824 0)
(2.94905 4.13845 -1.20954e-17)
(2.48019 4.0966 7.36223e-18)
(2.05193 4.02085 8.13757e-18)
(1.77055 4.15262 0)
(1.50752 4.59728 5.35109e-18)
(1.12232 5.04487 9.49891e-18)
(1.00306 5.21483 2.70587e-18)
(2.80001 3.10264 -2.43025e-17)
(4.32102 4.92022 2.90372e-17)
(4.68877 5.31074 2.21253e-17)
(5.041 5.77899 -5.84875e-18)
(5.50364 6.19087 -3.26045e-17)
(5.87992 6.66881 0)
(6.3055 7.04822 1.20801e-17)
(6.40797 7.19361 -1.0611e-17)
(6.32611 7.08428 -8.48199e-19)
(6.0271 6.79723 -7.7847e-18)
(5.43179 6.1782 -8.19045e-19)
(4.50574 5.37756 -1.46082e-17)
(3.62498 4.63943 1.8134e-17)
(3.00297 4.321 5.63844e-18)
(2.58559 4.29847 -1.30875e-17)
(2.17722 4.20877 1.49523e-17)
(1.96288 4.3385 0)
(1.75519 5.13796 0)
(1.47406 5.51026 2.73162e-18)
(0.506563 5.56629 -7.64386e-18)
(2.74995 3.12798 1.14925e-17)
(4.22313 4.96313 2.69838e-17)
(4.60071 5.34566 -2.13359e-17)
(4.93434 5.82688 2.1299e-17)
(5.38846 6.26544 3.10741e-17)
(5.7588 6.75703 0)
(6.17621 7.14405 -1.29938e-17)
(6.27716 7.29427 -1.26419e-17)
(6.20034 7.18802 0)
(5.91071 6.90495 0)
(5.33831 6.29171 0)
(4.4541 5.49602 0)
(3.62391 4.77374 -2.06804e-17)
(3.06225 4.48956 -7.9367e-18)
(2.67381 4.4732 0)
(2.3371 4.4177 -7.36992e-18)
(2.22011 4.76305 0)
(2.28058 5.09588 -3.48566e-18)
(2.32412 5.00409 6.08219e-18)
(1.30588 5.04842 -3.33859e-18)
(2.67625 3.17333 -2.15085e-17)
(4.15396 5.05472 -1.69646e-17)
(4.49977 5.45288 -1.31067e-17)
(4.82871 5.92594 -1.98803e-17)
(5.27014 6.3514 -1.44458e-17)
(5.62858 6.84503 0)
(6.03794 7.23797 -2.48152e-18)
(6.13855 7.39285 1.93306e-18)
(6.06767 7.28922 2.73868e-18)
(5.78963 7.00962 0)
(5.24327 6.40249 1.17301e-18)
(4.4032 5.61129 -1.33916e-18)
(3.62591 4.90367 0)
(3.12378 4.64354 9.79273e-18)
(2.77499 4.62092 0)
(2.54227 4.58678 5.70691e-18)
(2.51794 4.82402 -1.34051e-17)
(2.65843 4.81219 3.15891e-18)
(2.83076 4.0473 -3.63939e-18)
(1.13854 3.59617 6.74768e-18)
(2.61562 3.19674 -1.24865e-19)
(4.03111 5.09973 -8.07103e-18)
(4.39284 5.4888 1.82329e-17)
(4.70283 5.97432 -3.98447e-19)
(5.13497 6.42668 -3.56848e-18)
(5.48876 6.93454 0)
(5.8898 7.33473 1.12347e-17)
(5.98889 7.49447 1.00404e-17)
(5.92416 7.39277 -4.47118e-18)
(5.65932 7.11535 -5.85137e-18)
(5.14235 6.51382 -1.37357e-17)
(4.34846 5.72612 0)
(3.62876 5.03414 1.38507e-17)
(3.18595 4.7889 -4.23985e-18)
(2.87534 4.73898 -4.67321e-18)
(2.69995 4.68971 0)
(2.64881 4.85336 6.20752e-18)
(2.59985 4.77543 -6.08719e-18)
(2.31728 3.58107 8.57409e-18)
(-0.35733 1.60229 7.70211e-18)
(2.51867 3.24727 1.8677e-17)
(3.94716 5.20687 -7.54414e-18)
(4.2717 5.60949 1.14375e-17)
(4.57689 6.0839 9.00322e-18)
(4.99666 6.51952 6.6619e-18)
(5.33802 7.02756 1.71042e-17)
(5.73002 7.43351 -2.10508e-17)
(5.83019 7.59911 -1.03882e-17)
(5.77292 7.50054 5.16704e-18)
(5.52305 7.22493 -1.71209e-19)
(5.03554 6.62565 1.14549e-18)
(4.28856 5.8381 -1.22149e-17)
(3.62763 5.16157 5.69489e-18)
(3.2349 4.92335 -1.12743e-17)
(2.95 4.83305 9.00922e-18)
(2.78522 4.74298 -4.9564e-18)
(2.68243 4.85611 1.16305e-17)
(2.483 4.6909 -6.67455e-18)
(1.98981 3.10522 0)
(-0.190718 0.697423 1.20895e-17)
(2.45423 3.26548 0)
(3.80114 5.25134 -2.73073e-17)
(4.14609 5.65116 2.89669e-19)
(4.43219 6.14017 -1.61755e-17)
(4.84119 6.60381 0)
(5.17682 7.12621 -1.24489e-17)
(5.55922 7.53845 1.68447e-17)
(5.66023 7.70914 9.73641e-18)
(5.6111 7.61306 -5.12689e-18)
(5.37738 7.33782 4.73197e-18)
(4.92055 6.73835 1.14886e-17)
(4.22093 5.94807 3.7014e-19)
(3.61703 5.28658 -1.16229e-17)
(3.26391 5.05098 -3.30023e-18)
(2.98822 4.91784 8.14494e-18)
(2.81769 4.77951 -9.58006e-18)
(2.68855 4.83876 -5.39873e-18)
(2.44752 4.57779 6.51651e-18)
(1.88426 2.86396 0)
(0.00341491 0.321134 0)
(2.3337 3.32754 -1.61119e-17)
(3.70128 5.37482 2.60728e-17)
(4.00618 5.78461 0)
(4.28505 6.26069 0)
(4.68173 6.70721 0)
(5.00428 7.22841 0)
(5.37549 7.64581 -7.30885e-18)
(5.48016 7.822 -7.08729e-19)
(5.44025 7.72897 -8.11921e-19)
(5.22336 7.45369 8.95125e-19)
(4.79673 6.85212 -1.20699e-17)
(4.14286 6.05551 9.79139e-18)
(3.59164 5.40728 0)
(3.26653 5.17432 1.17435e-19)
(2.99414 4.99925 -1.13926e-17)
(2.83364 4.81749 4.48271e-18)
(2.723 4.81587 -4.98846e-18)
(2.43124 4.45638 -3.01589e-18)
(1.67637 2.57515 1.43405e-17)
(-0.12209 0.0949313 1.72812e-17)
(2.2738 3.33442 7.58129e-18)
(3.53582 5.41328 1.17388e-17)
(3.8577 5.82819 -3.01774e-19)
(4.1185 6.32186 6.99617e-18)
(4.50477 6.79815 0)
(4.81935 7.33523 1.70951e-17)
(5.17902 7.75848 -4.32269e-18)
(5.28637 7.93914 1.43685e-18)
(5.25535 7.84774 -1.59617e-19)
(5.05554 7.56983 7.8347e-19)
(4.6598 6.9655 8.36074e-18)
(4.05145 6.16325 -7.02407e-18)
(3.54677 5.52685 -6.88572e-18)
(3.24579 5.29439 -2.76822e-18)
(2.9809 5.08573 7.10405e-18)
(2.82844 4.86524 -1.27634e-17)
(2.71987 4.79297 6.34967e-18)
(2.37775 4.33003 -8.85836e-18)
(1.41451 2.24737 2.61663e-17)
(-0.202428 -0.166075 -1.86096e-17)
(2.11959 3.40195 -7.09953e-18)
(3.4107 5.54475 0)
(3.69812 5.96605 -8.68148e-18)
(3.94822 6.44759 -1.30591e-17)
(4.31887 6.90586 0)
(4.62136 7.44124 -1.30733e-17)
(4.96733 7.86879 0)
(5.07911 8.05487 -6.83993e-18)
(5.05775 7.96652 1.27553e-18)
(4.87561 7.68591 2.50691e-18)
(4.50874 7.07703 -6.51792e-18)
(3.94244 6.2695 3.42451e-18)
(3.4832 5.64749 1.52744e-17)
(3.20772 5.41415 -5.34858e-18)
(2.95217 5.17829 6.48707e-18)
(2.80625 4.92503 3.98124e-18)
(2.70078 4.79423 -7.95009e-18)
(2.3159 4.21801 1.1038e-17)
(1.26912 2.07649 -4.84529e-20)
(-0.122311 -0.191989 1.96072e-18)
(2.06889 3.40183 1.31037e-17)
(3.22854 5.57908 -1.01245e-17)
(3.5237 6.00657 8.25327e-18)
(3.75389 6.5034 6.09127e-18)
(4.11685 6.99512 5.28482e-19)
(4.40923 7.54779 6.63556e-18)
(4.74019 7.9801 0)
(4.85483 8.17048 -5.63319e-20)
(4.84231 8.08472 0)
(4.67766 7.79996 -2.34673e-18)
(4.33851 7.18539 6.13841e-18)
(3.8162 6.37666 -1.34446e-18)
(3.40155 5.77547 -1.16535e-17)
(3.15207 5.53714 -5.19898e-18)
(2.90693 5.26931 2.95301e-18)
(2.75024 4.99417 -3.86304e-18)
(2.66011 4.81196 1.2954e-17)
(2.23566 4.16184 7.74525e-18)
(1.1394 1.95305 3.14364e-18)
(-0.0591936 -0.125463 -1.53632e-17)
(1.8682 3.44057 1.75395e-19)
(3.07014 5.69934 5.0001e-18)
(3.33962 6.14151 0)
(3.5577 6.62953 1.07336e-17)
(3.90065 7.09902 -1.64292e-17)
(4.18053 7.64922 6.15328e-18)
(4.49579 8.08432 -4.0538e-18)
(4.614 8.27987 4.99413e-18)
(4.6108 8.19858 -2.47724e-18)
(4.4644 7.91158 -5.32627e-19)
(4.15094 7.29123 5.64759e-18)
(3.67135 6.48382 1.14884e-17)
(3.30041 5.90711 1.07628e-19)
(3.0783 5.66768 9.23281e-18)
(2.83732 5.37146 5.95873e-18)
(2.67034 5.07188 -1.05618e-17)
(2.57954 4.85769 8.82678e-18)
(2.16267 4.14969 -4.99607e-18)
(1.06838 1.90717 4.1586e-20)
(-0.0165489 -0.031177 1.48582e-17)
(1.82199 3.44968 2.21364e-17)
(2.86729 5.73249 -4.53178e-18)
(3.13962 6.16839 -1.32579e-17)
(3.33434 6.66946 1.0759e-17)
(3.66949 7.17643 -7.19968e-18)
(3.93965 7.74681 1.08639e-17)
(4.23558 8.18576 6.60062e-18)
(4.35491 8.3857 0)
(4.35989 8.30906 2.53442e-18)
(4.23064 8.01949 -1.71454e-19)
(3.9418 7.39408 -1.09605e-18)
(3.50895 6.59497 -9.83842e-18)
(3.18194 6.04679 -4.72647e-19)
(2.98173 5.80137 -2.04572e-19)
(2.74161 5.47616 8.40961e-18)
(2.56177 5.16015 3.70687e-18)
(2.47061 4.92548 -1.0198e-17)
(2.07566 4.18726 -4.99207e-18)
(1.0248 1.97342 -1.48236e-18)
(0.0470425 0.103341 -1.4222e-17)
(1.56984 3.40828 0)
(2.67604 5.82182 3.99535e-18)
(2.92297 6.29703 -5.96785e-18)
(3.10709 6.78841 9.86994e-18)
(3.42239 7.26897 -1.35231e-17)
(3.67927 7.83589 5.14504e-18)
(3.95726 8.27673 0)
(4.07813 8.48213 0)
(4.09114 8.41221 0)
(3.98009 8.12361 -8.3714e-19)
(3.71462 7.49394 7.89628e-19)
(3.32626 6.70853 -1.95904e-18)
(3.03729 6.1915 -6.07253e-18)
(2.85741 5.93934 -4.31212e-18)
(2.62147 5.58993 7.64291e-18)
(2.43467 5.25861 -6.5397e-18)
(2.35174 5.00715 -2.48663e-19)
(1.99426 4.25617 1.17372e-17)
(1.03082 2.13893 -1.43765e-18)
(0.0937861 0.244447 0)
(1.52356 3.42789 1.86046e-17)
(2.44177 5.8319 -3.73821e-18)
(2.70101 6.29099 -1.648e-19)
(2.85914 6.7989 0)
(3.16443 7.32364 -5.96356e-18)
(3.41098 7.91425 3.3324e-19)
(3.66622 8.3601 0)
(3.78494 8.57123 1.1303e-18)
(3.80392 8.50914 -8.90852e-19)
(3.70862 8.223 0)
(3.4647 7.59048 0)
(3.12384 6.82715 4.20468e-18)
(2.87196 6.34407 5.87418e-18)
(2.7087 6.08582 -1.8966e-19)
(2.47988 5.71447 2.2788e-18)
(2.29951 5.36774 -3.02377e-18)
(2.23041 5.10552 0)
(1.92398 4.3829 6.79027e-18)
(1.07856 2.44191 1.08959e-17)
(0.164468 0.455484 -2.5721e-17)
(1.19943 3.25913 1.31273e-17)
(2.22193 5.88663 -3.26974e-18)
(2.45305 6.40775 4.7924e-18)
(2.60169 6.90294 -1.20333e-17)
(2.88966 7.39615 0)
(3.12254 7.98383 0)
(3.35795 8.43129 0)
(3.47475 8.64883 1.0539e-18)
(3.49864 8.59643 -8.30024e-19)
(3.41968 8.31687 0)
(3.19749 7.68438 0)
(2.89862 6.9497 -5.88293e-18)
(2.67642 6.49838 2.66371e-18)
(2.53087 6.23306 -3.21639e-18)
(2.31484 5.84502 -6.71103e-18)
(2.13595 5.48203 0)
(2.06101 5.2055 1.76511e-18)
(1.80348 4.5105 2.12016e-18)
(1.08406 2.72216 -2.06991e-17)
(0.235102 0.68287 2.52835e-17)
(1.15742 3.31052 -1.15742e-17)
(1.97385 5.83085 3.46861e-18)
(2.2114 6.33977 9.54485e-18)
(2.3408 6.86725 6.95965e-18)
(2.61402 7.41694 -5.50799e-18)
(2.8321 8.03402 -3.61356e-18)
(3.0402 8.48824 2.32917e-18)
(3.15168 8.71515 0)
(3.17747 8.67398 0)
(3.1111 8.40376 0)
(2.90761 7.77452 1.81281e-18)
(2.65069 7.07829 5.45506e-18)
(2.45776 6.65906 -2.49844e-18)
(2.32624 6.38744 1.47509e-18)
(2.11374 5.9826 8.98212e-21)
(1.93198 5.60021 0)
(1.85263 5.31506 -3.31001e-18)
(1.6456 4.66728 1.63677e-17)
(1.0765 3.07263 -3.78568e-17)
(0.315349 1.04756 2.18126e-17)
(0.857317 2.7626 1.31296e-17)
(1.73762 5.78551 -1.0732e-17)
(1.97022 6.42479 0)
(2.07696 6.93677 3.25192e-18)
(2.32578 7.45377 2.31472e-18)
(2.52364 8.07138 5.01693e-18)
(2.70862 8.5311 -2.17903e-18)
(2.81451 8.76755 0)
(2.83953 8.73966 0)
(2.78634 8.48243 6.21578e-19)
(2.60315 7.86205 5.31856e-19)
(2.38009 7.21115 -2.75724e-18)
(2.20333 6.81996 -2.04219e-18)
(2.07764 6.53971 -4.57682e-18)
(1.86849 6.12338 8.96343e-18)
(1.68845 5.72763 -1.12515e-17)
(1.61004 5.43548 8.37373e-18)
(1.44826 4.82521 0)
(1.00365 3.37959 5.66559e-19)
(0.34762 1.39203 -2.11276e-17)
(0.720973 2.80696 1.29563e-17)
(1.50198 5.58969 0)
(1.74969 6.2746 0)
(1.8295 6.85322 0)
(2.0515 7.43802 1.84976e-18)
(2.2226 8.08479 -4.75634e-18)
(2.37289 8.5531 -1.93933e-18)
(2.46764 8.80358 0)
(2.48935 8.7913 0)
(2.44527 8.55089 -5.06494e-19)
(2.27964 7.94664 -1.10154e-18)
(2.08546 7.34745 1.39982e-18)
(1.91982 6.98577 -1.51658e-19)
(1.80205 6.70874 -1.71256e-18)
(1.60707 6.29246 4.35865e-18)
(1.44045 5.89683 -4.63939e-18)
(1.37282 5.61212 4.79523e-18)
(1.24369 5.05932 0)
(0.91688 3.80415 -5.29729e-19)
(0.363546 1.83659 -9.98201e-18)
(0.525853 1.59752 -1.19673e-17)
(1.33489 5.40042 4.08909e-18)
(1.55355 6.30957 6.35809e-18)
(1.59654 6.86674 -2.70802e-19)
(1.77528 7.42448 -3.95451e-18)
(1.90974 8.07862 -2.50417e-18)
(2.02867 8.55873 5.38034e-18)
(2.11375 8.82468 -2.20836e-19)
(2.12838 8.82917 0)
(2.09442 8.60936 1.31764e-19)
(1.94763 8.03094 6.77092e-19)
(1.7769 7.48932 -9.31638e-19)
(1.6218 7.16053 0)
(1.51631 6.89862 1.25657e-18)
(1.33811 6.49623 0)
(1.17589 6.1045 1.03504e-18)
(1.1029 5.82252 5.9679e-19)
(0.990447 5.30708 0)
(0.751375 4.17757 0)
(0.325657 2.22423 -8.62208e-18)
(0.081193 0.334088 9.64189e-18)
(1.07851 4.54863 -3.58899e-18)
(1.41958 6.04434 2.83817e-18)
(1.41676 6.77296 -4.50337e-18)
(1.53091 7.38547 1.77742e-18)
(1.61495 8.05243 -6.12637e-19)
(1.68852 8.5416 3.13793e-19)
(1.75404 8.82527 -7.64715e-19)
(1.75926 8.84963 -3.81955e-19)
(1.73347 8.65637 9.76147e-20)
(1.61015 8.11788 1.02849e-19)
(1.46354 7.63937 0)
(1.32141 7.34673 3.40459e-19)
(1.22895 7.10885 0)
(1.06597 6.72918 0)
(0.905138 6.34452 0)
(0.828042 6.07489 4.05216e-18)
(0.720636 5.61078 -1.04686e-17)
(0.566834 4.61618 5.58767e-20)
(0.257517 2.67053 7.35177e-18)
(-0.0720061 -0.395408 1.74368e-18)
(0.724869 3.65755 1.60741e-18)
(1.24497 5.8658 -1.32022e-18)
(1.23187 6.70679 -1.00386e-18)
(1.27319 7.32991 8.13881e-19)
(1.30734 8.00669 5.73253e-19)
(1.34092 8.50676 3.82867e-19)
(1.39286 8.80725 0)
(1.391 8.85149 -1.33906e-19)
(1.37614 8.69333 -5.26374e-20)
(1.28077 8.20515 -1.86539e-19)
(1.15559 7.78693 0)
(1.02714 7.53037 6.54133e-21)
(0.945183 7.32497 -3.84971e-19)
(0.793529 6.98118 0)
(0.624823 6.61339 0)
(0.542738 6.35991 -2.37997e-19)
(0.435802 5.94186 0)
(0.319558 5.04617 -1.77629e-19)
(0.132443 3.07292 0)
(0.104128 -1.29229 0)
(0.28634 1.38617 0)
(1.0575 5.28007 0)
(1.06467 6.66257 0)
(1.02456 7.30202 -2.05974e-32)
(1.00105 7.94154 1.53619e-32)
(0.999989 8.44389 0)
(1.04152 8.76067 0)
(1.05126 8.83084 0)
(1.05728 8.7107 0)
(0.998779 8.27924 0)
(0.902315 7.90674 0)
(0.794997 7.67473 0)
(0.727069 7.49486 0)
(0.597403 7.18921 0)
(0.439252 6.84162 0)
(0.369513 6.61168 0)
(0.273416 6.25201 0)
(0.181271 5.47538 0)
(0.045888 3.5409 0)
(0.269213 -1.91695 0)
(-0.039323 -0.489755 0)
(0.8027 4.22184 0)
(0.785054 6.48087 0)
(0.693464 7.31603 0)
(0.653115 7.9253 0)
(0.664017 8.40428 0)
(0.718628 8.71885 0)
(0.753248 8.80558 0)
(0.784293 8.70903 0)
(0.76327 8.32398 0)
(0.698203 7.99461 0)
(0.610731 7.78499 0)
(0.558501 7.62425 0)
(0.455538 7.34803 0)
(0.317779 7.01991 0)
(0.26494 6.80526 0)
(0.184207 6.47674 0)
(0.113796 5.75589 0)
(0.0210772 3.81574 0)
(0.22561 -2.50641 0)
(-0.0912951 -0.578978 0)
(0.189381 4.09584 0)
(0.180205 6.48516 0)
(0.218668 7.36388 0)
(0.260334 7.94236 0)
(0.320821 8.38606 0)
(0.404291 8.67892 0)
(0.476815 8.7709 0)
(0.535197 8.69063 0)
(0.551028 8.34956 0)
(0.515299 8.06766 0)
(0.447318 7.88474 0)
(0.411823 7.74801 0)
(0.337497 7.50311 0)
(0.223793 7.1952 0)
(0.191047 6.99392 0)
(0.127037 6.68931 0)
(0.0799542 6.00878 0)
(0.00596773 4.04141 0)
(0.0206628 -2.63484 0)
(-0.253463 0.57091 0)
(-0.338237 4.54433 0)
(-0.36975 6.54424 0)
(-0.234078 7.37808 0)
(-0.124959 7.91505 0)
(-0.00892108 8.33686 0)
(0.113541 8.61897 0)
(0.224008 8.71953 0)
(0.309155 8.65068 0)
(0.364642 8.35486 0)
(0.357334 8.12002 0)
(0.308185 7.96729 0)
(0.29062 7.85537 0)
(0.24459 7.64018 0)
(0.153686 7.35084 0)
(0.136897 7.15871 0)
(0.0852411 6.86903 0)
(0.0500873 6.20771 0)
(-0.000406971 4.18987 0)
(-0.12334 -1.80876 0)
(-0.368076 1.37934 0)
(-0.495793 4.76642 0)
(-0.567574 6.44672 0)
(-0.464498 7.25357 0)
(-0.388788 7.78923 0)
(-0.260942 8.22318 0)
(-0.12354 8.51015 0)
(0.00688615 8.63639 0)
(0.116686 8.58674 0)
(0.209012 8.34289 0)
(0.225238 8.15443 0)
(0.196606 8.03141 0)
(0.194497 7.94258 0)
(0.171677 7.75238 0)
(0.0976838 7.47712 0)
(0.0924113 7.2897 0)
(0.0495666 7.01043 0)
(0.0282949 6.36188 0)
(-0.0156437 4.24841 0)
(-0.103292 -1.22289 0)
(-0.365813 2.00521 0)
(-0.488269 4.89614 0)
(-0.585134 6.32953 0)
(-0.526197 7.09008 0)
(-0.498347 7.61885 0)
(-0.400444 8.06258 0)
(-0.283473 8.36647 0)
(-0.155037 8.52276 0)
(-0.029188 8.50293 0)
(0.0852763 8.31539 0)
(0.120757 8.16765 0)
(0.11006 8.07413 0)
(0.118159 8.00341 0)
(0.111138 7.83182 0)
(0.0500772 7.56768 0)
(0.0545388 7.38532 0)
(0.0189226 7.1106 0)
(0.00503005 6.45388 0)
(-0.0209736 4.23046 0)
(-0.0927192 -0.296604 0)
(-0.324059 2.54685 0)
(-0.419375 5.03735 0)
(-0.517485 6.27818 0)
(-0.487424 6.96996 0)
(-0.509413 7.46751 0)
(-0.451181 7.89989 0)
(-0.36714 8.21662 0)
(-0.254004 8.39742 0)
(-0.125861 8.40575 0)
(-0.00699417 8.27174 0)
(0.040593 8.16371 0)
(0.0446598 8.09024 0)
(0.0569847 8.03518 0)
(0.0614483 7.87839 0)
(0.0124297 7.62609 0)
(0.0232968 7.4466 0)
(-0.00822532 7.17703 0)
(-0.0124445 6.50936 0)
(-0.0284604 4.17528 0)
(-0.0565899 0.254076 0)
(-0.270423 3.00591 0)
(-0.351746 5.22025 0)
(-0.439753 6.30805 0)
(-0.416535 6.91756 0)
(-0.462393 7.36212 0)
(-0.437314 7.7643 0)
(-0.388748 8.08014 0)
(-0.296348 8.2692 0)
(-0.179911 8.30049 0)
(-0.0694919 8.214 0)
(-0.0176008 8.13774 0)
(-0.00372664 8.08415 0)
(0.00803226 8.04059 0)
(0.0220064 7.89646 0)
(-0.0167205 7.65417 0)
(-0.00389915 7.47786 0)
(-0.0323817 7.2067 0)
(-0.0315296 6.5064 0)
(-0.0339214 4.06 0)
(-0.0408443 0.824688 0)
(-0.225124 3.45955 0)
(-0.299556 5.44865 0)
(-0.378152 6.41414 0)
(-0.355208 6.94775 0)
(-0.407054 7.32673 0)
(-0.394359 7.67865 0)
(-0.367343 7.9696 0)
(-0.295289 8.14913 0)
(-0.200147 8.19398 0)
(-0.1068 8.14719 0)
(-0.0567126 8.09832 0)
(-0.0384789 8.06004 0)
(-0.0267884 8.02712 0)
(-0.00764873 7.89782 0)
(-0.0409447 7.66275 0)
(-0.0235352 7.48812 0)
(-0.0476347 7.21708 0)
(-0.040247 6.48497 0)
(-0.0346894 3.9177 0)
(-0.0176148 1.24972 0)
(-0.173186 3.85504 0)
(-0.243914 5.68785 0)
(-0.317722 6.56132 0)
(-0.304468 7.03375 0)
(-0.359501 7.35394 0)
(-0.350922 7.65053 0)
(-0.3321 7.89851 0)
(-0.271153 8.05184 0)
(-0.19661 8.09959 0)
(-0.122693 8.07924 0)
(-0.078688 8.05164 0)
(-0.0587127 8.02764 0)
(-0.0500647 8.00481 0)
(-0.0274022 7.88489 0)
(-0.0561195 7.66076 0)
(-0.0368258 7.48801 0)
(-0.0571641 7.21224 0)
(-0.0441252 6.44482 0)
(-0.0330224 3.76832 0)
(-0.00216622 1.5628 0)
(-0.128043 4.16255 0)
(-0.190698 5.89935 0)
(-0.260583 6.71218 0)
(-0.259204 7.13821 0)
(-0.318495 7.41354 0)
(-0.311618 7.65995 0)
(-0.295743 7.86388 0)
(-0.241968 7.98606 0)
(-0.183464 8.02684 0)
(-0.124817 8.0209 0)
(-0.0876827 8.00807 0)
(-0.0680284 7.99329 0)
(-0.0634492 7.97824 0)
(-0.038381 7.86866 0)
(-0.0655626 7.65053 0)
(-0.0425234 7.47931 0)
(-0.0592269 7.19991 0)
(-0.0434497 6.39723 0)
(-0.0306629 3.61784 0)
(0.00497743 1.78751 0)
(-0.0920701 4.41814 0)
(-0.144323 6.0881 0)
(-0.20966 6.85367 0)
(-0.217795 7.24032 0)
(-0.27955 7.48087 0)
(-0.274035 7.68384 0)
(-0.261283 7.84853 0)
(-0.214469 7.94375 0)
(-0.167381 7.97611 0)
(-0.119681 7.97645 0)
(-0.0886104 7.97073 0)
(-0.0707169 7.96162 0)
(-0.068309 7.95199 0)
(-0.0426678 7.85193 0)
(-0.065839 7.64295 0)
(-0.041951 7.46892 0)
(-0.0565145 7.18448 0)
(-0.0404556 6.34595 0)
(-0.0282064 3.4751 0)
(0.0079414 1.93716 0)
(-0.0649234 4.60303 0)
(-0.106269 6.2339 0)
(-0.164569 6.97345 0)
(-0.178951 7.33245 0)
(-0.241837 7.54662 0)
(-0.238122 7.71284 0)
(-0.229403 7.84397 0)
(-0.190373 7.91777 0)
(-0.151038 7.9432 0)
(-0.111654 7.94511 0)
(-0.0861614 7.94206 0)
(-0.0684265 7.93653 0)
(-0.0683609 7.9319 0)
(-0.0400726 7.83934 0)
(-0.0624495 7.63946 0)
(-0.0393605 7.46058 0)
(-0.05277 7.16983 0)
(-0.0377915 6.29971 0)
(-0.0256371 3.34464 0)
(0.00890616 2.03087 0)
(-0.0430329 4.75314 0)
(-0.0742425 6.35928 0)
(-0.122856 7.07641 0)
(-0.139412 7.41008 0)
(-0.203407 7.5995 0)
(-0.202115 7.7375 0)
(-0.201144 7.84311 0)
(-0.170031 7.90248 0)
(-0.136892 7.92229 0)
(-0.103853 7.92301 0)
(-0.0816623 7.92061 0)
(-0.0626452 7.91692 0)
(-0.0632491 7.91619 0)
(-0.0337823 7.83052 0)
(-0.0570444 7.63764 0)
(-0.0351769 7.45547 0)
(-0.0482033 7.15906 0)
(-0.0344454 6.25511 0)
(-0.0229794 3.22795 0)
(0.0085492 2.08093 0)
(-0.0285694 4.84753 0)
(-0.0537095 6.44857 0)
(-0.0925604 7.15843 0)
(-0.106068 7.47363 0)
(-0.164393 7.63977 0)
(-0.164902 7.75252 0)
(-0.172359 7.83899 0)
(-0.151346 7.89027 0)
(-0.124208 7.90935 0)
(-0.096345 7.90944 0)
(-0.0767974 7.90736 0)
(-0.0546699 7.9047 0)
(-0.0569046 7.90646 0)
(-0.0271477 7.82697 0)
(-0.0507727 7.64035 0)
(-0.0301649 7.45313 0)
(-0.0430469 7.15354 0)
(-0.0320215 6.22163 0)
(-0.0205933 3.12182 0)
(0.00607123 2.11199 0)
(-0.0199909 4.93973 0)
(-0.0418464 6.53335 0)
(-0.073535 7.23072 0)
(-0.0835275 7.52656 0)
(-0.134222 7.66951 0)
(-0.130169 7.758 0)
(-0.14433 7.82747 0)
(-0.131607 7.87396 0)
(-0.111181 7.89527 0)
(-0.0890969 7.89804 0)
(-0.0707077 7.89856 0)
(-0.0467982 7.89655 0)
(-0.049539 7.89803 0)
(-0.021616 7.82565 0)
(-0.0445686 7.64777 0)
(-0.0266719 7.45489 0)
(-0.0394677 7.15192 0)
(-0.0307568 6.1907 0)
(-0.019822 3.02248 0)
(0.00228022 2.13644 0)
(-0.0177019 4.99654 0)
(-0.0383719 6.58912 0)
(-0.0639435 7.2852 0)
(-0.0717898 7.57087 0)
(-0.113305 7.69606 0)
(-0.104207 7.76209 0)
(-0.118543 7.8155 0)
(-0.109643 7.8574 0)
(-0.0951366 7.88093 0)
(-0.0781594 7.88753 0)
(-0.0632885 7.89041 0)
(-0.0379733 7.88829 0)
(-0.0432057 7.8896 0)
(-0.0147419 7.82316 0)
(-0.0380405 7.65552 0)
(-0.0224425 7.45866 0)
(-0.0378892 7.15329 0)
(-0.0313513 6.16568 0)
(-0.0187447 2.92402 0)
(-0.00100563 2.16784 0)
(-0.0178143 5.07346 0)
(-0.0377843 6.65105 0)
(-0.058313 7.33395 0)
(-0.0644012 7.6068 0)
(-0.100083 7.71802 0)
(-0.0860799 7.767 0)
(-0.0991033 7.80707 0)
(-0.0899601 7.84094 0)
(-0.0782628 7.8634 0)
(-0.0660387 7.87299 0)
(-0.0553295 7.8779 0)
(-0.0317964 7.87567 0)
(-0.0377734 7.87683 0)
(-0.00946152 7.81723 0)
(-0.0304798 7.66214 0)
(-0.0188199 7.46582 0)
(-0.0348658 7.15915 0)
(-0.0305276 6.13939 0)
(-0.0164908 2.82515 0)
(-0.00276228 2.2007 0)
(-0.0194177 5.12179 0)
(-0.0400289 6.6889 0)
(-0.0555603 7.36775 0)
(-0.0610865 7.63548 0)
(-0.0896068 7.73748 0)
(-0.0738454 7.7734 0)
(-0.0853593 7.80435 0)
(-0.0743105 7.83301 0)
(-0.0626918 7.85115 0)
(-0.0520399 7.85866 0)
(-0.0463973 7.86294 0)
(-0.023297 7.86129 0)
(-0.0315509 7.86381 0)
(-0.00277701 7.80954 0)
(-0.0226431 7.66669 0)
(-0.0107862 7.47094 0)
(-0.029452 7.1662 0)
(-0.0279566 6.11826 0)
(-0.0131738 2.73375 0)
(-0.00215066 2.24432 0)
(-0.0198176 5.19849 0)
(-0.0402896 6.74039 0)
(-0.0518066 7.40136 0)
(-0.0561705 7.65816 0)
(-0.0805354 7.75277 0)
(-0.0641907 7.77868 0)
(-0.0750785 7.80348 0)
(-0.0624217 7.82655 0)
(-0.0518432 7.8411 0)
(-0.0422012 7.84497 0)
(-0.0387553 7.84761 0)
(-0.0164023 7.84619 0)
(-0.0248682 7.8485 0)
(0.00221595 7.80091 0)
(-0.0149149 7.67247 0)
(-0.00590425 7.48502 0)
(-0.0225169 7.18266 0)
(-0.0238442 6.10224 0)
(-0.00893103 2.65544 0)
(-0.00103842 2.27942 0)
(-0.0187935 5.24252 0)
(-0.0399928 6.76917 0)
(-0.0470851 7.42233 0)
(-0.0523255 7.67521 0)
(-0.0707803 7.76485 0)
(-0.0563561 7.7836 0)
(-0.0676209 7.80534 0)
(-0.0546156 7.82569 0)
(-0.0440632 7.83507 0)
(-0.033155 7.83518 0)
(-0.0311643 7.83575 0)
(-0.00765871 7.83379 0)
(-0.0178589 7.83624 0)
(0.00945013 7.79272 0)
(-0.00742563 7.6766 0)
(0.0027516 7.49368 0)
(-0.0160506 7.19498 0)
(-0.0195367 6.09288 0)
(-0.00515699 2.5972 0)
(0.000807135 2.32117 0)
(-0.0167616 5.31662 0)
(-0.036157 6.81599 0)
(-0.0411217 7.44793 0)
(-0.0457398 7.68846 0)
(-0.0618817 7.77123 0)
(-0.0485762 7.7836 0)
(-0.0604241 7.80154 0)
(-0.0487298 7.8193 0)
(-0.04095 7.82827 0)
(-0.0280995 7.8267 0)
(-0.0263364 7.82406 0)
(-0.00239036 7.82032 0)
(-0.0111929 7.82225 0)
(0.013836 7.78363 0)
(-6.55193e-05 7.68209 0)
(0.00680337 7.51448 0)
(-0.00891225 7.2216 0)
(-0.0147474 6.08851 0)
(-0.00188851 2.55005 0)
(0.00233461 2.34079 0)
(-0.0141491 5.35228 0)
(-0.0337177 6.83935 0)
(-0.0366543 7.46134 0)
(-0.0430947 7.69635 0)
(-0.05438 7.77459 0)
(-0.0424741 7.78159 0)
(-0.0548011 7.79858 0)
(-0.0434124 7.81614 0)
(-0.0364318 7.82515 0)
(-0.0236878 7.82413 0)
(-0.0229273 7.81993 0)
(0.00323906 7.81469 0)
(-0.00558989 7.81563 0)
(0.0193078 7.77761 0)
(0.00568223 7.68608 0)
(0.0126754 7.52582 0)
(-0.00387514 7.2366 0)
(-0.0107293 6.08921 0)
(-0.000409889 2.52402 0)
(0.00260329 2.36956 0)
(-0.0134576 5.4212 0)
(-0.0307059 6.88402 0)
(-0.0344853 7.48351 0)
(-0.0403622 7.70502 0)
(-0.0493076 7.7751 0)
(-0.0369331 7.77741 0)
(-0.0478147 7.79066 0)
(-0.0364115 7.8067 0)
(-0.0333786 7.81658 0)
(-0.0195464 7.81666 0)
(-0.0208569 7.81203 0)
(0.0047739 7.80599 0)
(-0.00288966 7.806 0)
(0.019472 7.7689 0)
(0.00805221 7.69106 0)
(0.0125483 7.54932 0)
(-0.00128096 7.26802 0)
(-0.00904088 6.09055 0)
(0.000302064 2.49624 0)
(0.00367171 2.38 0)
(-0.012717 5.45345 0)
(-0.0308327 6.90572 0)
(-0.0341575 7.4941 0)
(-0.0412657 7.71005 0)
(-0.0475402 7.77904 0)
(-0.0341622 7.77729 0)
(-0.0436788 7.78885 0)
(-0.0316246 7.80375 0)
(-0.0289941 7.81223 0)
(-0.015619 7.81217 0)
(-0.018349 7.80634 0)
(0.00595435 7.79982 0)
(-0.00241875 7.80004 0)
(0.0197869 7.76342 0)
(0.0090778 7.69337 0)
(0.0128353 7.56058 0)
(-0.00153366 7.28245 0)
(-0.0083375 6.09135 0)
(0.000723583 2.48551 0)
(0.00238775 2.40964 0)
(-0.0130412 5.53412 0)
(-0.0280806 6.95883 0)
(-0.032567 7.51898 0)
(-0.0383882 7.71984 0)
(-0.0428478 7.78041 0)
(-0.0320539 7.77419 0)
(-0.0403086 7.78361 0)
(-0.0261559 7.79477 0)
(-0.0265246 7.80071 0)
(-0.0117187 7.7999 0)
(-0.0162807 7.79084 0)
(0.00562765 7.78393 0)
(-0.00286368 7.78484 0)
(0.015879 7.75155 0)
(0.0070922 7.69616 0)
(0.00974943 7.58712 0)
(-0.00134193 7.31638 0)
(-0.00744862 6.08969 0)
(0.00117448 2.46246 0)
(-1.13165 3.41125 -1.46848e-21)
(1.12586 4.35062 8.54396e-18)
(0.405871 4.23344 -7.8248e-18)
(0.724173 3.91331 0)
(0.678391 3.69835 0)
(0.621536 3.49083 -1.0465e-17)
(0.590958 3.37213 1.04499e-17)
(0.460913 3.18026 -1.05788e-17)
(0.300315 2.91317 1.63479e-19)
(0.284659 2.36805 1.08908e-17)
(-0.103774 3.86301 -1.71579e-21)
(0.498164 3.9508 5.81615e-19)
(0.241566 3.81357 0)
(0.375381 3.65873 0)
(0.355189 3.49653 3.14874e-19)
(0.329518 3.36256 2.05615e-17)
(0.28371 3.23857 -1.06925e-17)
(0.1984 3.13953 -1.60882e-19)
(0.121782 2.90672 1.5773e-19)
(0.0252441 1.9145 0)
(-0.0505111 2.87524 8.64716e-18)
(0.374328 3.53998 -8.68426e-18)
(0.231747 3.59492 0)
(0.273474 3.46786 9.68826e-18)
(0.247135 3.3751 -4.40127e-21)
(0.215859 3.29802 -1.01047e-17)
(0.167227 3.25538 -1.09057e-17)
(0.127107 3.2024 -5.45738e-22)
(0.0967268 3.04047 1.66153e-19)
(0.0094703 2.1224 0)
(-0.0884223 2.53841 -4.2893e-18)
(0.154938 3.40938 0)
(0.0878017 3.45285 -4.82781e-18)
(0.132468 3.40088 -4.84817e-18)
(0.123631 3.32472 3.22304e-19)
(0.114109 3.2725 -5.61272e-18)
(0.100693 3.22453 5.36532e-18)
(0.076739 3.196 -1.6352e-19)
(0.0684645 3.07127 2.54202e-19)
(0.0256564 2.18754 5.61795e-18)
(-0.0219207 2.35453 -4.43915e-18)
(0.119395 3.24178 0)
(0.0807681 3.33989 9.63897e-18)
(0.102885 3.30135 -5.25894e-18)
(0.0854408 3.26062 -1.58199e-21)
(0.0757671 3.23163 3.09432e-19)
(0.0651385 3.22315 -1.27222e-20)
(0.0567723 3.20657 -5.47613e-18)
(0.0652613 3.09516 1.65816e-19)
(0.0069339 2.27653 -1.14759e-17)
(-0.0281685 2.25491 0)
(0.0349087 3.18495 -4.66414e-18)
(0.00798623 3.29652 -1.13792e-19)
(0.0357995 3.27628 -3.12715e-19)
(0.035445 3.24878 3.18406e-19)
(0.039399 3.22586 5.2385e-18)
(0.0412939 3.20292 5.46493e-18)
(0.0398674 3.19068 1.08289e-17)
(0.0527671 3.10325 5.33966e-18)
(0.0162191 2.33228 -1.1882e-20)
(-0.0323244 2.23381 0)
(0.0212833 3.12771 4.76794e-18)
(0.00521678 3.23756 -4.95632e-18)
(0.0241707 3.22288 -3.13607e-19)
(0.0242093 3.2049 6.5012e-19)
(0.0283884 3.19164 5.86862e-22)
(0.0335833 3.18776 -3.43033e-19)
(0.0329526 3.18362 -5.59948e-18)
(0.0502008 3.10873 -5.28878e-18)
(0.00661815 2.40788 -1.40669e-20)
(-0.0481548 2.25705 4.94706e-18)
(-0.0124544 3.11042 -2.28597e-19)
(-0.0217676 3.21312 1.55959e-19)
(-0.00834396 3.20706 0)
(0.00158501 3.1911 0)
(0.0109359 3.18064 0)
(0.0214471 3.17136 0)
(0.0283433 3.1634 5.64406e-18)
(0.0440273 3.10803 -5.66337e-18)
(0.0159729 2.45719 5.85778e-18)
(-0.0433836 2.34389 1.04098e-19)
(-0.0227226 3.09756 4.85988e-18)
(-0.0121706 3.17713 0)
(-0.0065949 3.16943 -3.22098e-19)
(0.00443789 3.15859 3.29987e-19)
(0.0127876 3.15078 0)
(0.0213847 3.14909 -1.7325e-19)
(0.0238192 3.15017 -5.47911e-18)
(0.0422772 3.10231 5.78486e-18)
(0.011619 2.52756 0)
(-0.0435211 2.40128 -5.38522e-20)
(-0.0334436 3.0941 -7.31309e-18)
(-0.027123 3.15568 0)
(-0.0192221 3.15149 0)
(-0.010297 3.14175 3.32106e-19)
(0.000149594 3.13545 -2.72371e-18)
(0.0122155 3.13074 -3.47939e-19)
(0.0208587 3.12564 2.8538e-18)
(0.0392412 3.0949 0)
(0.0195789 2.57881 0)
(-0.0408203 2.50658 -7.28574e-18)
(-0.0361368 3.08516 2.48787e-18)
(-0.0179291 3.12563 0)
(-0.0110884 3.1169 0)
(-0.00208673 3.10904 0)
(0.0071112 3.10422 5.45973e-18)
(0.016057 3.10561 0)
(0.0204103 3.11102 -3.03978e-18)
(0.0387252 3.08826 1.83382e-19)
(0.0152437 2.65275 3.00366e-18)
(-0.0376926 2.58096 2.49634e-18)
(-0.0405061 3.07678 -2.33815e-19)
(-0.0304527 3.10373 2.71115e-18)
(-0.021526 3.09659 2.61287e-18)
(-0.0118144 3.08968 0)
(-1.9195e-05 3.08646 -2.73741e-18)
(0.0127297 3.08365 0)
(0.021957 3.08284 0)
(0.038716 3.07234 0)
(0.0226364 2.70574 -3.01761e-18)
(-0.0352339 2.69015 -2.3567e-18)
(-0.0418968 3.06437 2.42212e-18)
(-0.021438 3.07211 -2.55112e-18)
(-0.0116045 3.06191 -3.92779e-18)
(-0.00231922 3.05653 0)
(0.00703051 3.05373 3.44308e-19)
(0.0166935 3.05689 -1.76575e-19)
(0.0233851 3.06374 1.27158e-18)
(0.0411729 3.06028 1.5838e-18)
(0.020375 2.77982 -1.62131e-18)
(-0.0345539 2.76413 2.42012e-18)
(-0.0475448 3.04413 -2.33386e-18)
(-0.0349678 3.04664 1.59971e-19)
(-0.0224797 3.04006 9.71603e-19)
(-0.0119467 3.03601 -1.32681e-18)
(-0.000148471 3.03518 0)
(0.0134534 3.03351 1.42242e-18)
(0.0259869 3.03425 4.91602e-21)
(0.0444768 3.03666 -2.99411e-18)
(0.029051 2.83241 -6.50223e-21)
(-0.0299409 2.86367 -6.109e-19)
(-0.043315 3.02189 1.55634e-19)
(-0.0217319 3.01692 -7.98955e-19)
(-0.0107082 3.01455 3.21868e-19)
(-0.00180702 3.01437 1.60727e-18)
(0.00632874 3.01343 -6.66886e-19)
(0.0145896 3.01399 -7.03831e-19)
(0.0228291 3.01798 -7.24062e-19)
(0.0420514 3.02133 1.50544e-18)
(0.0244919 2.90035 7.69763e-19)
(-0.0167428 2.93511 4.92225e-19)
(-0.026318 3.00051 2.16633e-19)
(-0.0162083 3.0017 4.42784e-19)
(-0.00936409 3.00174 -8.99823e-19)
(-0.00413864 3.00272 3.02628e-19)
(0.00075582 3.00214 6.24377e-19)
(0.00554686 3.00063 -6.50186e-19)
(0.0112354 2.99906 -6.68925e-19)
(0.0214122 2.99772 8.68532e-20)
(0.0167941 2.94937 6.222e-19)
)
;

boundaryField
{
    wall-4
    {
        type            noSlip;
    }
    pressure-outlet-7
    {
        type            zeroGradient;
    }
    velocity-inlet-6
    {
        type            fixedValue;
        value           uniform (0 3 0);
    }
    velocity-inlet-5
    {
        type            parabolicVelocity;
        maxValue        10;
        n               (1 0 0);
        y               (0 1 0);
        value           nonuniform List<vector> 
20
(
(0.381518 0 0)
(1.19474 0 0)
(2.1232 0 0)
(3.16908 0 0)
(4.32585 0 0)
(5.57242 0 0)
(6.86447 0 0)
(8.12141 0 0)
(9.20707 0 0)
(9.90123 0 0)
(9.90123 0 0)
(9.20707 0 0)
(8.12141 0 0)
(6.86447 0 0)
(5.57242 0 0)
(4.32585 0 0)
(3.16908 0 0)
(2.1232 0 0)
(1.19474 0 0)
(0.381518 0 0)
)
;
    }
    frontAndBackPlanes
    {
        type            empty;
    }
}


// ************************************************************************* //
