/*--------------------------------*- C++ -*----------------------------------*\
| =========                 |                                                 |
| \\      /  F ield         | OpenFOAM: The Open Source CFD Toolbox           |
|  \\    /   O peration     | Version:  2412                                  |
|   \\  /    A nd           | Website:  www.openfoam.com                      |
|    \\/     M anipulation  |                                                 |
\*---------------------------------------------------------------------------*/
FoamFile
{
    version     2.0;
    format      ascii;
    arch        "LSB;label=32;scalar=64";
    class       volVectorField;
    location    "7.75";
    object      U;
}
// * * * * * * * * * * * * * * * * * * * * * * * * * * * * * * * * * * * * * //

dimensions      [0 1 -1 0 0 0 0];

internalField   nonuniform List<vector> 
2200
(
(0.380061 0.000135271 0)
(1.19467 0.00107552 0)
(2.12302 0.00184651 0)
(3.16871 0.00288138 0)
(4.32482 0.00361303 0)
(5.57095 0.00502411 0)
(6.86389 0.00594904 0)
(8.12051 0.00671014 0)
(9.206 0.00745343 0)
(9.90025 0.00792379 0)
(9.90061 0.00790458 0)
(9.20717 0.00771924 0)
(8.12183 0.0068826 0)
(6.8649 0.00555544 0)
(5.57224 0.00498673 0)
(4.32496 0.00374469 0)
(3.16817 0.00303961 0)
(2.12222 0.00244351 0)
(1.19262 0.00165674 0)
(0.376809 0.00120522 0)
(0.383852 0.000784892 0)
(1.19791 0.00224241 0)
(2.12663 0.00477218 0)
(3.17232 0.00731813 0)
(4.33011 0.0110152 0)
(5.57676 0.0135968 0)
(6.86733 0.0163776 0)
(8.1239 0.0192195 0)
(9.20972 0.0221077 0)
(9.90161 0.0231999 0)
(9.9008 0.0221392 0)
(9.20498 0.0202862 0)
(8.11746 0.0184362 0)
(6.85972 0.0165598 0)
(5.56744 0.0133309 0)
(4.32122 0.0112953 0)
(3.16373 0.0083648 0)
(2.11594 0.00593083 0)
(1.18414 0.00386472 0)
(0.37062 0.000860835 0)
(0.391751 0.00185953 0)
(1.20633 0.00396839 0)
(2.13504 0.00819159 0)
(3.18067 0.0126895 0)
(4.33523 0.0176193 0)
(5.58057 0.0230201 0)
(6.87092 0.028384 0)
(8.1259 0.0324698 0)
(9.21129 0.0359859 0)
(9.89956 0.0376768 0)
(9.89787 0.0374447 0)
(9.20129 0.0352949 0)
(8.11421 0.0312125 0)
(6.85542 0.0264619 0)
(5.56149 0.0223697 0)
(4.31211 0.0166844 0)
(3.15306 0.0124913 0)
(2.10535 0.00784472 0)
(1.17392 0.0040334 0)
(0.363879 -5.92272e-05 0)
(0.403456 0.00293869 0)
(1.21795 0.00618331 0)
(2.14746 0.0124912 0)
(3.19157 0.0187426 0)
(4.3494 0.0260355 0)
(5.59303 0.0319286 0)
(6.8817 0.0378636 0)
(8.13463 0.0445321 0)
(9.21886 0.0508402 0)
(9.90018 0.0533899 0)
(9.89698 0.0509511 0)
(9.19675 0.0469486 0)
(8.10484 0.0417206 0)
(6.8438 0.0359482 0)
(5.54883 0.0283106 0)
(4.30096 0.0222302 0)
(3.14321 0.0150007 0)
(2.09405 0.00914944 0)
(1.16182 0.00420864 0)
(0.357359 -0.000523762 0)
(0.425233 0.00424694 0)
(1.24095 0.00900035 0)
(2.16899 0.0175582 0)
(3.21307 0.0254929 0)
(4.36212 0.0327067 0)
(5.60259 0.0414625 0)
(6.88825 0.0495897 0)
(8.13842 0.0569298 0)
(9.22308 0.0641263 0)
(9.8986 0.0671376 0)
(9.89281 0.0659231 0)
(9.1894 0.0614754 0)
(8.09768 0.054217 0)
(6.8358 0.044975 0)
(5.53939 0.0354516 0)
(4.28864 0.0262725 0)
(3.12561 0.0184639 0)
(2.0755 0.0104314 0)
(1.14501 0.00499542 0)
(0.350762 -0.000617273 0)
(0.451052 0.00427844 0)
(1.26475 0.0105846 0)
(2.19256 0.0218085 0)
(3.23414 0.0306809 0)
(4.3884 0.0416004 0)
(5.62649 0.0515405 0)
(6.9085 0.0611196 0)
(8.15408 0.070416 0)
(9.2342 0.0794481 0)
(9.89847 0.083059 0)
(9.89052 0.0795908 0)
(9.18277 0.0729531 0)
(8.08506 0.0630466 0)
(6.81858 0.052395 0)
(5.51996 0.0417526 0)
(4.26856 0.0301476 0)
(3.10978 0.0205191 0)
(2.0581 0.012392 0)
(1.12688 0.00567384 0)
(0.343558 0.000541677 0)
(0.476902 0.00223555 0)
(1.29139 0.0108528 0)
(2.21826 0.0197935 0)
(3.26056 0.0338352 0)
(4.40641 0.0477775 0)
(5.64203 0.0607869 0)
(6.92037 0.0726681 0)
(8.16166 0.083623 0)
(9.24326 0.09338 0)
(9.89769 0.0973337 0)
(9.88576 0.0940543 0)
(9.17274 0.0867523 0)
(8.07369 0.0759157 0)
(6.80736 0.0620163 0)
(5.50766 0.045768 0)
(4.25425 0.0334143 0)
(3.08926 0.0240657 0)
(2.03857 0.0154668 0)
(1.10381 0.00630417 0)
(0.330366 0.00263662 0)
(0.498918 0.000858926 0)
(1.32088 0.0130615 0)
(2.25556 0.0230327 0)
(3.29642 0.0388721 0)
(4.44602 0.0572614 0)
(5.67708 0.0730447 0)
(6.94975 0.0860839 0)
(8.18509 0.0976926 0)
(9.25898 0.110754 0)
(9.89835 0.114531 0)
(9.88203 0.109206 0)
(9.16361 0.0985607 0)
(8.05817 0.0841833 0)
(6.78511 0.0680764 0)
(5.48262 0.0535391 0)
(4.22868 0.0388456 0)
(3.06579 0.0270229 0)
(2.01187 0.0185652 0)
(1.07874 0.00615162 0)
(0.310708 0.00444515 0)
(0.529916 0.00167655 0)
(1.37482 0.0183818 0)
(2.30182 0.0278629 0)
(3.3346 0.0466481 0)
(4.47054 0.0637359 0)
(5.69898 0.0814165 0)
(6.96757 0.0976139 0)
(8.19719 0.113229 0)
(9.2717 0.125962 0)
(9.89778 0.130811 0)
(9.87776 0.123875 0)
(9.15168 0.113104 0)
(8.04187 0.0971472 0)
(6.76955 0.0791543 0)
(5.4633 0.0587655 0)
(4.20375 0.0421754 0)
(3.03705 0.0283919 0)
(1.98727 0.0167451 0)
(1.05938 0.00408344 0)
(0.291159 0.00485774 0)
(0.564342 0.00373352 0)
(1.4163 0.0241467 0)
(2.33803 0.0376446 0)
(3.36697 0.0542057 0)
(4.51092 0.0726776 0)
(5.73619 0.0922456 0)
(7.00046 0.112349 0)
(8.22519 0.129814 0)
(9.29151 0.14679 0)
(9.89978 0.149762 0)
(9.87147 0.141996 0)
(9.13749 0.126708 0)
(8.01973 0.107739 0)
(6.73446 0.0856432 0)
(5.42564 0.0671907 0)
(4.16799 0.0482535 0)
(3.00545 0.0279502 0)
(1.95846 0.0119217 0)
(1.04935 0.000230911 0)
(0.277222 0.00439708 0)
(0.626861 0.00496938 0)
(1.50621 0.0293564 0)
(2.39138 0.0471687 0)
(3.41002 0.0632167 0)
(4.53577 0.0786083 0)
(5.75691 0.100118 0)
(7.01684 0.123448 0)
(8.23716 0.144922 0)
(9.3047 0.162622 0)
(9.89717 0.169013 0)
(9.86511 0.158955 0)
(9.11981 0.1453 0)
(7.99269 0.124639 0)
(6.70899 0.102222 0)
(5.39196 0.0756316 0)
(4.12538 0.0540683 0)
(2.95514 0.0309376 0)
(1.91036 0.00920518 0)
(1.04117 -0.00214717 0)
(0.2685 0.0040543 0)
(0.674231 0.00683624 0)
(1.56065 0.029712 0)
(2.42438 0.0521922 0)
(3.44557 0.0692237 0)
(4.58446 0.0866644 0)
(5.79991 0.112891 0)
(7.0522 0.139184 0)
(8.26651 0.162152 0)
(9.32413 0.184187 0)
(9.89619 0.190907 0)
(9.85212 0.182747 0)
(9.09524 0.164405 0)
(7.95914 0.140505 0)
(6.65697 0.111445 0)
(5.33688 0.0885045 0)
(4.07307 0.0622576 0)
(2.9079 0.0342217 0)
(1.86087 0.00987335 0)
(1.03782 -0.000547994 0)
(0.262894 0.00368924 0)
(0.759418 0.0071771 0)
(1.67359 0.0332048 0)
(2.49153 0.0607965 0)
(3.50407 0.0771955 0)
(4.62167 0.100832 0)
(5.82901 0.127142 0)
(7.07585 0.153509 0)
(8.28413 0.17867 0)
(9.33592 0.204125 0)
(9.88757 0.213735 0)
(9.83821 0.203794 0)
(9.06867 0.18737 0)
(7.92126 0.16199 0)
(6.6231 0.1332 0)
(5.29706 0.0950058 0)
(4.02475 0.0667855 0)
(2.84869 0.0404152 0)
(1.80223 0.0146528 0)
(1.02796 0.00335438 0)
(0.250201 0.00366729 0)
(0.809124 0.00835694 0)
(1.73734 0.030529 0)
(2.53705 0.0600283 0)
(3.56475 0.0857663 0)
(4.69532 0.114893 0)
(5.89008 0.148546 0)
(7.12462 0.17558 0)
(8.31935 0.203753 0)
(9.35594 0.231337 0)
(9.88222 0.242619 0)
(9.81796 0.233218 0)
(9.03242 0.212458 0)
(7.87618 0.181007 0)
(6.56123 0.140864 0)
(5.23394 0.105675 0)
(3.97024 0.069615 0)
(2.80096 0.0465037 0)
(1.7498 0.0176866 0)
(1.01303 0.00856285 0)
(0.231967 0.00331363 0)
(0.906173 0.00976748 0)
(1.86554 0.0370039 0)
(2.61814 0.0723677 0)
(3.63753 0.0959234 0)
(4.74391 0.136872 0)
(5.93643 0.167585 0)
(7.16248 0.198391 0)
(8.35016 0.231179 0)
(9.37226 0.262161 0)
(9.87201 0.271727 0)
(9.79744 0.260951 0)
(8.99942 0.236561 0)
(7.83399 0.201178 0)
(6.52494 0.161345 0)
(5.19203 0.111732 0)
(3.91408 0.0738693 0)
(2.74346 0.0540683 0)
(1.68781 0.0193543 0)
(0.987778 0.0125788 0)
(0.20246 0.00317267 0)
(0.96648 0.0101776 0)
(1.94472 0.0359559 0)
(2.70307 0.0747817 0)
(3.73897 0.11095 0)
(4.84009 0.15841 0)
(6.0173 0.198455 0)
(7.22961 0.233904 0)
(8.40007 0.26964 0)
(9.39961 0.300578 0)
(9.86746 0.312017 0)
(9.77663 0.29535 0)
(8.95861 0.26625 0)
(7.77996 0.220824 0)
(6.45122 0.169485 0)
(5.11142 0.125247 0)
(3.83756 0.0805344 0)
(2.68193 0.0593475 0)
(1.63633 0.0166716 0)
(0.965699 0.0145046 0)
(0.176056 0.0031962 0)
(1.07752 0.0152783 0)
(2.08111 0.0451931 0)
(2.79841 0.0968359 0)
(3.82352 0.118383 0)
(4.90345 0.176216 0)
(6.08131 0.219501 0)
(7.28417 0.263997 0)
(8.44626 0.309268 0)
(9.42719 0.345479 0)
(9.86276 0.351925 0)
(9.75442 0.333369 0)
(8.91948 0.294322 0)
(7.72872 0.24337 0)
(6.40335 0.192537 0)
(5.05963 0.138553 0)
(3.7737 0.0920092 0)
(2.60676 0.0624368 0)
(1.58094 0.0164639 0)
(0.934288 0.0168011 0)
(0.137489 0.00367964 0)
(1.1834 0.0120086 0)
(2.21547 0.0486513 0)
(2.9333 0.103606 0)
(3.94817 0.144221 0)
(5.01769 0.202757 0)
(6.1755 0.25054 0)
(7.36268 0.305342 0)
(8.51424 0.358026 0)
(9.46253 0.396394 0)
(9.86141 0.406033 0)
(9.73457 0.376921 0)
(8.87322 0.333414 0)
(7.66226 0.271466 0)
(6.30953 0.206486 0)
(4.95439 0.156655 0)
(3.67475 0.103601 0)
(2.50649 0.0615521 0)
(1.52749 0.0173243 0)
(0.910567 0.0160952 0)
(0.105578 0.00474844 0)
(1.29712 0.0219349 0)
(2.36687 0.0561572 0)
(3.0534 0.129261 0)
(4.059 0.156667 0)
(5.12386 0.231714 0)
(6.27436 0.286201 0)
(7.44291 0.35026 0)
(8.57458 0.410089 0)
(9.49564 0.454567 0)
(9.85685 0.460367 0)
(9.70363 0.429727 0)
(8.81678 0.374897 0)
(7.58659 0.30512 0)
(6.23336 0.238155 0)
(4.88545 0.173336 0)
(3.59804 0.109875 0)
(2.41196 0.059736 0)
(1.47877 0.0171416 0)
(0.881211 0.0184487 0)
(0.0633899 0.00536769 0)
(1.47956 0.0183999 0)
(2.55602 0.0698085 0)
(3.22671 0.136799 0)
(4.2023 0.196469 0)
(5.25892 0.262198 0)
(6.38714 0.327885 0)
(7.5314 0.40099 0)
(8.65991 0.471333 0)
(9.52954 0.521006 0)
(9.84817 0.531825 0)
(9.6702 0.489305 0)
(8.74945 0.428356 0)
(7.49753 0.349595 0)
(6.11701 0.26158 0)
(4.74985 0.186649 0)
(3.47618 0.115791 0)
(2.29143 0.0612538 0)
(1.43148 0.0196334 0)
(0.858556 0.0175895 0)
(0.0232007 0.00796414 0)
(1.61223 0.0284267 0)
(2.74873 0.0733615 0)
(3.40074 0.165767 0)
(4.35564 0.221285 0)
(5.409 0.310273 0)
(6.5153 0.384099 0)
(7.63854 0.468398 0)
(8.73381 0.543983 0)
(9.55361 0.600264 0)
(9.82731 0.606092 0)
(9.61381 0.560555 0)
(8.65691 0.487803 0)
(7.37973 0.394441 0)
(6.00129 0.29937 0)
(4.64518 0.204906 0)
(3.38089 0.120326 0)
(2.18697 0.0597427 0)
(1.38251 0.0234585 0)
(0.830847 0.0227096 0)
(-0.0268826 0.00979339 0)
(1.87661 0.0277074 0)
(2.99604 0.0971334 0)
(3.62545 0.178913 0)
(4.55652 0.268576 0)
(5.59173 0.362111 0)
(6.66354 0.454854 0)
(7.75443 0.544712 0)
(8.83336 0.636613 0)
(9.57746 0.69493 0)
(9.7996 0.70172 0)
(9.54964 0.641186 0)
(8.55384 0.555756 0)
(7.26081 0.446909 0)
(5.85199 0.325742 0)
(4.47379 0.217533 0)
(3.22227 0.130326 0)
(2.06877 0.0652619 0)
(1.3438 0.031125 0)
(0.789622 0.0259159 0)
(-0.0925259 0.0156649 0)
(2.05629 0.0380341 0)
(3.24562 0.0989767 0)
(3.86616 0.219153 0)
(4.75771 0.302238 0)
(5.78628 0.425438 0)
(6.82561 0.532773 0)
(7.88848 0.647778 0)
(8.93014 0.750825 0)
(9.59245 0.811092 0)
(9.76135 0.805537 0)
(9.46638 0.732297 0)
(8.42475 0.624094 0)
(7.09907 0.495277 0)
(5.70114 0.368287 0)
(4.34079 0.234789 0)
(3.10005 0.143912 0)
(1.97201 0.0690071 0)
(1.30938 0.0357652 0)
(0.759399 0.033824 0)
(-0.172432 0.0188269 0)
(2.42364 0.0408923 0)
(3.58438 0.136346 0)
(4.1701 0.248662 0)
(5.04124 0.376606 0)
(6.03329 0.511068 0)
(7.02337 0.649916 0)
(8.05001 0.772232 0)
(9.0499 0.892031 0)
(9.60893 0.946339 0)
(9.72433 0.933165 0)
(9.37921 0.834307 0)
(8.29233 0.706557 0)
(6.94825 0.547451 0)
(5.52596 0.390119 0)
(4.14263 0.263678 0)
(2.90452 0.155752 0)
(1.84946 0.0794619 0)
(1.2592 0.0562675 0)
(0.708821 0.0433248 0)
(-0.277004 0.0248811 0)
(2.67538 0.0596866 0)
(3.90182 0.143672 0)
(4.4913 0.309584 0)
(5.32589 0.449013 0)
(6.29465 0.626795 0)
(7.24487 0.780368 0)
(8.23361 0.930887 0)
(9.16285 1.06036 0)
(9.61639 1.10496 0)
(9.67636 1.0733 0)
(9.27042 0.948635 0)
(8.12904 0.785129 0)
(6.75511 0.597244 0)
(5.33301 0.429126 0)
(3.97681 0.283699 0)
(2.7444 0.163845 0)
(1.77267 0.096504 0)
(1.23954 0.0741147 0)
(0.626215 0.0644778 0)
(-0.41215 0.0384068 0)
(3.24605 0.0801717 0)
(4.37681 0.237551 0)
(4.90334 0.426665 0)
(5.70235 0.608237 0)
(6.61047 0.786741 -1.12624e-32)
(7.49544 0.966609 4.09698e-33)
(8.44641 1.13194 0)
(9.27752 1.26005 0)
(9.60934 1.28689 0)
(9.62221 1.23737 0)
(9.15169 1.07268 0)
(7.95729 0.875614 0)
(6.54835 0.65688 0)
(5.10934 0.46229 0)
(3.75321 0.294498 0)
(2.54512 0.155515 0)
(1.67036 0.0908126 0)
(1.20357 0.0745817 0)
(0.486431 0.0688204 0)
(-0.665964 0.0241112 0)
(3.79856 0.207536 -1.27984e-18)
(4.79805 0.324844 1.06651e-18)
(5.3012 0.582029 0)
(6.06215 0.798445 -6.13247e-19)
(6.92725 1.01019 4.95463e-19)
(7.75905 1.19692 -4.34595e-33)
(8.67329 1.37423 0)
(9.35858 1.48814 -6.43327e-20)
(9.58267 1.50109 7.32832e-20)
(9.53749 1.43009 8.87116e-21)
(8.97084 1.22577 0)
(7.68536 0.995493 -2.84788e-19)
(6.2347 0.735281 -3.56111e-19)
(4.78041 0.481821 6.13592e-19)
(3.50174 0.299604 -5.02019e-19)
(2.31518 0.141264 0)
(1.59186 0.0747049 -1.88501e-19)
(1.18621 0.0452496 0)
(0.42711 0.0254653 -9.89577e-19)
(-0.805918 -0.0176983 1.16063e-18)
(4.13607 0.402975 1.057e-19)
(5.18674 0.581904 -4.68202e-18)
(5.63332 0.863039 6.92887e-19)
(6.35421 1.06221 2.51782e-18)
(7.16281 1.26064 1.09189e-18)
(7.93853 1.45822 -1.73077e-18)
(8.81235 1.64333 0)
(9.36779 1.74771 0)
(9.51024 1.75498 -8.09135e-20)
(9.39893 1.66476 0)
(8.75265 1.42574 9.592e-19)
(7.41076 1.14152 3.11388e-19)
(5.95984 0.825128 -3.67034e-20)
(4.54683 0.531769 -7.89911e-19)
(3.25601 0.29272 0)
(2.18414 0.14499 0)
(1.55958 0.0718962 -3.25267e-18)
(1.21053 0.0345523 8.41525e-18)
(0.613913 0.0248071 -4.97455e-18)
(-0.724358 -0.0717752 -5.8582e-18)
(4.35769 0.639644 4.33419e-18)
(5.44555 0.900994 -1.67807e-18)
(5.86164 1.12686 -6.06718e-19)
(6.54393 1.32242 -4.6492e-18)
(7.31328 1.5424 3.85525e-19)
(8.05039 1.74599 4.72614e-18)
(8.86823 1.93461 -1.34086e-18)
(9.32119 2.03052 0)
(9.40618 2.02698 8.14098e-20)
(9.24057 1.91012 1.09415e-18)
(8.54481 1.62644 -2.73834e-18)
(7.17922 1.29706 1.46846e-18)
(5.72269 0.926996 -1.19155e-18)
(4.33477 0.608005 2.53389e-18)
(3.12071 0.376753 0)
(2.16006 0.203402 -9.60035e-19)
(1.58568 0.145642 0)
(1.29418 0.128958 5.15718e-18)
(0.670172 0.0404405 -1.21841e-17)
(-0.606706 -0.0884424 7.62531e-18)
(4.49117 0.874454 -1.78305e-17)
(5.63427 1.25354 9.2432e-18)
(6.04469 1.46996 1.62247e-18)
(6.68992 1.63738 0)
(7.41369 1.84725 3.10749e-18)
(8.10783 2.05337 -3.65908e-18)
(8.86922 2.24366 1.34468e-18)
(9.24939 2.32779 0)
(9.29137 2.31198 -3.55546e-20)
(9.08698 2.16554 -6.96848e-19)
(8.36438 1.83729 2.84291e-18)
(6.98933 1.45962 0)
(5.56361 1.05166 -2.62522e-18)
(4.21566 0.704932 1.39832e-18)
(3.00572 0.43643 3.73813e-18)
(2.13229 0.244087 -3.32617e-18)
(1.63699 0.174109 5.23029e-18)
(1.37305 0.159468 -1.15408e-17)
(0.857999 0.100982 7.30157e-18)
(-0.402241 -0.0698516 -9.08137e-18)
(4.55399 1.0887 1.03265e-17)
(5.75566 1.58395 -9.62842e-18)
(6.14632 1.74285 5.23935e-18)
(6.75372 1.93046 -8.01975e-18)
(7.44925 2.15789 6.17357e-18)
(8.11272 2.37264 -1.41091e-18)
(8.82677 2.55844 7.69665e-20)
(9.15167 2.63029 1.23695e-18)
(9.16475 2.59978 -9.24149e-20)
(8.93393 2.42626 -1.94068e-18)
(8.19575 2.05742 -6.39985e-18)
(6.82543 1.63548 -2.45434e-18)
(5.42306 1.18939 -4.54349e-20)
(4.09936 0.819227 -5.54527e-18)
(3.00026 0.54194 -8.08948e-20)
(2.21848 0.347539 5.16379e-18)
(1.77481 0.301164 -1.60505e-18)
(1.54295 0.310669 -8.68989e-19)
(1.01177 0.175629 0)
(-0.30089 -0.0630597 2.09056e-17)
(4.56544 1.28039 0)
(5.80676 1.89486 2.71666e-18)
(6.21025 2.05222 0)
(6.78608 2.23701 -3.10613e-19)
(7.44617 2.46586 -6.88747e-18)
(8.07985 2.68533 2.84752e-18)
(8.75377 2.87189 -1.63258e-18)
(9.03567 2.93393 -1.65594e-18)
(9.02068 2.88522 -3.45298e-19)
(8.76965 2.68844 3.0624e-19)
(8.02572 2.28355 3.59287e-18)
(6.67249 1.81911 5.53699e-18)
(5.31151 1.33568 -3.57304e-18)
(4.03416 0.930044 6.27755e-18)
(2.94937 0.603389 -5.03371e-18)
(2.22275 0.430219 0)
(1.84177 0.364346 -1.25495e-17)
(1.61239 0.365378 1.68143e-17)
(1.13087 0.240967 1.29897e-18)
(-0.0825995 -0.0108127 -2.34637e-17)
(4.55635 1.44452 -3.46678e-19)
(5.8295 2.19636 -6.55995e-18)
(6.22468 2.30294 -2.31265e-17)
(6.76682 2.51837 1.41693e-17)
(7.40198 2.76364 -4.54962e-18)
(8.01388 2.99238 3.17797e-18)
(8.64803 3.18063 -3.67959e-18)
(8.89444 3.2345 1.12883e-18)
(8.85579 3.16582 -5.69103e-19)
(8.58479 2.94314 -2.576e-19)
(7.85065 2.50644 -4.50958e-18)
(6.52402 1.99921 -6.50822e-18)
(5.20186 1.4784 4.13604e-18)
(3.96783 1.03934 -2.32935e-18)
(3.00826 0.726219 5.77074e-18)
(2.38526 0.543007 0)
(2.0583 0.497286 -8.193e-18)
(1.8439 0.516807 1.21533e-17)
(1.37205 0.371081 2.31205e-17)
(0.0636025 0.0561706 -2.70678e-17)
(4.48577 1.61747 -3.31356e-17)
(5.81245 2.44415 1.67763e-17)
(6.22502 2.56211 1.4921e-17)
(6.72612 2.80014 -1.51911e-17)
(7.33575 3.04978 3.40752e-19)
(7.92094 3.28501 7.1852e-18)
(8.51974 3.48055 1.53721e-18)
(8.7406 3.52989 2.65555e-19)
(8.68097 3.44191 -1.24109e-18)
(8.39848 3.19216 1.68582e-18)
(7.68087 2.72379 3.93063e-18)
(6.39494 2.17734 1.02025e-17)
(5.12763 1.6224 0)
(3.96139 1.15852 2.2681e-19)
(3.02051 0.802239 -1.66214e-17)
(2.41254 0.654264 3.92441e-18)
(2.11564 0.620539 1.85542e-17)
(1.90905 0.642543 -5.46458e-18)
(1.47221 0.489337 1.15353e-17)
(0.145818 0.0948824 -9.32085e-19)
(4.42576 1.79505 4.22647e-19)
(5.77658 2.68253 1.48402e-17)
(6.18041 2.77076 1.08409e-17)
(6.65475 3.04872 -2.51787e-17)
(7.24438 3.31643 1.84144e-17)
(7.80692 3.56612 -7.85346e-18)
(8.37521 3.76757 -1.6553e-18)
(8.57564 3.81489 -1.85214e-18)
(8.50516 3.71051 8.30951e-19)
(8.21831 3.43521 -3.56067e-18)
(7.51807 2.93649 0)
(6.27538 2.3554 -4.26825e-18)
(5.04137 1.77006 4.88898e-18)
(3.9168 1.28073 6.32393e-18)
(3.09519 0.963536 -3.72414e-18)
(2.59851 0.816489 -8.79647e-18)
(2.34445 0.781858 -2.67434e-18)
(2.12364 0.827534 -1.49677e-19)
(1.64141 0.620262 0)
(0.24391 0.153983 0)
(4.33366 1.93385 -1.49883e-17)
(5.73127 2.89638 0)
(6.13574 2.99647 1.17794e-17)
(6.56626 3.29605 -5.04056e-18)
(7.13694 3.57341 -1.89757e-17)
(7.68199 3.83069 5.3554e-18)
(8.2238 4.03956 -1.8135e-18)
(8.41084 4.086 1.6852e-18)
(8.33628 3.96972 3.78743e-19)
(8.04749 3.67412 -2.199e-18)
(7.36134 3.14726 2.45903e-18)
(6.16327 2.5362 1.38347e-17)
(4.97558 1.92624 4.34568e-19)
(3.92309 1.41429 -6.78915e-18)
(3.12647 1.07487 1.26292e-17)
(2.61639 0.958474 6.84861e-20)
(2.38273 0.926758 2.86534e-18)
(2.19969 0.956811 -1.41233e-17)
(1.74119 0.755216 1.4383e-17)
(0.281953 0.1842 -1.69889e-17)
(4.24162 2.06516 -1.12114e-20)
(5.64761 3.06947 0)
(6.04804 3.15895 0)
(6.45539 3.49463 4.9207e-18)
(7.01912 3.79424 7.00001e-18)
(7.54922 4.07558 -4.60322e-18)
(8.0681 4.29405 5.09393e-18)
(8.24516 4.3407 0)
(8.16804 4.21493 -1.1594e-18)
(7.87808 3.9047 5.65955e-18)
(7.20404 3.35405 8.57497e-18)
(6.04946 2.71703 -5.27719e-18)
(4.89175 2.08343 -6.50034e-18)
(3.88524 1.55945 1.53248e-17)
(3.19388 1.26277 -4.53502e-18)
(2.79516 1.14531 -5.37393e-18)
(2.57739 1.12685 -3.30729e-18)
(2.34303 1.16752 -1.56956e-17)
(1.82329 0.875686 2.20548e-18)
(0.291063 0.210878 1.88139e-17)
(4.15469 2.19096 -5.80332e-18)
(5.59309 3.28574 -8.96298e-18)
(5.97593 3.37646 4.94624e-19)
(6.34477 3.70725 2.18748e-21)
(6.89196 4.00637 2.85875e-18)
(7.41041 4.29943 -1.04479e-17)
(7.90972 4.52785 0)
(8.07998 4.57708 -3.3458e-19)
(8.00128 4.44497 2.63636e-19)
(7.70944 4.12466 9.39132e-18)
(7.04689 3.55539 -1.88145e-18)
(5.93603 2.89769 2.43576e-18)
(4.81858 2.24363 0)
(3.88113 1.71101 -8.36239e-18)
(3.20879 1.40208 1.03189e-17)
(2.77888 1.30091 0)
(2.59359 1.26552 -7.27319e-18)
(2.40892 1.29915 2.13174e-17)
(1.87989 0.997059 2.5884e-18)
(0.284532 0.217721 -2.34874e-17)
(4.05209 2.28546 -1.22613e-17)
(5.49322 3.41658 1.51218e-17)
(5.872 3.5139 0)
(6.22427 3.87459 1.12908e-17)
(6.76533 4.18612 0)
(7.26866 4.5011 1.05384e-17)
(7.75033 4.74078 0)
(7.91393 4.79401 0)
(7.83366 4.65817 -9.31901e-19)
(7.53989 4.33112 -9.33205e-18)
(6.88935 3.74804 -1.61809e-17)
(5.81963 3.07483 3.14407e-18)
(4.72785 2.40157 1.16975e-17)
(3.83325 1.87226 9.46253e-18)
(3.25266 1.60442 -3.33658e-17)
(2.9267 1.50298 -1.33678e-17)
(2.73298 1.47148 7.84014e-18)
(2.4735 1.49056 0)
(1.88686 1.09165 2.25802e-17)
(0.252898 0.220354 -2.58833e-17)
(3.98264 2.39775 1.31816e-17)
(5.43092 3.62348 -1.62492e-17)
(5.78594 3.72125 0)
(6.11298 4.0663 -3.41082e-19)
(6.63477 4.36827 -4.61962e-18)
(7.12691 4.68722 0)
(7.59224 4.93362 -1.14565e-18)
(7.74877 4.99136 5.62597e-19)
(7.67075 4.85569 -7.43023e-19)
(7.37405 4.52458 7.94222e-19)
(6.73429 3.93137 0)
(5.69976 3.24694 1.28672e-17)
(4.64004 2.55945 2.48834e-19)
(3.80178 2.03123 5.17043e-18)
(3.24172 1.75991 6.08313e-18)
(2.8711 1.6631 0)
(2.71928 1.59713 -1.31964e-17)
(2.5189 1.61187 2.59719e-17)
(1.88361 1.18455 -2.74886e-17)
(0.200095 0.203776 5.69365e-17)
(3.88358 2.4816 0)
(5.32899 3.73635 0)
(5.68086 3.838 -8.77044e-18)
(5.99785 4.21214 0)
(6.51276 4.52591 0)
(6.99158 4.85819 1.18366e-17)
(7.43859 5.1101 -1.20668e-18)
(7.58769 5.17047 7.85001e-19)
(7.51177 5.03697 1.37252e-19)
(7.21192 4.70491 0)
(6.58057 4.1039 -2.75023e-18)
(5.57593 3.41006 -1.06659e-17)
(4.54465 2.71528 -1.31542e-17)
(3.74781 2.19947 -5.35699e-18)
(3.25855 1.95744 6.75067e-18)
(2.98045 1.88207 -1.58548e-17)
(2.78876 1.81639 2.87564e-17)
(2.50372 1.77039 3.35462e-19)
(1.82312 1.23437 -2.59024e-17)
(0.127525 0.175332 -3.95633e-18)
(3.83023 2.57643 0)
(5.2672 3.92732 -1.19298e-17)
(5.59683 4.03246 9.7417e-18)
(5.89681 4.38472 0)
(6.39367 4.68989 0)
(6.86251 5.02168 -2.53253e-17)
(7.2916 5.27363 0)
(7.43308 5.33442 0)
(7.35811 5.2025 -2.05039e-18)
(7.05596 4.87242 2.16818e-18)
(6.43018 4.26621 -2.26053e-17)
(5.44973 3.56381 0)
(4.45272 2.86644 -1.4388e-17)
(3.70433 2.36911 3.10121e-19)
(3.21864 2.11935 -2.16605e-17)
(2.89121 2.0272 8.59619e-18)
(2.73791 1.9341 1.66911e-19)
(2.51382 1.8682 -3.10315e-17)
(1.7316 1.26586 1.3763e-17)
(0.0437737 0.125829 4.2592e-18)
(3.74635 2.65989 0)
(5.1711 4.02635 -1.32087e-17)
(5.50537 4.13329 1.00822e-17)
(5.79712 4.51377 2.19599e-17)
(6.28642 4.83315 4.83932e-18)
(6.74388 5.17493 -2.89771e-18)
(7.15324 5.42683 2.30791e-18)
(7.28588 5.48566 -4.79409e-18)
(7.2084 5.3532 2.19756e-18)
(6.90506 5.02636 1.38128e-17)
(6.28338 4.41768 1.88509e-17)
(5.32568 3.7079 3.60714e-18)
(4.36226 3.01284 2.07714e-17)
(3.65337 2.54556 1.29004e-17)
(3.20971 2.31748 1.55782e-17)
(2.95366 2.24514 -9.4772e-18)
(2.76842 2.14971 -1.13699e-17)
(2.44667 2.00876 1.34657e-17)
(1.61743 1.25443 -7.65328e-18)
(-0.0690613 0.0741273 1.40581e-17)
(3.71002 2.74811 1.79095e-17)
(5.11594 4.19584 2.10207e-17)
(5.43247 4.30906 5.23997e-18)
(5.70972 4.66825 6.39761e-20)
(6.18344 4.98173 -1.64211e-17)
(6.63222 5.32314 7.17355e-18)
(7.02329 5.57209 -2.47415e-18)
(7.14634 5.62699 3.24833e-20)
(7.06537 5.49127 -3.18424e-18)
(6.76157 5.16756 -1.55049e-17)
(6.1435 4.55949 1.16881e-18)
(5.20947 3.84524 0)
(4.27629 3.15497 0)
(3.60133 2.7192 -6.6987e-18)
(3.14713 2.49603 -2.5227e-17)
(2.83899 2.3824 2.04632e-17)
(2.67054 2.24242 1.23466e-17)
(2.38547 2.07048 0)
(1.45967 1.23552 2.50149e-17)
(-0.179084 -0.0183867 -1.5368e-17)
(3.65017 2.83547 -9.37692e-18)
(5.03302 4.28373 7.83381e-18)
(5.35728 4.39555 -1.16418e-17)
(5.62482 4.78024 -1.31668e-17)
(6.09104 5.10979 -6.06096e-18)
(6.53075 5.46181 2.10573e-18)
(6.90257 5.70992 0)
(7.01611 5.76093 5.65586e-18)
(6.93057 5.62002 -1.30335e-19)
(6.62539 5.29714 0)
(6.0128 4.69197 0)
(5.1005 3.97522 2.46842e-18)
(4.20006 3.29781 3.39425e-18)
(3.54333 2.89122 -7.17405e-18)
(3.11499 2.69422 1.81478e-17)
(2.85955 2.60034 -2.21172e-17)
(2.65348 2.44394 -2.64232e-17)
(2.25864 2.15898 2.38984e-17)
(1.22162 1.12502 -9.34628e-18)
(-0.260008 -0.177639 5.51241e-18)
(3.63087 2.92002 1.03641e-17)
(4.99004 4.43584 0)
(5.2972 4.5555 0)
(5.55147 4.91979 -4.35961e-18)
(6.00474 5.2432 3.52278e-18)
(6.43674 5.59588 -1.82865e-19)
(6.79125 5.84182 -8.2696e-18)
(6.89672 5.88962 -6.8935e-18)
(6.80776 5.74321 5.6176e-18)
(6.49909 5.41769 -1.39873e-18)
(5.89493 4.81804 3.21459e-18)
(5.00079 4.09805 -2.1319e-17)
(4.12907 3.44022 -2.17016e-17)
(3.48068 3.06427 -3.78533e-18)
(3.04032 2.87797 0)
(2.71683 2.75229 -2.73534e-19)
(2.48625 2.51764 1.40444e-17)
(2.11335 2.12806 -2.569e-17)
(1.12208 1.01952 1.96728e-17)
(-0.23446 -0.424967 1.79139e-17)
(3.59091 3.00787 -2.21973e-17)
(4.92085 4.51575 -9.05937e-18)
(5.23669 4.63274 7.47382e-20)
(5.48138 5.01977 5.15043e-18)
(5.92741 5.35956 0)
(6.35122 5.72343 1.73589e-17)
(6.68733 5.96959 1.01302e-17)
(6.78499 6.01592 -9.72584e-19)
(6.69254 5.86546 -2.66485e-18)
(6.37945 5.53547 -1.36271e-18)
(5.78506 4.94224 1.26139e-18)
(4.90933 4.22378 1.86505e-17)
(4.05558 3.58501 2.10553e-17)
(3.42077 3.2452 3.63521e-18)
(2.99557 3.08121 1.85406e-17)
(2.70041 2.97572 0)
(2.43058 2.73476 0)
(1.86875 2.2146 1.63756e-17)
(0.557221 0.772067 -1.33741e-20)
(-0.085949 0.519712 -1.79733e-17)
(3.58634 3.09611 1.18948e-17)
(4.888 4.65466 2.78376e-17)
(5.1881 4.78045 -4.27888e-17)
(5.41944 5.14859 2.65003e-17)
(5.85395 5.48245 -3.33431e-18)
(6.26945 5.84861 2.14092e-17)
(6.58768 6.09437 0)
(6.67816 6.1407 6.63521e-18)
(6.58279 5.98836 0)
(6.26735 5.65555 1.60395e-17)
(5.6792 5.06665 -1.85784e-18)
(4.81932 4.35425 2.07777e-18)
(3.9806 3.73919 2.39802e-17)
(3.36366 3.44196 -7.82511e-18)
(2.92051 3.30066 -9.64057e-18)
(2.53843 3.18525 0)
(2.16267 2.88172 0)
(1.40921 2.07894 0)
(0.493474 1.32932 -9.16284e-18)
(0.237314 2.29679 -5.73982e-18)
(3.56085 3.18181 0)
(4.82946 4.72822 0)
(5.13908 4.85169 1.52075e-17)
(5.35937 5.23984 -2.21846e-17)
(5.78594 5.58881 1.56167e-17)
(6.19274 5.96689 -1.96425e-17)
(6.49189 6.21392 -1.00064e-18)
(6.57501 6.26146 7.79081e-19)
(6.47727 6.10898 7.40036e-19)
(6.16096 5.77555 -1.83316e-17)
(5.57527 5.18826 3.10321e-18)
(4.72961 4.48388 1.87004e-17)
(3.91327 3.90236 -2.38752e-17)
(3.315 3.64602 -2.61906e-17)
(2.87618 3.53535 8.96427e-18)
(2.52023 3.43951 0)
(2.07915 3.06899 1.3147e-17)
(1.22904 2.23616 1.61623e-17)
(0.700986 2.25186 -1.83942e-17)
(0.544542 2.91585 2.17316e-17)
(3.56154 3.26677 0)
(4.80405 4.85663 2.17311e-17)
(5.09787 4.98676 -3.92499e-18)
(5.30415 5.35845 2.70211e-17)
(5.72189 5.70181 -1.64088e-17)
(6.11844 6.08155 0)
(6.39938 6.32873 0)
(6.47615 6.37821 0)
(6.37603 6.22649 9.01167e-19)
(6.05851 5.89348 5.37494e-19)
(5.47353 5.30738 0)
(4.64247 4.61204 -1.84829e-17)
(3.85348 4.07095 0)
(3.27509 3.85824 1.87362e-17)
(2.83117 3.77652 -1.29305e-17)
(2.39643 3.67037 -1.03518e-17)
(1.77005 3.19448 -2.25319e-17)
(1.12368 2.64991 -1.49431e-17)
(0.771047 3.01639 -2.57925e-17)
(0.753401 3.32874 1.95502e-17)
(3.54208 3.34709 -7.29601e-18)
(4.75534 4.9259 2.03715e-19)
(5.05737 5.05291 -4.1063e-18)
(5.25476 5.44389 -2.13928e-17)
(5.66256 5.80004 0)
(6.04724 6.18956 0)
(6.30984 6.43854 0)
(6.37982 6.49068 -2.5146e-19)
(6.27705 6.3405 -1.44621e-18)
(5.95723 6.00824 0)
(5.37367 5.42398 0)
(4.56049 4.74035 0)
(3.80258 4.24335 0)
(3.2455 4.07232 1.41635e-17)
(2.80523 4.0148 3.51577e-17)
(2.37818 3.88929 1.0866e-17)
(1.82199 3.34421 2.25809e-17)
(1.44892 3.11437 -2.12883e-17)
(1.04359 3.56311 8.2722e-18)
(0.921656 3.68376 0)
(3.54496 3.42485 7.07472e-18)
(4.73754 5.04662 -4.35005e-17)
(5.02573 5.18235 -1.26089e-17)
(5.2102 5.56055 -3.15897e-18)
(5.60586 5.90774 3.84865e-18)
(5.97787 6.29668 -2.694e-17)
(6.22186 6.54529 1.80575e-18)
(6.28549 6.6004 9.30772e-18)
(6.17939 6.45196 0)
(5.85715 6.1207 -1.26394e-18)
(5.27649 5.53892 1.15229e-18)
(4.48528 4.86977 0)
(3.76118 4.41738 0)
(3.23166 4.28913 -1.77107e-17)
(2.80764 4.24924 3.35491e-18)
(2.3571 4.0832 -1.02869e-17)
(1.69469 3.54747 2.30137e-17)
(1.20992 3.61369 2.06947e-17)
(0.974603 3.94689 -3.50284e-17)
(0.89514 4.00429 1.83481e-17)
(3.52245 3.49919 1.32068e-17)
(4.69138 5.10657 4.04507e-17)
(4.98655 5.24184 1.53461e-17)
(5.16103 5.64253 0)
(5.54623 6.00445 0)
(5.90424 6.40158 2.0369e-17)
(6.12968 6.65122 -1.15011e-17)
(6.18694 6.70899 -8.61708e-18)
(6.07786 6.56227 -2.29979e-19)
(5.75443 6.23223 1.30113e-17)
(5.17974 5.65304 -2.21574e-17)
(4.41523 5.00091 0)
(3.72998 4.59369 0)
(3.23318 4.50333 -1.28668e-17)
(2.81947 4.47553 -1.63805e-17)
(2.34863 4.27173 0)
(1.80802 3.82378 -3.29235e-17)
(1.49223 4.00658 -6.18875e-18)
(1.32336 4.40611 3.61863e-17)
(1.035 4.41814 -1.89797e-17)
(3.51776 3.57206 -2.49355e-17)
(4.66628 5.22706 -1.91746e-17)
(4.94452 5.37294 0)
(5.10604 5.75867 0)
(5.48027 6.11248 0)
(5.82247 6.50738 0)
(6.03126 6.75635 1.21676e-17)
(6.08282 6.81574 -1.02315e-17)
(5.97099 6.67055 0)
(5.64853 6.34209 -1.16258e-17)
(5.08324 5.76572 4.01437e-17)
(4.35033 5.13225 1.74835e-18)
(3.70924 4.7681 2.63177e-18)
(3.24946 4.71256 2.18786e-17)
(2.85467 4.68541 -1.45191e-17)
(2.3478 4.40578 0)
(1.90844 4.14593 1.07156e-17)
(1.47546 4.57268 6.11302e-19)
(1.09337 4.76834 -5.77371e-18)
(0.69789 4.85335 1.14898e-17)
(3.4793 3.64042 1.17617e-17)
(4.60343 5.28344 -1.82867e-17)
(4.89028 5.42938 0)
(5.0408 5.83907 -4.91564e-18)
(5.40139 6.20878 1.86721e-17)
(5.73008 6.61245 0)
(5.92384 6.86001 0)
(5.97006 6.91979 1.83587e-17)
(5.85707 6.77594 -4.03103e-19)
(5.53825 6.44938 1.14303e-17)
(4.98633 5.87594 -1.91001e-17)
(4.28943 5.26255 1.28725e-17)
(3.69624 4.93865 0)
(3.27409 4.9083 -1.20313e-17)
(2.88636 4.87604 7.40325e-18)
(2.4229 4.63448 8.12488e-18)
(1.98385 4.4671 0)
(1.65318 4.85647 5.53006e-18)
(1.24421 5.42085 9.67172e-18)
(1.11537 5.60488 2.79578e-18)
(3.46005 3.71044 -2.20679e-17)
(4.5616 5.41421 2.61268e-17)
(4.82892 5.5665 1.96994e-17)
(4.96307 5.95711 -5.18515e-18)
(5.31384 6.31715 -2.81503e-17)
(5.62968 6.7182 0)
(5.80889 6.96146 9.53851e-18)
(5.85167 7.02127 -7.54017e-18)
(5.73838 6.87832 -5.20351e-19)
(5.42562 6.55367 -9.96283e-18)
(4.89015 5.98298 -9.00376e-19)
(4.23225 5.38986 -1.44125e-17)
(3.68942 5.10117 1.76535e-17)
(3.30732 5.08849 5.56124e-18)
(2.95246 5.05507 -1.29552e-17)
(2.468 4.77392 1.44047e-17)
(2.19562 4.68496 0)
(1.87054 5.48745 0)
(1.6262 5.98429 2.44224e-18)
(0.505175 6.02105 -7.30278e-18)
(3.39886 3.77622 1.04877e-17)
(4.47641 5.47331 2.42936e-17)
(4.75161 5.61842 -1.90916e-17)
(4.87509 6.03314 1.87751e-17)
(5.21493 6.41266 2.68802e-17)
(5.51811 6.82196 0)
(5.68584 7.0615 -1.02197e-17)
(5.72683 7.12007 -9.11089e-18)
(5.6153 6.97732 0)
(5.31119 6.65364 0)
(4.79536 6.08509 0)
(4.17911 5.51248 0)
(3.68603 5.25285 -2.01179e-17)
(3.34335 5.24506 -7.70326e-18)
(3.0053 5.19075 0)
(2.60357 4.95818 -7.23837e-18)
(2.42699 5.12307 0)
(2.45426 5.50228 -3.33462e-18)
(2.51285 5.45342 4.6814e-18)
(1.38474 5.47433 -2.10693e-18)
(3.36547 3.85077 -1.97628e-17)
(4.41578 5.62194 -1.53049e-17)
(4.67212 5.76999 -1.17711e-17)
(4.77945 6.15969 -1.75219e-17)
(5.10961 6.52447 -1.2508e-17)
(5.39972 6.92681 0)
(5.55682 7.16062 -1.90314e-18)
(5.5971 7.21797 1.40075e-18)
(5.48786 7.07477 8.71097e-19)
(5.19384 6.75075 0)
(4.70029 6.18399 1.15971e-18)
(4.12781 5.63234 -1.32153e-18)
(3.68417 5.39564 0)
(3.38189 5.38264 9.49341e-18)
(3.07248 5.29458 0)
(2.78786 5.10707 5.42445e-18)
(2.72865 5.22792 -1.27583e-17)
(2.85104 5.18253 2.98299e-18)
(3.06026 4.44459 -3.31206e-18)
(1.19583 3.91063 5.63164e-18)
(3.28427 3.92428 -2.30272e-19)
(4.31149 5.6895 -7.39805e-18)
(4.57769 5.82703 1.63058e-17)
(4.67339 6.24207 -4.24652e-19)
(4.9914 6.62727 -3.1343e-18)
(5.26898 7.0362 0)
(5.41572 7.2637 8.94529e-18)
(5.45645 7.31863 7.38981e-18)
(5.35086 7.17402 -1.12937e-18)
(5.06882 6.84827 -7.41566e-18)
(4.60039 6.28265 -1.37889e-17)
(4.07437 5.75288 0)
(3.68062 5.53429 1.32181e-17)
(3.41957 5.50388 -4.06881e-18)
(3.14459 5.36481 -4.46053e-18)
(2.92788 5.17157 0)
(2.84381 5.23806 4.81159e-18)
(2.77695 5.14113 -5.78354e-18)
(2.49413 3.90441 8.19425e-18)
(-0.409456 1.67118 7.3039e-18)
(3.23937 4.01082 1.72071e-17)
(4.23414 5.86161 -6.9463e-18)
(4.48227 6.00213 1.03306e-17)
(4.56091 6.38618 8.08087e-18)
(4.86916 6.75176 5.8702e-18)
(5.13216 7.14927 1.44273e-17)
(5.26726 7.36886 -1.68106e-17)
(5.30871 7.42228 -7.76169e-18)
(5.20658 7.27563 2.09176e-18)
(4.93786 6.94654 -1.10084e-19)
(4.49604 6.3805 1.27586e-18)
(4.01678 5.87169 -1.16224e-17)
(3.67042 5.66459 5.36466e-18)
(3.4433 5.60918 -1.07452e-17)
(3.18584 5.41762 8.63215e-18)
(2.98078 5.19576 -4.82045e-18)
(2.84255 5.22521 9.04684e-18)
(2.64497 5.0275 -6.40092e-18)
(2.1246 3.34598 0)
(-0.205024 0.695135 1.1554e-17)
(3.141 4.09124 0)
(4.11361 5.93497 -2.49615e-17)
(4.37125 6.0657 3.50738e-19)
(4.43798 6.47897 -1.43921e-17)
(4.73494 6.866 0)
(4.98317 7.26726 -1.0548e-17)
(5.10722 7.4794 1.34584e-17)
(5.14988 7.52941 7.27575e-18)
(5.05214 7.3794 -2.34222e-18)
(4.7984 7.04487 5.89086e-18)
(4.38484 6.47727 1.14462e-17)
(3.95206 5.98829 4.14099e-19)
(3.64864 5.78755 -1.1037e-17)
(3.44509 5.7024 -3.12258e-18)
(3.19225 5.4583 7.77268e-18)
(2.98782 5.20839 -9.15762e-18)
(2.84105 5.19837 -5.09572e-18)
(2.59791 4.87568 6.23633e-18)
(2.0049 3.06719 0)
(0.010437 0.315173 0)
(3.08017 4.1931 -1.45985e-17)
(4.01803 6.1261 2.40875e-17)
(4.25843 6.2647 0)
(4.30967 6.64181 0)
(4.59608 7.00261 0)
(4.82719 7.38682 0)
(4.93973 7.58995 -5.91973e-18)
(4.98308 7.63806 -6.39897e-19)
(4.88916 7.48449 -6.46703e-19)
(4.65139 7.1426 9.51638e-19)
(4.26662 6.5725 -1.193e-17)
(3.8778 6.10155 9.26317e-18)
(3.60968 5.90107 0)
(3.41884 5.78599 1.31145e-19)
(3.16557 5.49481 -1.08647e-17)
(2.98147 5.22025 4.29004e-18)
(2.86071 5.16449 -4.87904e-18)
(2.56068 4.7308 -2.90271e-18)
(1.76885 2.72647 1.37786e-17)
(-0.124913 0.0905874 1.6583e-17)
(2.97562 4.25764 7.17763e-18)
(3.88028 6.20242 1.07876e-17)
(4.1275 6.33028 -3.14992e-19)
(4.16565 6.74051 6.30022e-18)
(4.44188 7.12418 0)
(4.65644 7.51055 1.4512e-17)
(4.75815 7.70512 -3.53342e-18)
(4.80328 7.74854 1.14951e-18)
(4.71394 7.58983 -1.76065e-19)
(4.49299 7.23832 8.32959e-19)
(4.1379 6.66645 8.1925e-18)
(3.79013 6.2124 -6.54803e-18)
(3.55146 6.00772 -6.43039e-18)
(3.37085 5.86384 -2.58673e-18)
(3.12676 5.54299 6.77125e-18)
(2.96673 5.24123 -1.21652e-17)
(2.85329 5.11723 6.79761e-18)
(2.4728 4.56263 -8.49138e-18)
(1.4636 2.33752 2.50942e-17)
(-0.199362 -0.162984 -1.78589e-17)
(2.87521 4.36149 -6.71839e-18)
(3.75817 6.41396 0)
(3.99178 6.5497 -7.96893e-18)
(4.01549 6.91771 -1.17849e-17)
(4.27883 7.26792 0)
(4.47396 7.63247 -1.1141e-17)
(4.56672 7.81686 0)
(4.61329 7.85762 -5.37939e-18)
(4.52779 7.694 5.11496e-19)
(4.32449 7.3314 3.31957e-18)
(3.99885 6.75859 -6.41248e-18)
(3.68711 6.31996 3.16874e-18)
(3.47341 6.10841 1.43024e-17)
(3.30578 5.93727 -5.02836e-18)
(3.07252 5.59422 6.1349e-18)
(2.92579 5.2728 3.79393e-18)
(2.81505 5.09407 -8.62825e-18)
(2.3854 4.42645 1.07815e-17)
(1.28681 2.11796 -4.42576e-20)
(-0.134129 -0.203733 1.87526e-18)
(2.75167 4.43088 1.25446e-17)
(3.60115 6.48815 -9.4353e-18)
(3.83178 6.61466 7.70184e-18)
(3.84098 7.01573 5.5079e-18)
(4.09723 7.39093 5.89992e-19)
(4.27523 7.75672 5.79804e-18)
(4.35932 7.93152 0)
(4.40799 7.96601 -8.96635e-20)
(4.32749 7.79616 0)
(4.14218 7.42175 -3.10778e-18)
(3.84568 6.85061 6.04233e-18)
(3.56708 6.42559 -1.20569e-18)
(3.3791 6.20666 -1.08492e-17)
(3.22773 6.01045 -4.90504e-18)
(3.00291 5.64762 2.7774e-18)
(2.8605 5.31068 -3.68532e-18)
(2.75151 5.08591 1.26798e-17)
(2.27993 4.33166 7.69531e-18)
(1.1393 1.94564 3.12103e-18)
(-0.0792192 -0.143395 -1.46574e-17)
(2.60409 4.4902 2.85286e-19)
(3.43979 6.70402 4.82253e-18)
(3.66312 6.84725 0)
(3.6616 7.20076 9.6873e-18)
(3.90308 7.53645 -1.46079e-17)
(4.05906 7.8753 5.4032e-18)
(4.13885 8.0388 -3.39607e-18)
(4.19016 8.07022 3.83524e-18)
(4.11467 7.89447 -1.58074e-18)
(3.94767 7.50851 -5.617e-19)
(3.67913 6.94153 5.44769e-18)
(3.43014 6.52877 1.06047e-17)
(3.26433 6.30076 9.15135e-20)
(3.12566 6.07885 8.67883e-18)
(2.90661 5.69504 5.65375e-18)
(2.75951 5.3514 -1.00363e-17)
(2.65907 5.09411 8.41618e-18)
(2.20284 4.27499 -4.8503e-18)
(1.03819 1.86122 3.38343e-20)
(-0.0464047 -0.0711674 1.41194e-17)
(2.45801 4.57338 2.13929e-17)
(3.25518 6.77667 -4.42979e-18)
(3.47064 6.90596 -1.22778e-17)
(3.45136 7.28732 9.97407e-18)
(3.69147 7.65229 -6.32596e-18)
(3.82907 7.99206 9.49503e-18)
(3.90423 8.14631 5.45646e-18)
(3.95589 8.17069 0)
(3.88698 7.98928 1.54263e-18)
(3.73775 7.59271 -4.94481e-20)
(3.49507 7.03294 -1.10658e-18)
(3.27361 6.63093 -9.14057e-18)
(3.12923 6.39242 -4.73938e-19)
(3.00451 6.1514 -2.06839e-19)
(2.79346 5.74963 7.98757e-18)
(2.64784 5.39793 3.54151e-18)
(2.56612 5.12623 -9.70935e-18)
(2.15534 4.29392 -4.7482e-18)
(1.06795 2.01053 -1.40581e-18)
(0.00740033 0.0466835 -1.34979e-17)
(2.24863 4.54799 0)
(3.04936 6.96982 3.8301e-18)
(3.26424 7.14006 -5.47565e-18)
(3.24184 7.47314 9.19775e-18)
(3.46594 7.78799 -1.20876e-17)
(3.57699 8.0996 4.58623e-18)
(3.65314 8.24354 0)
(3.7063 8.26238 0)
(3.64709 8.07857 0)
(3.51226 7.67244 -8.72539e-19)
(3.29455 7.1237 8.2048e-19)
(3.09829 6.73215 -1.80452e-18)
(2.97196 6.48116 -5.68595e-18)
(2.85751 6.22095 -4.09481e-18)
(2.65548 5.80749 7.27439e-18)
(2.51428 5.44561 -6.23273e-18)
(2.4455 5.15476 -2.5059e-19)
(2.08802 4.34288 1.12224e-17)
(1.12667 2.25364 -1.39132e-18)
(0.088932 0.233279 0)
(2.08618 4.62835 1.82765e-17)
(2.83555 7.03286 -3.58322e-18)
(3.04171 7.17929 -1.33348e-19)
(3.00162 7.54049 0)
(3.22329 7.88138 -5.31156e-18)
(3.31898 8.19895 3.95231e-19)
(3.3916 8.33649 0)
(3.44286 8.34932 8.74287e-19)
(3.39164 8.15964 -6.90844e-19)
(3.26845 7.74789 0)
(3.07556 7.21467 0)
(2.90065 6.83289 3.90153e-18)
(2.78882 6.56981 5.53857e-18)
(2.68729 6.2937 -1.77851e-19)
(2.49436 5.86607 2.18288e-18)
(2.35111 5.49439 -2.90242e-18)
(2.28763 5.19416 0)
(1.99158 4.43941 6.62012e-18)
(1.17817 2.58243 1.06538e-17)
(0.196672 0.514443 -2.51622e-17)
(1.81115 4.42237 1.4555e-17)
(2.58634 7.15949 -3.16371e-18)
(2.79767 7.39929 4.46317e-18)
(2.76672 7.71333 -1.12803e-17)
(2.96924 7.99646 0)
(3.03862 8.28589 0)
(3.11219 8.41745 0)
(3.16235 8.42543 8.22249e-19)
(3.1211 8.23343 -6.49888e-19)
(3.00843 7.81875 0)
(2.8388 7.30424 0)
(2.68103 6.93164 -5.53506e-18)
(2.57919 6.6577 2.54532e-18)
(2.48395 6.36859 -3.04206e-18)
(2.29485 5.93202 -6.50606e-18)
(2.13955 5.54375 0)
(2.06684 5.23211 1.73831e-18)
(1.81798 4.52452 2.08137e-18)
(1.15995 2.8462 -2.04914e-17)
(0.285783 0.81622 2.50133e-17)
(1.63893 4.4812 -1.26425e-17)
(2.34918 7.17303 3.56819e-18)
(2.56449 7.40377 9.19835e-18)
(2.51081 7.75189 6.40571e-18)
(2.70023 8.06277 -5.08608e-18)
(2.75718 8.35661 -3.1741e-18)
(2.82837 8.48871 1.97412e-18)
(2.86948 8.4909 0)
(2.83543 8.2965 0)
(2.72979 7.88426 0)
(2.58407 7.39293 1.76058e-18)
(2.43731 7.0298 5.14935e-18)
(2.33711 6.74759 -2.39429e-18)
(2.24295 6.44751 1.41531e-18)
(2.05616 6.00366 4.59227e-21)
(1.89667 5.60865 0)
(1.8306 5.30222 -3.25411e-18)
(1.64108 4.66289 1.6172e-17)
(1.13561 3.20304 -3.74002e-17)
(0.370254 1.24176 2.15551e-17)
(1.27487 3.89953 1.29023e-17)
(2.09966 7.15665 -1.05386e-17)
(2.32758 7.58226 0)
(2.26628 7.89209 3.03955e-18)
(2.42494 8.14762 2.11332e-18)
(2.46269 8.41773 4.41093e-18)
(2.52766 8.5485 -1.84656e-18)
(2.56271 8.54664 0)
(2.53482 8.35053 0)
(2.43812 7.94698 8.65216e-19)
(2.31265 7.47925 4.72084e-19)
(2.16968 7.12595 -2.64127e-18)
(2.06777 6.84381 -1.94805e-18)
(1.97861 6.54748 -4.44093e-18)
(1.80413 6.11241 8.73792e-18)
(1.64564 5.71486 -1.09675e-17)
(1.58646 5.41212 8.18059e-18)
(1.43268 4.82544 0)
(1.04859 3.53609 5.52628e-19)
(0.397707 1.60956 -2.07071e-17)
(1.13553 3.86529 1.27639e-17)
(1.87147 7.03527 0)
(2.10905 7.52947 0)
(2.01946 7.89538 0)
(2.14938 8.18842 1.64074e-18)
(2.17211 8.4601 -4.25741e-18)
(2.22465 8.5935 -1.63521e-18)
(2.24464 8.58842 0)
(2.21835 8.39247 0)
(2.1331 8.00716 -6.45452e-19)
(2.02564 7.56622 -1.03408e-18)
(1.88879 7.22815 1.33768e-18)
(1.78668 6.95453 -1.46771e-19)
(1.70165 6.67034 -1.64801e-18)
(1.54571 6.25301 4.20773e-18)
(1.39707 5.85994 -4.47172e-18)
(1.3414 5.57073 4.63145e-18)
(1.2077 5.04579 0)
(0.929219 3.92605 -5.16686e-19)
(0.400409 2.03658 -9.68897e-18)
(0.6167 2.09303 -1.18288e-17)
(1.69698 6.70695 4.02832e-18)
(1.93199 7.65635 6.12084e-18)
(1.80731 8.00875 -3.93347e-19)
(1.88543 8.24692 -3.70885e-18)
(1.87894 8.49559 -2.18654e-18)
(1.91211 8.62447 4.53813e-18)
(1.92188 8.61735 -2.07391e-19)
(1.89919 8.42871 0)
(1.82533 8.06525 6.59537e-20)
(1.73069 7.65434 6.33565e-19)
(1.59938 7.33646 -9.03987e-19)
(1.49828 7.0815 0)
(1.42355 6.8237 1.20563e-18)
(1.28496 6.43532 0)
(1.13049 6.0493 9.95197e-19)
(1.06434 5.76644 5.71098e-19)
(0.941166 5.27922 0)
(0.744454 4.25745 0)
(0.344343 2.35791 -8.28545e-18)
(0.00104899 0.625003 9.8723e-18)
(1.42663 5.95781 -3.6725e-18)
(1.76843 7.51903 2.80362e-18)
(1.60173 8.0298 -4.37001e-18)
(1.61703 8.29458 1.69234e-18)
(1.582 8.5299 -5.47737e-19)
(1.5929 8.64771 2.51597e-19)
(1.59176 8.63862 -6.35971e-19)
(1.57308 8.45781 -3.13114e-19)
(1.51062 8.1184 1.21941e-19)
(1.43223 7.74481 8.57965e-20)
(1.31788 7.4561 0)
(1.22453 7.22686 3.24047e-19)
(1.15193 7.0013 0)
(1.01886 6.64588 0)
(0.859537 6.27027 0)
(0.796636 6.00065 3.86309e-18)
(0.684086 5.56306 -9.98703e-18)
(0.554243 4.64432 4.89188e-20)
(0.260282 2.70592 7.01228e-18)
(-0.149058 -0.454772 1.84154e-18)
(0.924675 4.78339 1.68227e-18)
(1.45902 7.44904 -1.37416e-18)
(1.36421 8.14195 -9.70279e-19)
(1.33755 8.36052 7.87877e-19)
(1.28161 8.55369 5.12437e-19)
(1.27105 8.65474 3.19414e-19)
(1.26775 8.64489 0)
(1.2535 8.47542 -1.03776e-19)
(1.20587 8.1644 -3.72455e-20)
(1.14659 7.8315 -1.91078e-19)
(1.04475 7.57229 0)
(0.950962 7.36364 7.56764e-21)
(0.877708 7.16774 -3.67872e-19)
(0.754571 6.85896 0)
(0.589039 6.50341 0)
(0.526841 6.25229 -2.27158e-19)
(0.41632 5.86361 0)
(0.315124 5.03838 -1.69566e-19)
(0.134271 3.09385 0)
(-0.0321977 -1.5561 0)
(0.380681 2.61716 0)
(1.0829 6.72497 0)
(1.03595 8.11382 0)
(1.00223 8.4409 -1.93745e-32)
(0.94272 8.5883 1.37621e-32)
(0.943359 8.65683 0)
(0.952152 8.64198 0)
(0.960962 8.4812 0)
(0.940121 8.19858 0)
(0.903734 7.89584 0)
(0.819932 7.65544 0)
(0.730434 7.4641 0)
(0.665974 7.29478 0)
(0.570104 7.03094 0)
(0.417791 6.70439 0)
(0.362544 6.47628 0)
(0.256596 6.14265 0)
(0.176641 5.42251 0)
(0.0459802 3.51939 0)
(0.141686 -1.9625 0)
(-0.0729168 1.04579 0)
(0.67815 6.16464 0)
(0.636431 7.97714 0)
(0.60578 8.45011 0)
(0.583715 8.59478 0)
(0.619895 8.64454 0)
(0.656541 8.6228 0)
(0.70253 8.46901 0)
(0.713465 8.21279 0)
(0.701244 7.93699 0)
(0.637833 7.71647 0)
(0.56042 7.5459 0)
(0.509077 7.40149 0)
(0.440633 7.1719 0)
(0.305751 6.8709 0)
(0.262975 6.6584 0)
(0.173496 6.35727 0)
(0.113497 5.69532 0)
(0.0274341 3.80472 0)
(0.129567 -2.16411 0)
(-0.170975 1.09158 0)
(0.153622 5.83165 0)
(0.103668 7.86943 0)
(0.20508 8.41592 0)
(0.254305 8.55891 0)
(0.326278 8.60337 0)
(0.394965 8.57595 0)
(0.474876 8.43433 0)
(0.509692 8.20785 0)
(0.520737 7.96524 0)
(0.480305 7.77417 0)
(0.41801 7.63284 0)
(0.38001 7.51825 0)
(0.336797 7.32147 0)
(0.220672 7.04301 0)
(0.193783 6.84556 0)
(0.12111 6.56886 0)
(0.081861 5.94542 0)
(0.00722334 4.04606 0)
(-0.0913132 -1.83587 0)
(-0.271122 1.71548 0)
(-0.275305 5.96629 0)
(-0.306966 7.78702 0)
(-0.150349 8.32669 0)
(-0.0435081 8.48047 0)
(0.0705412 8.52896 0)
(0.171874 8.50073 0)
(0.276851 8.38032 0)
(0.335972 8.18914 0)
(0.368143 7.98441 0)
(0.351066 7.82544 0)
(0.305847 7.71379 0)
(0.276703 7.62383 0)
(0.254 7.45607 0)
(0.153925 7.19667 0)
(0.140453 7.00801 0)
(0.0796312 6.74635 0)
(0.0496052 6.14374 0)
(0.00366962 4.1779 0)
(-0.0983963 -1.08882 0)
(-0.353186 2.46739 0)
(-0.407495 6.01267 0)
(-0.463659 7.58985 0)
(-0.329874 8.12801 0)
(-0.238278 8.32559 0)
(-0.121131 8.40178 0)
(-0.00241069 8.39482 0)
(0.119651 8.30763 0)
(0.193905 8.15712 0)
(0.244526 7.99462 0)
(0.249207 7.86658 0)
(0.218707 7.77751 0)
(0.195622 7.7081 0)
(0.187451 7.5635 0)
(0.101217 7.3218 0)
(0.0991253 7.13772 0)
(0.0507705 6.88624 0)
(0.0334164 6.29535 0)
(-0.00976421 4.26614 0)
(-0.0863209 -0.589207 0)
(-0.336456 2.95517 0)
(-0.392071 6.02397 0)
(-0.449942 7.37706 0)
(-0.355669 7.89773 0)
(-0.306397 8.1244 0)
(-0.213726 8.23091 0)
(-0.108742 8.25969 0)
(0.00753708 8.21486 0)
(0.0899578 8.11128 0)
(0.149775 7.99141 0)
(0.168099 7.89003 0)
(0.14976 7.81979 0)
(0.13134 7.7658 0)
(0.137322 7.64222 0)
(0.0630614 7.41826 0)
(0.0676414 7.23463 0)
(0.0259764 6.98826 0)
(0.0124292 6.39774 0)
(-0.0176772 4.25639 0)
(-0.0974327 0.256298 0)
(-0.294653 3.46217 0)
(-0.356191 6.06904 0)
(-0.386173 7.24576 0)
(-0.312384 7.72278 0)
(-0.296771 7.9491 0)
(-0.228832 8.06468 0)
(-0.150481 8.11852 0)
(-0.0547423 8.11322 0)
(0.0220682 8.05482 0)
(0.0822651 7.97307 0)
(0.10688 7.89605 0)
(0.0983868 7.8416 0)
(0.0841188 7.80319 0)
(0.0997748 7.69537 0)
(0.0344565 7.48621 0)
(0.0407111 7.29901 0)
(0.00293174 7.05449 0)
(-0.00650055 6.45514 0)
(-0.0228999 4.21818 0)
(-0.0605601 0.802687 0)
(-0.23328 3.86328 0)
(-0.292618 6.16296 0)
(-0.314554 7.19693 0)
(-0.25169 7.62551 0)
(-0.252707 7.83077 0)
(-0.204127 7.93365 0)
(-0.151275 7.99714 0)
(-0.0784708 8.01823 0)
(-0.0143858 7.99474 0)
(0.0366897 7.94165 0)
(0.0628315 7.88668 0)
(0.0619064 7.84639 0)
(0.0484817 7.81925 0)
(0.0706888 7.72567 0)
(0.0118877 7.53035 0)
(0.0176663 7.33863 0)
(-0.015206 7.09553 0)
(-0.0185797 6.48065 0)
(-0.0276527 4.13813 0)
(-0.0371624 1.28242 0)
(-0.187242 4.21593 0)
(-0.23705 6.27772 0)
(-0.253137 7.20502 0)
(-0.198377 7.58796 0)
(-0.208754 7.76397 0)
(-0.16711 7.8456 0)
(-0.13136 7.90545 0)
(-0.0786966 7.93873 0)
(-0.0303175 7.93741 0)
(0.0102048 7.90703 0)
(0.0343376 7.86992 0)
(0.0381226 7.83983 0)
(0.02367 7.82193 0)
(0.048451 7.73952 0)
(-0.00443062 7.55863 0)
(0.00255713 7.36351 0)
(-0.0253224 7.12193 0)
(-0.0266218 6.48793 0)
(-0.0300782 4.03321 0)
(-0.015805 1.65062 0)
(-0.14095 4.51829 0)
(-0.188442 6.39906 0)
(-0.202869 7.24322 0)
(-0.162198 7.58928 0)
(-0.176924 7.73961 0)
(-0.13337 7.79806 0)
(-0.105822 7.84731 0)
(-0.0678509 7.87983 0)
(-0.0325683 7.8886 0)
(-0.00333231 7.87404 0)
(0.0162885 7.84919 0)
(0.0221808 7.82495 0)
(0.00575978 7.81335 0)
(0.032772 7.7421 0)
(-0.0139688 7.57632 0)
(-0.00578455 7.38001 0)
(-0.030274 7.13995 0)
(-0.030831 6.48338 0)
(-0.0305512 3.91167 0)
(-0.00362291 1.91051 0)
(-0.0987406 4.74625 0)
(-0.141588 6.50223 0)
(-0.158307 7.29187 0)
(-0.132613 7.61177 0)
(-0.153618 7.74473 0)
(-0.109844 7.78611 0)
(-0.0884556 7.81939 0)
(-0.0570825 7.84475 0)
(-0.0284951 7.85492 0)
(-0.00780416 7.84639 0)
(0.00391182 7.82893 0)
(0.0124396 7.80836 0)
(-0.00487643 7.80213 0)
(0.0227022 7.73941 0)
(-0.0179234 7.58933 0)
(-0.00881906 7.39381 0)
(-0.0318278 7.1562 0)
(-0.0328391 6.47503 0)
(-0.0300976 3.78276 0)
(0.00107428 2.08516 0)
(-0.0635068 4.92007 0)
(-0.0990557 6.59205 0)
(-0.113137 7.33768 0)
(-0.104449 7.6379 0)
(-0.131964 7.75932 0)
(-0.0951875 7.78988 0)
(-0.08083 7.81474 0)
(-0.0520044 7.8304 0)
(-0.0266438 7.83553 0)
(-0.0107195 7.82612 0)
(-0.00433012 7.81021 0)
(0.00643309 7.79392 0)
(-0.0110997 7.79041 0)
(0.0155316 7.73639 0)
(-0.0177922 7.6014 0)
(-0.00796027 7.41039 0)
(-0.0314896 7.17586 0)
(-0.0335869 6.46644 0)
(-0.0285382 3.6549 0)
(0.00333025 2.18843 0)
(-0.0410157 5.03507 0)
(-0.0703054 6.65576 0)
(-0.0802222 7.37263 0)
(-0.0780275 7.65575 0)
(-0.109014 7.76738 0)
(-0.0814932 7.79173 0)
(-0.0772487 7.81253 0)
(-0.0524582 7.8262 0)
(-0.0287737 7.82717 0)
(-0.0150221 7.81493 0)
(-0.0115578 7.80013 0)
(0.00438213 7.78571 0)
(-0.013621 7.78382 0)
(0.0130946 7.73699 0)
(-0.0148325 7.61741 0)
(-0.00450493 7.43332 0)
(-0.0290426 7.2034 0)
(-0.0327842 6.46288 0)
(-0.0255824 3.53283 0)
(0.00335254 2.24895 0)
(-0.02828 5.13425 0)
(-0.0562569 6.71518 0)
(-0.060472 7.40193 0)
(-0.0627241 7.66778 0)
(-0.0877889 7.76932 0)
(-0.0660845 7.78565 0)
(-0.0725977 7.80661 0)
(-0.0535035 7.82099 0)
(-0.0333572 7.82239 0)
(-0.0199949 7.80991 0)
(-0.0169695 7.79423 0)
(0.00316994 7.78508 0)
(-0.0137283 7.78386 0)
(0.0109478 7.7409 0)
(-0.0115929 7.63534 0)
(-0.00120247 7.46115 0)
(-0.0265139 7.23576 0)
(-0.0324857 6.46288 0)
(-0.0224336 3.41997 0)
(0.002128 2.29104 0)
(-0.0233723 5.20427 0)
(-0.0506317 6.75633 0)
(-0.052417 7.4235 0)
(-0.0543493 7.6762 0)
(-0.0742224 7.76793 0)
(-0.053803 7.77593 0)
(-0.0645597 7.7942 0)
(-0.0512136 7.81134 0)
(-0.0370117 7.81553 0)
(-0.0245061 7.80674 0)
(-0.0204806 7.79553 0)
(0.00311122 7.78547 0)
(-0.013394 7.7835 0)
(0.0100935 7.74582 0)
(-0.0102399 7.65358 0)
(-0.00170996 7.49124 0)
(-0.0260617 7.27155 0)
(-0.0329012 6.46145 0)
(-0.0207292 3.312 0)
(-0.000582002 2.33381 0)
(-0.0212439 5.28353 0)
(-0.0481365 6.80194 0)
(-0.0479249 7.44282 0)
(-0.0522078 7.68139 0)
(-0.0657031 7.76503 0)
(-0.0458469 7.76612 0)
(-0.0579735 7.78033 0)
(-0.0467557 7.79689 0)
(-0.0362435 7.80551 0)
(-0.0245764 7.80261 0)
(-0.0226241 7.79338 0)
(0.00201687 7.78402 0)
(-0.013171 7.78184 0)
(0.00982555 7.7454 0)
(-0.00977943 7.6663 0)
(-0.00303559 7.51954 0)
(-0.0275085 7.30516 0)
(-0.0334278 6.45729 0)
(-0.0188102 3.20665 0)
(-0.00268195 2.38 0)
(-0.0229382 5.34436 0)
(-0.049869 6.83432 0)
(-0.0489385 7.4564 0)
(-0.0540811 7.68465 0)
(-0.0625972 7.7616 0)
(-0.041811 7.75696 0)
(-0.0528585 7.76854 0)
(-0.0405022 7.78483 0)
(-0.0329995 7.79498 0)
(-0.0217305 7.79568 0)
(-0.0232501 7.78817 0)
(0.000594555 7.77999 0)
(-0.013796 7.77881 0)
(0.00928936 7.74356 0)
(-0.00869458 7.67601 0)
(-0.00292582 7.54477 0)
(-0.0264064 7.33663 0)
(-0.0336245 6.45017 0)
(-0.0150986 3.10312 0)
(-0.00313721 2.43063 0)
(-0.0238053 5.42533 0)
(-0.0504386 6.87792 0)
(-0.0490212 7.47268 0)
(-0.0549632 7.68866 0)
(-0.0609634 7.75931 0)
(-0.040586 7.75167 0)
(-0.0485463 7.76139 0)
(-0.033537 7.77556 0)
(-0.0284704 7.78555 0)
(-0.0184516 7.78666 0)
(-0.0217745 7.77943 0)
(-0.00028691 7.77236 0)
(-0.0137767 7.77349 0)
(0.00745467 7.73972 0)
(-0.00901238 7.68181 0)
(-0.00224816 7.56733 0)
(-0.0238183 7.36337 0)
(-0.0311569 6.43593 0)
(-0.0114157 3.00717 0)
(-0.00130098 2.48123 0)
(-0.0243064 5.48294 0)
(-0.0491881 6.90711 0)
(-0.0480556 7.48412 0)
(-0.0531469 7.692 0)
(-0.058277 7.75986 0)
(-0.0388697 7.75088 0)
(-0.0460932 7.75939 0)
(-0.0294443 7.76976 0)
(-0.0259031 7.77564 0)
(-0.0153287 7.77621 0)
(-0.0199633 7.76972 0)
(-0.000419713 7.76246 0)
(-0.0140857 7.7669 0)
(0.00673947 7.73254 0)
(-0.00831102 7.68684 0)
(-0.00166356 7.58791 0)
(-0.0199328 7.38834 0)
(-0.0288258 6.42599 0)
(-0.00670485 2.92623 0)
(0.00156671 2.52849 0)
(-0.021798 5.56196 0)
(-0.0432013 6.94947 0)
(-0.0422987 7.49926 0)
(-0.0478506 7.69519 0)
(-0.0539582 7.75845 0)
(-0.036064 7.74848 0)
(-0.0464553 7.75702 0)
(-0.0290723 7.76664 0)
(-0.0261792 7.7696 0)
(-0.012722 7.76789 0)
(-0.0177275 7.76016 0)
(0.000958925 7.75203 0)
(-0.0116432 7.75866 0)
(0.00840933 7.72754 0)
(-0.00640666 7.68934 0)
(5.7611e-05 7.60638 0)
(-0.0156358 7.40947 0)
(-0.0242753 6.41063 0)
(-0.00259739 2.86157 0)
(0.00419119 2.56235 0)
(-0.0191791 5.60876 0)
(-0.0367678 6.97467 0)
(-0.0367209 7.50841 0)
(-0.0424905 7.69592 0)
(-0.0473174 7.75604 0)
(-0.0326034 7.74338 0)
(-0.045077 7.75298 0)
(-0.0283326 7.76383 0)
(-0.0277597 7.76802 0)
(-0.0121703 7.76562 0)
(-0.0172589 7.75625 0)
(0.00191625 7.74692 0)
(-0.00944401 7.75423 0)
(0.0093108 7.72624 0)
(-0.00376597 7.69355 0)
(0.00217078 7.62378 0)
(-0.0105739 7.42921 0)
(-0.020596 6.40362 0)
(0.000713559 2.81514 0)
(0.00606232 2.59111 0)
(-0.0168886 5.68127 0)
(-0.0312351 7.01613 0)
(-0.0332984 7.52269 0)
(-0.0381034 7.69686 0)
(-0.0438748 7.7509 0)
(-0.0281264 7.73626 0)
(-0.0427428 7.74654 0)
(-0.025169 7.75898 0)
(-0.0286356 7.76427 0)
(-0.0123048 7.76293 0)
(-0.0170735 7.75444 0)
(0.00141714 7.74443 0)
(-0.00745065 7.75061 0)
(0.00885286 7.72582 0)
(-0.00223715 7.69717 0)
(0.00220903 7.63866 0)
(-0.00783592 7.44484 0)
(-0.0169425 6.39026 0)
(0.00240592 2.77789 0)
(0.00669266 2.60444 0)
(-0.0163453 5.71916 0)
(-0.0288152 7.03883 0)
(-0.0338658 7.53138 0)
(-0.0368122 7.69825 0)
(-0.0410362 7.74946 0)
(-0.0248334 7.73184 0)
(-0.0390411 7.74144 0)
(-0.0209299 7.75365 0)
(-0.0281619 7.76019 0)
(-0.0108189 7.75987 0)
(-0.0168553 7.75188 0)
(0.00121659 7.74176 0)
(-0.0073822 7.74734 0)
(0.00771677 7.72613 0)
(-0.00238082 7.7009 0)
(0.00111816 7.65161 0)
(-0.00623902 7.45897 0)
(-0.015496 6.38366 0)
(0.00337972 2.75469 0)
(0.00651832 2.62745 0)
(-0.0167476 5.78708 0)
(-0.0258928 7.07853 0)
(-0.0340249 7.54529 0)
(-0.0337113 7.69967 0)
(-0.040239 7.74772 0)
(-0.0224141 7.72852 0)
(-0.0378551 7.73829 0)
(-0.0174273 7.74591 0)
(-0.0270051 7.75141 0)
(-0.0097239 7.7528 0)
(-0.0163405 7.74579 0)
(-0.000761727 7.73633 0)
(-0.00690546 7.73991 0)
(0.00495909 7.72534 0)
(-0.00275833 7.70371 0)
(-0.00180107 7.66206 0)
(-0.00475593 7.46885 0)
(-0.0140775 6.36949 0)
(0.00395399 2.72818 0)
(0.00791601 2.63605 0)
(-0.016485 5.81837 0)
(-0.0238666 7.0972 0)
(-0.0348864 7.55168 0)
(-0.0317272 7.70021 0)
(-0.0385429 7.74686 0)
(-0.0217155 7.72697 0)
(-0.0377243 7.73741 0)
(-0.0164277 7.74363 0)
(-0.0264531 7.74855 0)
(-0.00712165 7.74884 0)
(-0.0154645 7.74185 0)
(-0.000444628 7.73242 0)
(-0.00606689 7.73482 0)
(0.0034055 7.72504 0)
(-0.00273487 7.70456 0)
(-0.0025833 7.66873 0)
(-0.00382904 7.47585 0)
(-0.0129473 6.36237 0)
(0.00521352 2.71811 0)
(0.00705292 2.66136 0)
(-0.0169164 5.89541 0)
(-0.0192177 7.14277 0)
(-0.0347979 7.56722 0)
(-0.026633 7.69978 0)
(-0.0368764 7.74256 0)
(-0.0199603 7.72316 0)
(-0.036648 7.73535 0)
(-0.0154869 7.73821 0)
(-0.026911 7.74331 0)
(-0.00763453 7.74343 0)
(-0.0150749 7.73445 0)
(-0.0036841 7.72651 0)
(-0.00594125 7.72527 0)
(-0.000938664 7.7244 0)
(-0.00176998 7.70631 0)
(-0.00652304 7.67682 0)
(-0.00153779 7.48106 0)
(-0.0115609 6.3435 0)
(0.00483675 2.69716 0)
(-1.27537 3.70721 -1.52064e-21)
(1.25066 4.648 9.21524e-18)
(0.485133 4.46121 -8.39282e-18)
(0.844235 4.09132 0)
(0.806914 3.84105 0)
(0.773096 3.5857 -1.15756e-17)
(0.758522 3.37954 1.11019e-17)
(0.6096 3.13691 -1.16611e-17)
(0.415998 2.84328 1.83276e-19)
(0.295997 2.20179 1.21931e-17)
(-0.138516 4.15311 -1.83221e-21)
(0.567681 4.14514 7.60412e-19)
(0.298929 3.95971 0)
(0.442099 3.77418 0)
(0.436649 3.5734 3.49508e-19)
(0.412564 3.41518 2.28091e-17)
(0.356487 3.27849 -1.19087e-17)
(0.26596 3.137 -1.84537e-19)
(0.170225 2.85349 1.79188e-19)
(0.0793454 1.82127 0)
(-0.0693194 3.06422 9.51185e-18)
(0.437487 3.66395 -9.53488e-18)
(0.288997 3.6911 0)
(0.34051 3.52411 1.07427e-17)
(0.311767 3.41759 -5.68898e-21)
(0.280293 3.3159 -1.1239e-17)
(0.231731 3.24614 -1.22e-17)
(0.174444 3.19573 -9.84462e-22)
(0.137425 3.00939 1.86497e-19)
(0.0331482 2.07632 0)
(-0.105507 2.68495 -4.70453e-18)
(0.187968 3.49215 0)
(0.115212 3.51087 -5.3727e-18)
(0.166905 3.44778 -5.33979e-18)
(0.161315 3.35066 3.59021e-19)
(0.150884 3.28664 -6.26712e-18)
(0.132886 3.23538 5.99812e-18)
(0.106946 3.1828 -1.85666e-19)
(0.0856735 3.04652 2.8482e-19)
(0.0377297 2.15892 6.29008e-18)
(-0.0262601 2.44037 -4.95647e-18)
(0.151848 3.29056 0)
(0.106904 3.37142 1.0729e-17)
(0.132527 3.3211 -5.82251e-18)
(0.116045 3.27057 -2.04132e-21)
(0.101414 3.23358 3.42683e-19)
(0.0888563 3.2166 -1.41618e-20)
(0.0751835 3.20133 -6.14596e-18)
(0.0773344 3.0824 1.87542e-19)
(0.0130444 2.25983 -1.28428e-17)
(-0.0339877 2.30891 0)
(0.0505309 3.21789 -5.21103e-18)
(0.019855 3.31678 -1.21789e-19)
(0.0496171 3.29034 -3.48464e-19)
(0.0526076 3.25647 3.54678e-19)
(0.0539189 3.22868 5.83793e-18)
(0.0526151 3.204 6.0878e-18)
(0.0494723 3.18456 1.20556e-17)
(0.057243 3.09333 6.11227e-18)
(0.0194312 2.32243 -8.53825e-21)
(-0.0321174 2.2738 0)
(0.0357773 3.1462 5.32602e-18)
(0.0163886 3.24745 -5.5285e-18)
(0.0347311 3.22885 -3.5031e-19)
(0.0366253 3.20661 7.1883e-19)
(0.0372168 3.19045 7.28845e-22)
(0.0399245 3.18384 -3.83021e-19)
(0.0374161 3.18031 -6.25116e-18)
(0.0530971 3.10298 -5.92444e-18)
(0.00848126 2.40137 -1.15416e-20)
(-0.0389076 2.27176 5.21928e-18)
(-0.0071308 3.12299 -2.52765e-19)
(-0.0169135 3.21935 1.7445e-19)
(-0.00331329 3.21119 0)
(0.0072696 3.19329 0)
(0.0147933 3.18041 0)
(0.0244911 3.16848 0)
(0.0310088 3.15977 6.29425e-18)
(0.0460996 3.10421 -6.21403e-18)
(0.0168845 2.45454 6.53921e-18)
(-0.0462678 2.35138 1.16097e-19)
(-0.0178892 3.10254 5.32392e-18)
(-0.0100417 3.17921 0)
(-0.00333763 3.17025 -3.58118e-19)
(0.00701685 3.15843 3.66536e-19)
(0.0151665 3.15014 0)
(0.0234298 3.14926 -1.93298e-19)
(0.0257919 3.15022 -6.1147e-18)
(0.0434121 3.10263 6.45512e-18)
(0.0110241 2.52772 0)
(-0.0439792 2.40673 -6.11272e-20)
(-0.0319696 3.09708 -8.08535e-18)
(-0.026349 3.15754 0)
(-0.0180206 3.15234 0)
(-0.00803458 3.1429 3.70994e-19)
(0.00309729 3.13594 -3.04078e-18)
(0.0152671 3.12849 -3.8804e-19)
(0.0230716 3.12495 3.18219e-18)
(0.0404083 3.09294 0)
(0.0206557 2.57687 0)
(-0.0393316 2.51188 -8.12439e-18)
(-0.0348027 3.0873 2.77447e-18)
(-0.0145712 3.12694 0)
(-0.00822528 3.11819 0)
(-2.58871e-05 3.10969 0)
(0.00769876 3.10413 6.09432e-18)
(0.0153548 3.10644 0)
(0.0198276 3.1099 -3.38974e-18)
(0.0383429 3.08762 2.04452e-19)
(0.0147417 2.65159 3.34769e-18)
(-0.0369462 2.58095 2.78308e-18)
(-0.0396378 3.07839 -2.6062e-19)
(-0.0301633 3.10326 3.02141e-18)
(-0.021651 3.09613 2.91044e-18)
(-0.0127819 3.08919 0)
(-0.000539521 3.08558 -3.05172e-18)
(0.0130969 3.08057 0)
(0.0213399 3.0826 0)
(0.0385623 3.07234 0)
(0.0231055 2.70609 -3.36323e-18)
(-0.0364816 2.68707 -2.62531e-18)
(-0.0418989 3.06218 2.6981e-18)
(-0.0216126 3.07154 -2.84298e-18)
(-0.0121429 3.06221 -4.37435e-18)
(-0.00182667 3.05713 0)
(0.00808913 3.05412 3.83592e-19)
(0.0164952 3.0599 -1.96713e-19)
(0.0247315 3.06425 1.41618e-18)
(0.0420202 3.06032 1.76397e-18)
(0.0203651 2.77922 -1.80569e-18)
(-0.0327567 2.7687 2.69599e-18)
(-0.0470975 3.0466 -2.59986e-18)
(-0.033062 3.0481 1.78194e-19)
(-0.0207521 3.04162 1.08576e-18)
(-0.010984 3.03659 -1.48097e-18)
(0.000359338 3.03518 0)
(0.0148707 3.03048 1.58377e-18)
(0.0256244 3.03348 4.974e-21)
(0.0438647 3.03685 -3.33412e-18)
(0.0287796 2.83301 -6.50012e-21)
(-0.0314989 2.85659 -6.79808e-19)
(-0.0428758 3.02051 1.73239e-19)
(-0.0244119 3.0166 -8.89522e-19)
(-0.0120622 3.01398 3.63447e-19)
(-0.00268321 3.01351 1.80666e-18)
(0.00579391 3.01307 -7.45869e-19)
(0.0128862 3.01558 -7.76541e-19)
(0.0224135 3.01787 -8.05384e-19)
(0.041852 3.02091 1.67612e-18)
(0.0248536 2.89925 8.57364e-19)
(-0.0163627 2.94014 5.47756e-19)
(-0.0270538 3.00131 2.41075e-19)
(-0.0153731 3.0022 4.9289e-19)
(-0.0090062 3.00118 -1.01218e-18)
(-0.00375528 3.00235 3.39098e-19)
(0.000813728 3.0021 6.97046e-19)
(0.00652044 3.00069 -7.17531e-19)
(0.0116276 2.99899 -7.43637e-19)
(0.0217275 2.99792 9.66246e-20)
(0.0165678 2.95047 6.92307e-19)
)
;

boundaryField
{
    wall-4
    {
        type            noSlip;
    }
    pressure-outlet-7
    {
        type            zeroGradient;
    }
    velocity-inlet-6
    {
        type            fixedValue;
        value           uniform (0 3 0);
    }
    velocity-inlet-5
    {
        type            parabolicVelocity;
        maxValue        10;
        n               (1 0 0);
        y               (0 1 0);
        value           nonuniform List<vector> 
20
(
(0.381518 0 0)
(1.19474 0 0)
(2.1232 0 0)
(3.16908 0 0)
(4.32585 0 0)
(5.57242 0 0)
(6.86447 0 0)
(8.12141 0 0)
(9.20707 0 0)
(9.90123 0 0)
(9.90123 0 0)
(9.20707 0 0)
(8.12141 0 0)
(6.86447 0 0)
(5.57242 0 0)
(4.32585 0 0)
(3.16908 0 0)
(2.1232 0 0)
(1.19474 0 0)
(0.381518 0 0)
)
;
    }
    frontAndBackPlanes
    {
        type            empty;
    }
}


// ************************************************************************* //
