/*--------------------------------*- C++ -*----------------------------------*\
| =========                 |                                                 |
| \\      /  F ield         | OpenFOAM: The Open Source CFD Toolbox           |
|  \\    /   O peration     | Version:  2412                                  |
|   \\  /    A nd           | Website:  www.openfoam.com                      |
|    \\/     M anipulation  |                                                 |
\*---------------------------------------------------------------------------*/
FoamFile
{
    version     2.0;
    format      ascii;
    arch        "LSB;label=32;scalar=64";
    class       volVectorField;
    location    "0.25";
    object      U;
}
// * * * * * * * * * * * * * * * * * * * * * * * * * * * * * * * * * * * * * //

dimensions      [0 1 -1 0 0 0 0];

internalField   nonuniform List<vector> 
2200
(
(1.09593 0.291882 0)
(1.56519 0.733489 0)
(2.27512 1.02261 0)
(2.98574 1.22111 0)
(3.92533 1.25943 0)
(5.07318 1.2203 0)
(6.3381 1.02297 0)
(7.64644 0.792104 0)
(8.83926 0.44752 0)
(9.57826 0.151671 0)
(9.5783 -0.149438 0)
(8.83912 -0.445506 0)
(7.64629 -0.790106 0)
(6.33787 -1.02135 0)
(5.07278 -1.21889 0)
(3.92483 -1.25839 0)
(2.98515 -1.22029 0)
(2.27459 -1.0221 0)
(1.56501 -0.733185 0)
(1.09573 -0.291802 0)
(2.98457 0.210549 0)
(3.06807 0.654781 0)
(3.13499 1.10877 0)
(3.5793 1.50158 0)
(4.28999 1.82956 0)
(5.17031 1.96303 0)
(6.15589 1.95393 0)
(7.18926 1.68598 0)
(8.07338 1.18778 0)
(8.71463 0.426296 0)
(8.71428 -0.420049 0)
(8.07283 -1.18151 0)
(7.18821 -1.68066 0)
(6.15467 -1.94965 0)
(5.16914 -1.95974 0)
(4.28893 -1.82711 0)
(3.57831 -1.49989 0)
(3.13381 -1.1076 0)
(3.06673 -0.654126 0)
(2.98335 -0.210331 0)
(4.31765 0.116229 0)
(4.52487 0.389092 0)
(4.60074 0.730515 0)
(4.82145 1.09708 0)
(5.1559 1.45425 0)
(5.65655 1.72249 0)
(6.38018 1.82209 0)
(7.22186 1.64458 0)
(7.95952 1.20449 0)
(8.44894 0.44504 0)
(8.44866 -0.436323 0)
(7.95862 -1.19694 0)
(7.21992 -1.63818 0)
(6.37787 -1.81671 0)
(5.65389 -1.71817 0)
(5.15295 -1.45089 0)
(4.81841 -1.09468 0)
(4.59767 -0.728957 0)
(4.5217 -0.388243 0)
(4.31455 -0.115956 0)
(5.0978 0.0720195 0)
(5.35341 0.240059 0)
(5.39836 0.448228 0)
(5.51891 0.678608 0)
(5.72654 0.913515 0)
(6.04204 1.11997 0)
(6.48313 1.23019 0)
(7.04428 1.18133 0)
(7.66556 0.886718 0)
(8.18369 0.346179 0)
(8.1829 -0.335499 0)
(7.66253 -0.877205 0)
(7.04068 -1.17336 0)
(6.47879 -1.22346 0)
(6.03717 -1.11462 0)
(5.72133 -0.909478 0)
(5.5135 -0.675749 0)
(5.39284 -0.446377 0)
(5.34778 -0.239054 0)
(5.09232 -0.0717112 0)
(5.56286 0.0464267 0)
(5.84455 0.151203 0)
(5.87509 0.280512 0)
(5.94327 0.424415 0)
(6.06115 0.574134 0)
(6.24429 0.711711 0)
(6.50545 0.801446 0)
(6.83318 0.782676 0)
(7.25417 0.617347 0)
(7.59161 0.252955 0)
(7.59 -0.240822 0)
(7.25 -0.606043 0)
(6.82797 -0.77292 0)
(6.49905 -0.793272 0)
(6.23704 -0.705267 0)
(6.05336 -0.569285 0)
(5.93515 -0.42097 0)
(5.86678 -0.278274 0)
(5.83609 -0.149991 0)
(5.55461 -0.0460423 0)
(5.85854 0.0296689 0)
(6.15705 0.0960974 0)
(6.17937 0.178269 0)
(6.22073 0.270319 0)
(6.2919 0.367561 0)
(6.40272 0.458846 0)
(6.56149 0.52475 0)
(6.76574 0.533978 0)
(7.01194 0.439086 0)
(7.20238 0.182159 0)
(7.20057 -0.168233 0)
(7.00657 -0.425699 0)
(6.7584 -0.521963 0)
(6.55244 -0.5148 0)
(6.39251 -0.450996 0)
(6.28095 -0.361642 0)
(6.20933 -0.266102 0)
(6.16773 -0.17551 0)
(6.1453 -0.0945961 0)
(5.8471 -0.0291932 0)
(6.04876 0.0188986 0)
(6.35872 0.0613863 0)
(6.3749 0.113799 0)
(6.40098 0.172622 0)
(6.44598 0.235321 0)
(6.51649 0.294884 0)
(6.61806 0.338646 0)
(6.75177 0.347664 0)
(6.91304 0.287835 0)
(7.04282 0.121487 0)
(7.04047 -0.104274 0)
(6.90731 -0.271533 0)
(6.74199 -0.333203 0)
(6.60584 -0.326479 0)
(6.50267 -0.285297 0)
(6.43114 -0.228102 0)
(6.38547 -0.167504 0)
(6.359 -0.110546 0)
(6.34243 -0.0596899 0)
(6.03287 -0.0183493 0)
(6.16989 0.0120197 0)
(6.48774 0.0393026 0)
(6.49933 0.0728135 0)
(6.5158 0.11043 0)
(6.54426 0.15065 0)
(6.58903 0.189146 0)
(6.65377 0.217666 0)
(6.73855 0.224007 0)
(6.84079 0.184304 0)
(6.91994 0.0797588 0)
(6.91659 -0.059405 0)
(6.83079 -0.16425 0)
(6.72563 -0.20498 0)
(6.6375 -0.202318 0)
(6.57078 -0.177054 0)
(6.52472 -0.141397 0)
(6.49546 -0.103603 0)
(6.47849 -0.067967 0)
(6.46757 -0.0363715 0)
(6.15025 -0.0111005 0)
(6.24718 0.00771559 0)
(6.57041 0.02539 0)
(6.57898 0.0470452 0)
(6.58926 0.0714231 0)
(6.60698 0.0975303 0)
(6.63481 0.122658 0)
(6.67505 0.142043 0)
(6.72731 0.145811 0)
(6.77834 0.122111 0)
(6.83463 0.057418 0)
(6.83044 -0.030152 0)
(6.77622 -0.096402 0)
(6.71042 -0.123319 0)
(6.65399 -0.122872 0)
(6.61117 -0.10782 0)
(6.58159 -0.0862454 0)
(6.56262 -0.0633498 0)
(6.55153 -0.0423948 0)
(6.53903 -0.0237247 0)
(6.21602 -0.00719781 0)
(6.29752 0.00507987 0)
(6.62435 0.0168013 0)
(6.63108 0.0311523 0)
(6.63744 0.0473995 0)
(6.64831 0.0649162 0)
(6.66528 0.0819016 0)
(6.68974 0.0958721 0)
(6.72074 0.105357 0)
(6.76124 0.0827688 0)
(6.78628 0.0386258 0)
(6.77844 -0.0104397 0)
(6.7425 -0.0527041 0)
(6.69966 -0.0706924 0)
(6.66286 -0.0715559 0)
(6.63482 -0.0628457 0)
(6.61508 -0.0495807 0)
(6.60189 -0.0349404 0)
(6.59233 -0.0200169 0)
(6.59446 -0.00662387 0)
(6.26781 -0.00109282 0)
(6.33144 0.00348228 0)
(6.66073 0.011544 0)
(6.66645 0.0214209 0)
(6.67049 0.0327321 0)
(6.67743 0.0451513 0)
(6.68836 0.0578301 0)
(6.70365 0.0682817 0)
(6.72782 0.0832505 0)
(6.70515 0.0611825 0)
(6.75697 0.0313532 0)
(6.74774 0.00554248 0)
(6.72097 -0.0229784 0)
(6.69168 -0.0355229 0)
(6.66739 -0.0375177 0)
(6.65005 -0.0329898 0)
(6.63913 -0.024723 0)
(6.63314 -0.0139939 0)
(6.63398 -0.0033698 0)
(6.60235 0.00119639 0)
(6.24996 -0.000155805 0)
(6.35512 0.00245866 0)
(6.68607 0.00813419 0)
(6.6912 0.0150459 0)
(6.6938 0.0229035 0)
(6.69831 0.0314487 0)
(6.70561 0.0399571 0)
(6.71737 0.0476789 0)
(6.72307 0.0392702 0)
(6.70369 0.0520472 0)
(6.74455 0.0502692 0)
(6.72797 0.0216074 0)
(6.70529 -0.000618564 0)
(6.68401 -0.0116647 0)
(6.66767 -0.0164603 0)
(6.65663 -0.0165641 0)
(6.65019 -0.0150883 0)
(6.64898 -0.0142634 0)
(6.64391 -0.0121056 0)
(6.60073 -0.0124225 0)
(6.26113 -0.00548089 0)
(6.37224 0.00188189 0)
(6.70421 0.0061588 0)
(6.70872 0.0113158 0)
(6.70985 0.0170614 0)
(6.71172 0.0228412 0)
(6.71569 0.0283208 0)
(6.71927 0.0319999 0)
(6.70499 0.0133741 0)
(6.7555 0.048644 0)
(6.71441 0.0790837 0)
(6.70997 0.0352141 0)
(6.69102 0.0175895 0)
(6.6742 0.00577791 0)
(6.66137 -0.00257365 0)
(6.65282 -0.00938141 0)
(6.64698 -0.0147446 0)
(6.64355 -0.0211803 0)
(6.62539 -0.0279751 0)
(6.61682 -0.0307391 0)
(6.33708 -0.0141758 0)
(6.38662 0.00185275 0)
(6.71914 0.00595891 0)
(6.72299 0.0109104 0)
(6.72264 0.0165659 0)
(6.72177 0.0224362 0)
(6.72053 0.0280394 0)
(6.71741 0.0325762 0)
(6.70787 0.021541 0)
(6.82012 0.0586936 0)
(6.69932 0.0751792 0)
(6.69254 0.0441368 0)
(6.67708 0.0323018 0)
(6.66216 0.020896 0)
(6.64929 0.0114922 0)
(6.63886 0.00276575 0)
(6.63105 -0.0057472 0)
(6.62377 -0.0147861 0)
(6.61618 -0.0237409 0)
(6.67738 -0.0129973 0)
(6.43804 -0.00388941 0)
(6.40241 0.002236 0)
(6.73539 0.00715666 0)
(6.73883 0.0131455 0)
(6.73757 0.0201739 0)
(6.73513 0.0285074 0)
(6.72926 0.0371039 0)
(6.72104 0.0467744 0)
(6.72831 0.0645979 0)
(6.80086 0.0620172 0)
(6.69823 0.0547908 0)
(6.682 0.0525932 0)
(6.66614 0.045687 0)
(6.65086 0.0365001 0)
(6.63754 0.0287712 0)
(6.62613 0.022925 0)
(6.61665 0.0186622 0)
(6.60872 0.0170539 0)
(6.6174 0.0163866 0)
(6.67817 0.013038 0)
(6.41014 0.00673401 0)
(6.42223 0.00277576 0)
(6.75585 0.00888153 0)
(6.75918 0.0163411 0)
(6.75765 0.025197 0)
(6.75484 0.0357187 0)
(6.74999 0.0481561 0)
(6.74308 0.0635795 0)
(6.74234 0.0841394 0)
(6.76663 0.0710324 0)
(6.70287 0.0572673 0)
(6.67933 0.0674738 0)
(6.65847 0.0611428 0)
(6.64127 0.052566 0)
(6.6282 0.0444198 0)
(6.61881 0.0378276 0)
(6.61156 0.0335328 0)
(6.60589 0.0306902 0)
(6.61345 0.0296363 0)
(6.63701 0.0239663 0)
(6.32505 0.0093653 0)
(6.44673 0.00334539 0)
(6.78114 0.0106996 0)
(6.78438 0.0196488 0)
(6.7826 0.0302126 0)
(6.77942 0.0425331 0)
(6.77429 0.0566296 0)
(6.767 0.0726165 0)
(6.76044 0.0903861 0)
(6.76066 0.0880726 0)
(6.70989 0.0822529 0)
(6.67816 0.0891559 0)
(6.65069 0.0806989 0)
(6.63039 0.0698321 0)
(6.61638 0.0583926 0)
(6.6075 0.0477239 0)
(6.60258 0.0384551 0)
(6.60043 0.0314419 0)
(6.60481 0.0257848 0)
(6.6079 0.0167379 0)
(6.28374 0.00571688 0)
(6.47632 0.00406774 0)
(6.8116 0.0130012 0)
(6.81456 0.0238641 0)
(6.81211 0.0366368 0)
(6.80777 0.0514223 0)
(6.80072 0.0680679 0)
(6.79004 0.0860421 0)
(6.77556 0.104337 0)
(6.75825 0.11194 0)
(6.71352 0.11483 0)
(6.67408 0.115829 0)
(6.63985 0.10488 0)
(6.61524 0.0901878 0)
(6.59847 0.0744534 0)
(6.5877 0.0594466 0)
(6.58187 0.0456991 0)
(6.58 0.0339367 0)
(6.57801 0.0237128 0)
(6.57469 0.0136058 0)
(6.24726 0.00433416 0)
(6.51271 0.00512124 0)
(6.84897 0.0162949 0)
(6.8515 0.029845 0)
(6.84807 0.045762 0)
(6.84199 0.0641306 0)
(6.83208 0.0847145 0)
(6.81683 0.106659 0)
(6.79473 0.128251 0)
(6.76471 0.142923 0)
(6.71653 0.150393 0)
(6.66716 0.148595 0)
(6.62498 0.13449 0)
(6.59469 0.115186 0)
(6.57392 0.0945516 0)
(6.56034 0.0748067 0)
(6.55205 0.0567946 0)
(6.54747 0.0407816 0)
(6.54476 0.0268507 0)
(6.53946 0.0148052 0)
(6.21211 0.00461815 0)
(6.5593 0.00648518 0)
(6.89648 0.020706 0)
(6.89839 0.0380652 0)
(6.89358 0.0583614 0)
(6.88516 0.0817346 0)
(6.87148 0.107792 0)
(6.85054 0.135378 0)
(6.82009 0.162159 0)
(6.7782 0.182859 0)
(6.72011 0.193492 0)
(6.65801 0.189509 0)
(6.6057 0.171131 0)
(6.56815 0.146159 0)
(6.54232 0.119585 0)
(6.52529 0.0941202 0)
(6.5146 0.0709791 0)
(6.50826 0.0505717 0)
(6.50462 0.03298 0)
(6.49838 0.0180252 0)
(6.17223 0.00560418 0)
(6.6181 0.00877009 0)
(6.95746 0.0273904 0)
(6.95862 0.0496988 0)
(6.95203 0.0759338 0)
(6.94039 0.105995 0)
(6.92154 0.139338 0)
(6.89292 0.174314 0)
(6.85185 0.207797 0)
(6.7961 0.234266 0)
(6.72336 0.247233 0)
(6.6455 0.240603 0)
(6.58055 0.216627 0)
(6.5339 0.184671 0)
(6.50167 0.150875 0)
(6.48022 0.11852 0)
(6.46655 0.0891688 0)
(6.45827 0.0633939 0)
(6.45353 0.0412411 0)
(6.44649 0.0224507 0)
(6.12195 0.00694374 0)
(6.70202 0.0105205 0)
(7.03902 0.0345795 0)
(7.03848 0.0649852 0)
(7.02875 0.0997404 0)
(7.01206 0.13938 0)
(6.98561 0.182617 0)
(6.94633 0.227063 0)
(6.89126 0.268543 0)
(6.81831 0.300583 0)
(6.72659 0.314849 0)
(6.62975 0.304339 0)
(6.54962 0.273155 0)
(6.49192 0.232684 0)
(6.4517 0.190177 0)
(6.42465 0.149498 0)
(6.40719 0.112561 0)
(6.39651 0.0801124 0)
(6.3904 0.0522279 0)
(6.38255 0.0285994 0)
(6.06072 0.00900646 0)
(6.79442 0.017697 0)
(7.14734 0.0518747 0)
(7.14459 0.0903478 0)
(7.12995 0.136337 0)
(7.10509 0.187923 0)
(7.06673 0.243282 0)
(7.0116 0.298746 0)
(6.93701 0.348706 0)
(6.84159 0.385422 0)
(6.72571 0.399179 0)
(6.60583 0.382788 0)
(6.5074 0.342548 0)
(6.43621 0.291996 0)
(6.38598 0.239258 0)
(6.35159 0.188651 0)
(6.32896 0.142388 0)
(6.31484 0.101467 0)
(6.30663 0.0659363 0)
(6.29711 0.0356353 0)
(5.97531 0.010598 0)
(6.984 0.0189989 0)
(7.29488 0.0639422 0)
(7.28711 0.123646 0)
(7.26358 0.188044 0)
(7.22521 0.257861 0)
(7.1688 0.329311 0)
(7.09159 0.397387 0)
(6.99186 0.455297 0)
(6.86944 0.494551 0)
(6.7259 0.504901 0)
(6.5809 0.479855 0)
(6.46265 0.428389 0)
(6.37633 0.366153 0)
(6.3142 0.301762 0)
(6.27039 0.239707 0)
(6.24036 0.182377 0)
(6.22056 0.130994 0)
(6.20824 0.0866181 0)
(6.19615 0.0475944 0)
(5.88678 0.0161532 0)
(7.1221 0.0312167 0)
(7.51023 0.106014 0)
(7.48673 0.189365 0)
(7.44135 0.279884 0)
(7.3764 0.37026 0)
(7.28958 0.45712 0)
(7.17943 0.53458 0)
(7.04568 0.595436 0)
(6.88944 0.631383 0)
(6.71304 0.632639 0)
(6.53862 0.594666 0)
(6.39705 0.529711 0)
(6.29284 0.454903 0)
(6.21621 0.378634 0)
(6.16047 0.305168 0)
(6.12082 0.236784 0)
(6.09373 0.174463 0)
(6.07633 0.118392 0)
(6.0603 0.0743296 0)
(5.72846 0.0223702 0)
(7.5809 0.097598 0)
(7.84722 0.160545 0)
(7.77195 0.314774 0)
(7.67842 0.43497 0)
(7.56524 0.542654 4.95081e-33)
(7.43101 0.63834 -2.8445e-33)
(7.27554 0.716884 0)
(7.0995 0.772305 0)
(6.90447 0.79757 0)
(6.69278 0.78405 0)
(6.48967 0.729516 0)
(6.3262 0.649443 0)
(6.20394 0.561777 0)
(6.11137 0.47371 0)
(6.04082 0.388425 0)
(5.98702 0.307236 0)
(5.94618 0.230614 0)
(5.91514 0.156856 0)
(5.88478 0.0802797 0)
(5.48711 0.0373469 0)
(8.05493 0.296146 -2.12626e-19)
(8.2114 0.432158 1.92134e-19)
(8.06489 0.609713 0)
(7.91171 0.712972 1.26337e-19)
(7.7444 0.810147 -1.01756e-19)
(7.56066 0.894769 3.01689e-33)
(7.36015 0.960187 0)
(7.14297 1.00062 2.35139e-19)
(6.90995 1.0092 -8.2241e-19)
(6.66247 0.977522 1.77477e-19)
(6.4267 0.905479 0)
(6.23491 0.811299 -5.4984e-19)
(6.08779 0.712966 -6.85643e-19)
(5.97184 0.616832 1.2066e-18)
(5.87811 0.525737 -9.68229e-19)
(5.80066 0.441066 0)
(5.73541 0.36384 -3.72242e-19)
(5.67948 0.29562 0)
(5.62816 0.219787 -2.0998e-18)
(5.2946 0.157752 2.21192e-18)
(8.52359 0.675588 -1.23336e-19)
(8.45418 0.985504 -1.73568e-18)
(8.27781 1.0325 4.90073e-19)
(8.08712 1.08167 4.26619e-19)
(7.8773 1.15097 -2.02799e-19)
(7.65233 1.2116 3.66316e-19)
(7.41229 1.25565 0)
(7.15701 1.27655 0)
(6.88691 1.26685 1.30567e-18)
(6.60267 1.2181 0)
(6.33061 1.13205 1.9276e-18)
(6.10646 1.02947 5.98545e-19)
(5.9322 0.928707 2.28238e-20)
(5.79212 0.835464 -1.36246e-18)
(5.67642 0.752044 0)
(5.57892 0.679189 0)
(5.49565 0.616725 -6.38875e-18)
(5.42393 0.566376 1.62104e-17)
(5.36128 0.542673 -9.68795e-18)
(5.10784 0.41343 -1.03048e-17)
(8.82672 1.10026 2.27817e-18)
(8.57508 1.55283 -7.75104e-19)
(8.41499 1.46658 -1.86603e-19)
(8.20125 1.49215 -7.7333e-19)
(7.9628 1.53249 5.69598e-19)
(7.70825 1.561 -8.09942e-19)
(7.4375 1.57617 4.26824e-19)
(7.15119 1.57143 0)
(6.85024 1.53902 -2.7192e-18)
(6.53546 1.47062 2.8561e-18)
(6.2347 1.36997 -5.25417e-18)
(5.98681 1.2599 2.53927e-18)
(5.79428 1.15799 -1.83343e-18)
(5.64014 1.06809 4.04044e-18)
(5.51405 0.990947 0)
(5.40953 0.92597 -1.56728e-18)
(5.32228 0.871681 0)
(5.24931 0.826587 9.13484e-18)
(5.18569 0.822181 -2.18283e-17)
(4.96951 0.672717 1.20001e-17)
(8.98601 1.47047 -9.51393e-18)
(8.60544 2.07728 5.53664e-18)
(8.47615 1.85771 7.67242e-19)
(8.2438 1.89988 0)
(7.9945 1.91339 2.46449e-19)
(7.72535 1.9134 -1.91412e-19)
(7.43602 1.90169 -4.91376e-19)
(7.12846 1.87181 0)
(6.80459 1.81651 1.9224e-18)
(6.46594 1.728 -1.96971e-18)
(6.14281 1.61214 4.55079e-18)
(5.87741 1.49359 0)
(5.67271 1.38872 -3.83375e-18)
(5.51051 1.29918 2.13022e-18)
(5.37964 1.22422 5.70523e-18)
(5.27284 1.16222 -5.00647e-18)
(5.18511 1.11108 8.33042e-18)
(5.11312 1.06724 -1.85923e-17)
(5.04858 1.06806 1.18427e-17)
(4.85067 0.912459 -1.31555e-17)
(9.06667 1.82084 6.63734e-18)
(8.61974 2.52348 -6.31681e-18)
(8.48901 2.24082 2.26987e-18)
(8.24392 2.28915 -3.02134e-18)
(7.98964 2.27885 1.81777e-18)
(7.71072 2.25696 -1.72676e-19)
(7.40821 2.22245 1.10876e-19)
(7.08491 2.16959 -1.55784e-18)
(6.74343 2.09228 -1.95276e-18)
(6.38608 1.98368 -4.2032e-18)
(6.04569 1.85185 -9.78819e-18)
(5.76758 1.7233 -3.22083e-18)
(5.55484 1.61328 1.19053e-19)
(5.38797 1.52142 -7.49206e-18)
(5.25479 1.44573 -2.55154e-19)
(5.14726 1.38381 7.29141e-18)
(5.0598 1.33313 -2.25844e-18)
(4.98901 1.28876 -1.34056e-18)
(4.92384 1.29062 0)
(4.74142 1.13091 2.75964e-17)
(8.99722 2.27656 0)
(8.6344 2.86526 1.65809e-18)
(8.4734 2.62785 0)
(8.222 2.66184 -4.59015e-19)
(7.96159 2.6307 -2.22551e-18)
(7.67351 2.5898 1.77423e-19)
(7.3605 2.53455 4.44528e-19)
(7.0252 2.46031 2.70113e-18)
(6.67034 2.36202 -1.15339e-18)
(6.29871 2.23363 1.91255e-18)
(5.94528 2.08534 5.26328e-18)
(5.65795 1.94554 7.10539e-18)
(5.43983 1.82861 -4.39018e-18)
(5.27022 1.73247 8.0967e-18)
(5.13605 1.65411 -6.48444e-18)
(5.02859 1.59047 0)
(4.94179 1.53865 -1.72821e-17)
(4.87243 1.49229 2.32395e-17)
(4.80619 1.49539 1.76809e-18)
(4.64181 1.32875 -2.90278e-17)
(8.81226 2.65317 -1.09332e-18)
(8.61959 3.21459 -5.30725e-18)
(8.44062 3.01023 -1.27125e-17)
(8.18399 3.01797 6.67992e-18)
(7.91518 2.9699 -1.08858e-18)
(7.61895 2.91064 4.23966e-19)
(7.29771 2.83557 5.86438e-19)
(6.95339 2.74111 -5.02609e-19)
(6.58849 2.62286 -4.27431e-18)
(6.20596 2.4753 2.03596e-20)
(5.84248 2.31039 -5.69995e-18)
(5.54822 2.15843 -7.53105e-18)
(5.32636 2.03325 4.92093e-18)
(5.15521 1.9314 -2.90426e-18)
(5.02087 1.84902 7.02494e-18)
(4.91403 1.78254 0)
(4.82823 1.72871 -1.06601e-17)
(4.76033 1.68052 1.57652e-17)
(4.69379 1.6813 3.07847e-17)
(4.53792 1.51573 -3.07811e-17)
(8.64549 3.01644 -2.45444e-17)
(8.56018 3.59249 1.16778e-17)
(8.38643 3.3815 8.0075e-18)
(8.12546 3.36337 -7.06377e-18)
(7.85109 3.29611 4.5782e-19)
(7.54958 3.21779 1.23276e-18)
(7.22281 3.12349 -5.94944e-19)
(6.87215 3.00992 -1.09007e-18)
(6.49989 2.87288 -2.6111e-18)
(6.10906 2.70702 4.33504e-18)
(5.73766 2.5257 5.48807e-18)
(5.43793 2.36103 1.18416e-17)
(5.21333 2.22659 0)
(5.0414 2.11786 2.02452e-19)
(4.90755 2.03036 -1.94183e-17)
(4.8019 1.96009 4.4458e-18)
(4.71764 1.90346 2.2773e-17)
(4.65174 1.85276 -6.63336e-18)
(4.58416 1.85368 1.4844e-17)
(4.42992 1.67612 -7.26931e-19)
(8.49918 3.35625 1.25313e-18)
(8.47589 3.94238 1.0811e-17)
(8.30783 3.729 5.92668e-18)
(8.04747 3.68811 -1.24046e-17)
(7.77131 3.60447 7.2173e-18)
(7.46793 3.50849 -1.60941e-18)
(7.13834 3.39645 5.53877e-19)
(6.78377 3.26529 2.79648e-18)
(6.40641 3.11088 4.78927e-18)
(6.00929 2.9279 -5.41408e-18)
(5.63144 2.73075 0)
(5.32705 2.55313 -4.61088e-18)
(5.10017 2.40864 5.28959e-18)
(4.92786 2.29198 7.04504e-18)
(4.79492 2.19829 -4.03305e-18)
(4.69093 2.12324 -1.01887e-17)
(4.60868 2.06297 -3.09157e-18)
(4.54537 2.00885 -3.38816e-20)
(4.47674 2.00971 0)
(4.32159 1.8165 0)
(8.3721 3.66589 -1.20292e-17)
(8.36667 4.27407 0)
(8.21544 4.04527 6.70193e-18)
(7.95548 3.99046 -3.1634e-18)
(7.6806 3.89248 -7.08952e-18)
(7.37762 3.78111 2.01581e-18)
(7.04721 3.6534 4.85659e-19)
(6.69061 3.50645 -1.67402e-18)
(6.30991 3.3363 3.37121e-18)
(5.90802 3.13763 -2.08693e-18)
(5.52467 2.92553 3.10395e-18)
(5.21585 2.73504 1.43706e-17)
(4.98664 2.57989 5.0286e-19)
(4.81389 2.45434 -7.17815e-18)
(4.68194 2.35336 1.38009e-17)
(4.57981 2.27248 1.79505e-19)
(4.49985 2.20763 3.30902e-18)
(4.43924 2.14972 -1.61503e-17)
(4.37053 2.14836 1.66412e-17)
(4.21824 1.94249 -1.72582e-17)
(8.26096 3.95619 2.42678e-21)
(8.25408 4.57083 0)
(8.11225 4.33709 0)
(7.85532 4.27015 2.70557e-18)
(7.58307 4.16007 2.84608e-18)
(7.28164 4.03547 -1.28463e-18)
(6.95176 3.89401 -9.23577e-20)
(6.59456 3.73306 0)
(6.21191 3.54892 -5.22988e-18)
(5.80644 3.33617 7.92313e-18)
(5.41819 3.11036 9.2318e-18)
(5.10475 2.90742 -5.38223e-18)
(4.87266 2.74127 -6.69083e-18)
(4.69895 2.60595 1.57733e-17)
(4.56768 2.49656 -4.87558e-18)
(4.46735 2.40872 -5.92039e-18)
(4.38976 2.33835 -3.61229e-18)
(4.33197 2.27606 -1.74587e-17)
(4.26425 2.27028 2.23404e-18)
(4.11992 2.05845 1.94179e-17)
(8.15665 4.22094 -4.80255e-18)
(8.14575 4.84236 -6.19572e-18)
(8.0088 4.60494 8.56898e-19)
(7.75297 4.52828 4.15325e-20)
(7.48254 4.40851 5.82285e-19)
(7.18317 4.27253 -3.77916e-18)
(6.8546 4.11897 0)
(6.49773 3.94562 1.20875e-18)
(6.11412 3.74907 -9.51245e-19)
(5.70589 3.52389 1.28893e-17)
(5.313 3.2858 -2.27004e-18)
(4.9944 3.0712 2.50825e-18)
(4.75844 2.89398 0)
(4.58278 2.74814 -8.59524e-18)
(4.45147 2.62919 1.06399e-17)
(4.3526 2.53312 0)
(4.27739 2.45603 -7.94091e-18)
(4.22221 2.38931 2.31942e-17)
(4.15767 2.37589 2.81834e-18)
(4.02701 2.16715 -2.57416e-17)
(8.05765 4.4672 -9.86976e-18)
(8.01596 5.11167 1.1839e-17)
(7.90205 4.85293 0)
(7.64703 4.769 6.61925e-18)
(7.37997 4.63899 0)
(7.08309 4.49248 3.24593e-18)
(6.75642 4.32817 0)
(6.4007 4.1439 0)
(6.01706 3.93659 -1.75653e-18)
(5.60694 3.70081 -1.24326e-17)
(5.20974 3.45226 -1.71587e-17)
(4.88538 3.22724 3.09029e-18)
(4.64426 3.03932 1.13963e-17)
(4.46517 2.88244 9.58834e-18)
(4.33263 2.75274 -3.4063e-17)
(4.23451 2.64693 -1.41327e-17)
(4.16154 2.56155 8.20168e-18)
(4.10901 2.48924 0)
(4.0505 2.46581 2.45474e-17)
(3.93629 2.26862 -2.87487e-17)
(7.95581 4.70003 1.08724e-17)
(7.91827 5.32625 -1.29336e-17)
(7.79346 5.08158 0)
(7.54171 4.98977 -4.05628e-19)
(7.27777 4.85237 -2.5905e-18)
(6.98382 4.69718 0)
(6.65971 4.52341 1.29528e-19)
(6.30579 4.32953 1.151e-18)
(5.92276 4.1128 -2.82574e-18)
(5.51127 3.86796 1.43584e-18)
(5.10983 3.61069 0)
(4.77891 3.37676 1.24019e-17)
(4.53101 3.17895 5.09429e-20)
(4.34642 3.01083 5.17804e-18)
(4.21071 2.86923 6.27929e-18)
(4.11196 2.75185 0)
(4.04044 2.65612 -1.39195e-17)
(3.99052 2.57521 2.73052e-17)
(3.93509 2.54477 -2.98517e-17)
(3.86509 2.35877 6.27134e-17)
(7.86552 4.9042 0)
(7.79003 5.56145 0)
(7.69092 5.29067 -6.38007e-18)
(7.4386 5.19459 0)
(7.17638 5.04968 0)
(6.88529 4.88627 4.65633e-18)
(6.5638 4.70396 8.65271e-20)
(6.21203 4.50145 5.66582e-19)
(5.83021 4.27657 -4.99619e-19)
(5.4181 4.0244 0)
(5.01291 3.76058 -2.69362e-18)
(4.67504 3.5199 -1.02278e-17)
(4.41887 3.3138 -1.2671e-17)
(4.2265 3.13504 -5.21027e-18)
(4.08504 2.98091 6.845e-18)
(3.98342 2.85032 -1.62443e-17)
(3.91175 2.74235 3.00246e-17)
(3.8629 2.65279 5.20091e-19)
(3.8144 2.60833 -2.84528e-17)
(3.77372 2.45811 -3.93503e-18)
(7.76452 5.10762 0)
(7.68039 5.75624 -9.15626e-18)
(7.58243 5.49175 7.30845e-18)
(7.33425 5.38559 0)
(7.07767 5.2331 0)
(6.79017 5.06231 -1.02745e-17)
(6.4718 4.87253 0)
(6.12273 4.66267 0)
(5.74266 4.43093 -6.08156e-18)
(5.33043 4.17283 2.36683e-18)
(4.92174 3.90423 -2.25737e-17)
(4.5764 3.65882 0)
(4.31029 3.4463 -1.35574e-17)
(4.10741 3.25808 4.35295e-19)
(3.95681 3.09124 -2.15376e-17)
(3.84903 2.94564 8.80413e-18)
(3.77499 2.82195 2.17267e-19)
(3.7265 2.7193 -3.24075e-17)
(3.68275 2.66445 1.54936e-17)
(3.67719 2.51777 3.65641e-18)
(7.67332 5.28509 0)
(7.58658 5.93259 -1.0747e-17)
(7.48856 5.66092 7.51091e-18)
(7.23769 5.55756 1.44382e-17)
(6.98092 5.40109 2.47954e-18)
(6.69602 5.22422 -1.32322e-18)
(6.38063 5.02764 8.07395e-19)
(6.03432 4.81081 2.5696e-18)
(5.65632 4.57275 6.51557e-18)
(5.24464 4.30981 1.65923e-17)
(4.83322 4.03832 1.87675e-17)
(4.48074 3.79085 3.43948e-18)
(4.20389 3.57486 1.96907e-17)
(3.9883 3.37982 1.24962e-17)
(3.82501 3.20187 1.55328e-17)
(3.70684 3.04105 -9.66229e-18)
(3.62668 2.89914 -1.18853e-17)
(3.57787 2.7791 1.40212e-17)
(3.5394 2.71268 -8.64595e-18)
(3.57122 2.55453 1.13282e-17)
(7.59115 5.45286 1.69019e-17)
(7.45092 6.12313 1.69996e-17)
(7.37555 5.84188 3.93418e-18)
(7.13296 5.72144 2.83708e-19)
(6.88311 5.55524 -9.15954e-18)
(6.60201 5.37156 3.0083e-18)
(6.29061 5.1689 -9.32086e-19)
(5.94837 4.94676 -3.85604e-19)
(5.57403 4.7044 -7.50189e-18)
(5.16448 4.43885 -1.82393e-17)
(4.75178 4.16699 1.22475e-18)
(4.39292 3.92029 0)
(4.10481 3.70387 0)
(3.87438 3.5051 -6.40709e-18)
(3.69455 3.31846 -2.49062e-17)
(3.56047 3.14289 2.07762e-17)
(3.46739 2.97848 1.28615e-17)
(3.40876 2.8275 0)
(3.36676 2.73006 2.80497e-17)
(3.43234 2.57132 -1.22642e-17)
(7.48863 5.6126 -8.45109e-18)
(7.38508 6.26236 7.02343e-18)
(7.29863 5.9816 -9.02062e-18)
(7.05078 5.87047 -9.21086e-18)
(6.80157 5.70576 -3.66488e-18)
(6.52534 5.51869 9.11838e-19)
(6.21797 5.31136 0)
(5.87863 5.08374 -3.17992e-18)
(5.50591 4.83596 7.66017e-19)
(5.09627 4.56623 0)
(4.68053 4.2929 0)
(4.31424 4.04729 2.27925e-18)
(4.01385 3.8324 3.27961e-18)
(3.76649 3.63304 -6.80928e-18)
(3.56623 3.44188 1.79698e-17)
(3.40945 3.25717 -2.23972e-17)
(3.29334 3.07883 -2.79195e-17)
(3.21829 2.90696 2.53001e-17)
(3.18198 2.77801 -1.05431e-17)
(3.25643 2.55612 4.91115e-18)
(7.41017 5.74456 1.00765e-17)
(7.2483 6.42115 0)
(7.18268 6.13483 0)
(6.95216 6.01122 -2.89867e-18)
(6.71058 5.8356 2.33209e-18)
(6.43563 5.64198 -2.55291e-19)
(6.12984 5.42788 -2.63071e-18)
(5.79263 5.19399 2.57646e-18)
(5.42276 4.94129 1.32179e-17)
(5.01611 4.66934 -1.42752e-18)
(4.60182 4.39804 3.0991e-18)
(4.2325 4.15808 -1.93953e-17)
(3.92295 3.95004 -1.99876e-17)
(3.66009 3.75618 -3.56786e-18)
(3.43887 3.567 0)
(3.25697 3.37856 -4.0071e-19)
(3.11189 3.18965 1.44351e-17)
(3.00137 2.98714 -2.79157e-17)
(2.91601 2.75776 2.14984e-17)
(3.04347 2.51712 1.72822e-17)
(7.34145 5.89557 -2.16928e-17)
(7.19077 6.55548 -7.87e-18)
(7.11194 6.25469 1.00035e-19)
(6.86613 6.12591 3.90784e-18)
(6.61669 5.95093 0)
(6.34465 5.75252 8.49158e-18)
(6.04324 5.53515 2.92034e-18)
(5.71183 5.29918 -5.05239e-19)
(5.34802 5.04569 -6.73821e-18)
(4.94654 4.77498 -1.38259e-18)
(4.53482 4.50849 1.27956e-18)
(4.16292 4.27683 1.69496e-17)
(3.84416 4.07896 1.94117e-17)
(3.56492 3.8952 3.39662e-18)
(3.3199 3.7144 1.79403e-17)
(3.10619 3.53241 0)
(2.91856 3.35187 0)
(2.73131 3.17845 1.82055e-17)
(2.55102 3.02952 2.87248e-19)
(2.47916 2.70792 -1.89642e-17)
(7.2573 6.01847 1.1668e-17)
(7.07512 6.67663 2.34976e-17)
(7.02623 6.39679 -3.42136e-17)
(6.792 6.26416 1.93246e-17)
(6.5517 6.08044 -1.91662e-18)
(6.28068 5.87807 1.11233e-17)
(5.98174 5.65729 0)
(5.65255 5.41836 -1.7015e-18)
(5.29004 5.16231 0)
(4.88874 4.89055 1.80007e-17)
(4.47555 4.62687 -1.69995e-18)
(4.09903 4.40317 1.90107e-18)
(3.7706 4.21757 2.17811e-17)
(3.47493 4.04861 -7.44553e-18)
(3.20605 3.88335 -9.48451e-18)
(2.96285 3.71617 0)
(2.74863 3.54831 0)
(2.57492 3.39321 0)
(2.45873 3.25927 -1.08751e-17)
(2.1581 3.04274 -6.48214e-18)
(7.13719 6.15252 0)
(6.94933 6.77442 0)
(6.9312 6.48343 1.09279e-17)
(6.69124 6.34807 -1.59901e-17)
(6.45838 6.17425 9.93429e-18)
(6.19732 5.97687 -1.0055e-17)
(5.90414 5.75782 -2.18979e-19)
(5.57834 5.51882 1.6959e-19)
(5.21822 5.26222 1.09987e-18)
(4.8193 4.99152 -2.06209e-17)
(4.40806 4.73319 2.94624e-18)
(4.0313 4.52074 1.66836e-17)
(3.69791 4.35194 -2.16369e-17)
(3.39052 4.20398 -2.42989e-17)
(3.10235 4.06185 8.44394e-18)
(2.83372 3.91715 0)
(2.59251 3.76773 1.3457e-17)
(2.40104 3.62292 1.72898e-17)
(2.19358 3.50554 -1.97935e-17)
(1.66384 3.37893 2.31449e-17)
(7.08947 6.25104 0)
(6.89628 6.88258 1.34453e-17)
(6.88232 6.5702 -2.75358e-18)
(6.62581 6.45266 2.02105e-17)
(6.39163 6.27595 -1.04386e-17)
(6.12809 6.07828 0)
(5.83373 5.85774 0)
(5.50807 5.61698 0)
(5.14967 5.35967 4.89246e-18)
(4.75401 5.09071 8.2362e-19)
(4.34642 4.83865 0)
(3.97196 4.6388 -1.65093e-17)
(3.63695 4.48941 0)
(3.32205 4.3676 1.7324e-17)
(3.01901 4.25706 -1.18976e-17)
(2.72868 4.14602 -9.68521e-18)
(2.46636 4.02206 -2.56289e-17)
(2.25377 3.89371 -1.58686e-17)
(1.91944 3.83674 -2.70727e-17)
(1.45301 3.76867 1.9353e-17)
(7.02444 6.37377 -6.067e-18)
(6.85261 7.03236 7.96386e-20)
(6.81891 6.72811 -2.17088e-18)
(6.58782 6.60267 -1.3601e-17)
(6.35404 6.41025 0)
(6.07443 6.19532 0)
(5.77297 5.96413 0)
(5.44457 5.7175 2.2881e-19)
(5.08676 5.45773 -6.26665e-18)
(4.69388 5.18962 0)
(4.29029 4.94325 0)
(3.91996 4.756 0)
(3.58718 4.62712 0)
(3.27071 4.53374 1.27881e-17)
(2.95947 4.45674 3.26567e-17)
(2.65416 4.37924 1.04128e-17)
(2.37793 4.28036 2.56936e-17)
(2.15506 4.19459 -2.23546e-17)
(1.7478 4.24321 8.58351e-18)
(1.34256 4.16405 0)
(6.92164 6.43365 5.67556e-18)
(6.75289 7.10056 -2.73704e-17)
(6.72951 6.78504 -6.88636e-18)
(6.47616 6.65852 -2.10497e-18)
(6.23549 6.46797 2.25655e-18)
(5.97191 6.2625 -1.43335e-17)
(5.68282 6.03891 8.61879e-19)
(5.3641 5.79833 1.89338e-19)
(5.0144 5.54334 0)
(4.62905 5.28028 -1.28885e-18)
(4.23297 5.04158 1.17344e-18)
(3.87066 4.86774 0)
(3.54519 4.76024 0)
(3.23345 4.69939 -1.60086e-17)
(2.9213 4.66849 2.80933e-18)
(2.60536 4.64954 -9.80071e-18)
(2.32312 4.61152 2.2594e-17)
(2.07106 4.57012 2.15839e-17)
(1.54057 4.65111 -3.71161e-17)
(1.18585 4.55374 1.53963e-17)
(6.78637 6.56137 7.54101e-18)
(6.61531 7.13238 3.37641e-17)
(6.58881 6.83338 1.20839e-17)
(6.35161 6.715 0)
(6.13224 6.53899 0)
(5.88655 6.34765 1.07987e-17)
(5.60635 6.13254 -4.70946e-18)
(5.29344 5.89546 -3.4866e-19)
(4.94846 5.64128 1.292e-19)
(4.56846 5.37904 1.54849e-17)
(4.17976 5.14435 -2.07923e-17)
(3.82783 4.98124 0)
(3.51538 4.89332 0)
(3.21826 4.86145 -1.13932e-17)
(2.91921 4.86723 -1.48839e-17)
(2.61646 4.87903 0)
(2.34546 4.84841 -3.20278e-17)
(2.09881 4.8737 -6.17657e-18)
(1.5743 5.12532 3.36568e-17)
(1.21731 4.98696 -1.34771e-17)
(6.74916 6.65446 -1.46402e-17)
(6.54642 7.30519 -1.60785e-17)
(6.55118 6.99851 0)
(6.30999 6.8772 0)
(6.08506 6.69196 0)
(5.82795 6.48461 0)
(5.53937 6.25509 4.88948e-18)
(5.22269 6.00608 -1.35319e-18)
(4.87818 5.74311 0)
(4.50287 5.47601 -1.40097e-17)
(4.12361 5.24202 3.77027e-17)
(3.78595 5.08689 1.58194e-18)
(3.49155 5.01522 2.31525e-18)
(3.21499 5.01188 1.93056e-17)
(2.93625 5.07138 -1.27382e-17)
(2.62986 5.1695 0)
(2.34161 5.29762 1.00535e-17)
(2.01089 5.52238 9.30652e-19)
(1.19294 5.70282 -4.71848e-18)
(0.735758 5.57463 9.14017e-18)
(6.67821 6.76911 1.11422e-17)
(6.49249 7.44415 -1.58092e-17)
(6.47368 7.14652 0)
(6.21643 7.01559 -3.47955e-18)
(5.98672 6.81607 1.25522e-17)
(5.72675 6.59503 0)
(5.44085 6.35527 0)
(5.13038 6.09947 2.47005e-18)
(4.79467 5.83285 -7.79459e-19)
(4.43068 5.565 1.41634e-17)
(4.06616 5.3339 -1.80425e-17)
(3.74744 5.18656 1.13615e-17)
(3.47846 5.13023 0)
(3.23567 5.14884 -1.057e-17)
(2.99508 5.24172 6.59234e-18)
(2.76694 5.39717 7.07674e-18)
(2.59589 5.50017 0)
(2.34616 5.72122 4.87637e-18)
(1.614 6.3522 7.63431e-18)
(1.37698 6.6089 2.01691e-18)
(6.54854 6.86309 -2.04773e-17)
(6.36569 7.52138 2.30563e-17)
(6.32265 7.22961 1.58669e-17)
(6.0814 7.10464 -4.07349e-18)
(5.86612 6.91159 -1.87065e-17)
(5.62006 6.69645 0)
(5.34733 6.45951 4.52049e-18)
(5.04813 6.20387 -1.2291e-18)
(4.72248 5.93572 1.15458e-19)
(4.36899 5.66576 -1.23059e-17)
(4.01804 5.43394 -9.39422e-19)
(3.71819 5.28881 -1.27581e-17)
(3.47525 5.23802 1.54531e-17)
(3.27261 5.26567 4.78387e-18)
(3.10626 5.38174 -1.09964e-17)
(2.93592 5.57548 1.22138e-17)
(2.81347 5.78834 0)
(2.67641 6.33811 0)
(1.98749 7.40649 -2.33531e-19)
(0.141911 7.54241 -2.62149e-18)
(6.42397 6.98462 9.96277e-18)
(6.24081 7.62748 2.10087e-17)
(6.18984 7.34154 -1.57947e-17)
(5.96383 7.20945 1.41623e-17)
(5.75345 7.01414 1.80716e-17)
(5.51289 6.79669 0)
(5.24596 6.5555 -4.73997e-18)
(4.95326 6.29452 -2.01888e-18)
(4.63558 6.02094 0)
(4.29315 5.74642 0)
(3.95843 5.51217 0)
(3.68141 5.36659 0)
(3.47034 5.31868 -1.76082e-17)
(3.30803 5.35198 -6.6588e-18)
(3.16811 5.44386 0)
(3.10723 5.69866 -6.01126e-18)
(3.17118 6.05799 0)
(3.56927 6.32258 -2.06843e-18)
(3.32061 6.92195 -5.37564e-18)
(1.95074 7.28526 6.58177e-18)
(6.31586 7.13984 -1.91132e-17)
(6.13223 7.76466 -1.33866e-17)
(6.07173 7.48707 -9.87994e-18)
(5.84909 7.33609 -1.32083e-17)
(5.63776 7.12873 -8.47468e-18)
(5.39941 6.9011 0)
(5.13752 6.65189 -7.8482e-19)
(4.85275 6.38491 2.46133e-19)
(4.54554 6.10679 -2.53068e-18)
(4.21699 5.82864 0)
(3.90076 5.59154 1.08074e-18)
(3.64733 5.44269 -1.22884e-18)
(3.46765 5.39011 0)
(3.3591 5.41824 8.15461e-18)
(3.35176 5.47545 0)
(3.41797 5.66387 4.15931e-18)
(3.65454 5.91193 -9.35574e-18)
(4.13921 5.89272 1.67029e-18)
(4.672 5.21263 -6.64321e-19)
(2.48672 5.16359 -4.17203e-18)
(6.19177 7.29772 -6.75739e-19)
(6.01164 7.90106 -7.00832e-18)
(5.94437 7.63281 1.36096e-17)
(5.72894 7.46995 -6.32706e-19)
(5.52303 7.25699 -2.35167e-18)
(5.29111 7.02365 0)
(5.03683 6.76902 4.75634e-18)
(4.76065 6.49668 2.10276e-18)
(4.46306 6.21288 4.90204e-18)
(4.14655 5.9282 -9.71812e-18)
(3.84664 5.68371 -1.35455e-17)
(3.61606 5.52619 0)
(3.45976 5.44919 1.18166e-17)
(3.37386 5.45576 -2.91377e-18)
(3.38299 5.42365 -3.11289e-18)
(3.52983 5.47584 0)
(3.73383 5.56718 4.19356e-18)
(3.98255 5.68216 -3.73902e-18)
(4.4815 4.92662 4.46359e-18)
(2.46817 4.11337 3.64252e-18)
(6.04905 7.44959 1.66422e-17)
(5.87436 8.03011 -6.65624e-18)
(5.80186 7.76941 8.95294e-18)
(5.59563 7.59648 6.73794e-18)
(5.39513 7.37887 4.49745e-18)
(5.16894 7.14021 9.42464e-18)
(4.92144 6.87967 -9.12351e-18)
(4.65306 6.601 -2.69944e-18)
(4.3649 6.31054 -3.52336e-18)
(4.06093 6.01845 -1.85546e-19)
(3.7781 5.76483 1.13926e-18)
(3.57022 5.59324 -1.08436e-17)
(3.45116 5.49075 5.12651e-18)
(3.39051 5.45086 -6.82377e-18)
(3.34761 5.36334 5.94952e-18)
(3.48053 5.42407 -3.31825e-18)
(3.53137 5.34415 9.80208e-18)
(3.58691 5.33501 -5.68886e-18)
(3.92034 4.9451 0)
(2.71698 4.11423 1.02787e-17)
(5.89262 7.60433 0)
(5.71862 8.16115 -2.27416e-17)
(5.64319 7.90591 6.4439e-19)
(5.44606 7.72154 -1.15214e-17)
(5.25029 7.49731 0)
(5.0303 7.25255 -6.97999e-18)
(4.79082 6.98636 7.433e-18)
(4.53203 6.70232 2.52913e-18)
(4.25545 6.40642 2.77812e-18)
(3.96595 6.10767 7.72443e-18)
(3.70041 5.84368 1.14049e-17)
(3.50929 5.65537 2.24416e-19)
(3.4098 5.52925 -1.00991e-17)
(3.37879 5.43578 -2.14157e-18)
(3.35389 5.44329 5.79618e-18)
(3.29967 5.35965 -8.52219e-18)
(3.39343 5.24469 -5.16417e-18)
(3.4426 5.18727 6.08875e-18)
(3.65819 4.98599 0)
(3.05453 4.37841 0)
(5.72259 7.76259 -1.45311e-17)
(5.5439 8.2994 2.29438e-17)
(5.46975 8.04993 0)
(5.28323 7.85507 0)
(5.09373 7.62453 0)
(4.88179 7.37355 0)
(4.65175 7.10147 -3.46593e-18)
(4.40361 6.81153 -5.16169e-19)
(4.13925 6.50918 -3.39097e-19)
(3.86394 6.20213 1.08149e-18)
(3.61331 5.92557 -1.23694e-17)
(3.43193 5.71784 8.91954e-18)
(3.32271 5.57091 0)
(3.31728 5.43461 -4.0878e-20)
(3.32405 5.50359 -8.68159e-18)
(3.20184 5.26143 3.97627e-18)
(3.28366 5.16722 -5.2646e-18)
(3.30216 5.09092 -3.55937e-18)
(3.41564 4.94801 1.48393e-17)
(3.17736 4.62949 1.81663e-17)
(5.53673 7.92299 7.35771e-18)
(5.3504 8.44396 9.94185e-18)
(5.28045 8.19842 -4.79399e-19)
(5.10479 7.99516 5.29133e-18)
(4.92312 7.75854 0)
(4.72044 7.50097 1.00757e-17)
(4.50068 7.22208 -2.17461e-18)
(4.26383 6.92511 6.27829e-19)
(4.01209 6.61496 -2.25739e-19)
(3.75079 6.29837 9.67776e-19)
(3.51346 6.00906 8.37549e-18)
(3.33964 5.78418 -6.56157e-18)
(3.22416 5.62174 -6.35663e-18)
(3.17493 5.49725 -2.6517e-18)
(3.22894 5.45564 5.53013e-18)
(3.14088 5.22782 -1.18392e-17)
(3.14608 5.1341 7.30993e-18)
(3.13107 5.04881 -9.48655e-18)
(3.1629 4.94964 2.80375e-17)
(3.11244 4.81784 -2.02794e-17)
(5.33225 8.0837 -6.89912e-18)
(5.13472 8.59306 0)
(5.07051 8.34764 -7.17654e-18)
(4.90699 8.13664 -9.98213e-18)
(4.73402 7.89391 0)
(4.54194 7.62949 -7.81799e-18)
(4.33373 7.34345 0)
(4.10948 7.03916 -2.73981e-18)
(3.87145 6.72099 -8.74703e-19)
(3.62464 6.39472 4.99196e-18)
(3.40027 6.09337 -6.96734e-18)
(3.23464 5.85465 3.12766e-18)
(3.12375 5.67645 1.42258e-17)
(3.05885 5.54835 -5.15671e-18)
(3.07878 5.45339 6.23607e-18)
(3.03912 5.25817 3.69839e-18)
(2.99441 5.16224 -1.00359e-17)
(2.96846 5.07344 1.17316e-17)
(2.95897 5.00114 -6.00921e-20)
(2.96826 4.92793 1.90597e-18)
(5.10606 8.24347 1.3107e-17)
(4.89425 8.74384 -8.91475e-18)
(4.83932 8.49726 7.29016e-18)
(4.68857 8.27861 4.70668e-18)
(4.52533 8.02979 7.2964e-19)
(4.34546 7.75847 4.45909e-18)
(4.15034 7.46537 0)
(3.94013 7.15378 -2.03461e-19)
(3.71685 6.82767 0)
(3.48507 6.49193 -4.6722e-18)
(3.27335 6.1787 6.5409e-18)
(3.11538 5.92732 -1.28178e-18)
(3.00895 5.73468 -1.11053e-17)
(2.93823 5.58727 -5.06554e-18)
(2.92099 5.46822 2.83055e-18)
(2.87914 5.31226 -3.96383e-18)
(2.83884 5.2127 1.38443e-17)
(2.8085 5.12489 8.7575e-18)
(2.7772 5.06672 3.96414e-18)
(2.81863 4.98047 -1.31793e-17)
(4.85645 8.40194 7.30918e-19)
(4.62844 8.89412 5.14335e-18)
(4.5862 8.646 0)
(4.44824 8.4202 8.20518e-18)
(4.29605 8.16522 -1.18395e-17)
(4.13021 7.88722 4.23407e-18)
(3.94976 7.58722 -2.40653e-18)
(3.7549 7.26845 1.71065e-18)
(3.54741 6.93458 6.29156e-20)
(3.33095 6.58975 -7.06124e-19)
(3.13142 6.26523 6.09818e-18)
(2.97985 6.0019 1.10086e-17)
(2.87487 5.79778 1.98936e-20)
(2.8004 5.63513 8.9693e-18)
(2.75912 5.50133 5.96552e-18)
(2.7149 5.36832 -1.06151e-17)
(2.67522 5.26898 9.1366e-18)
(2.64202 5.18436 -5.28995e-18)
(2.59838 5.13058 2.43463e-20)
(2.63616 5.0015 1.2833e-17)
(4.58117 8.55709 2.25895e-17)
(4.33575 9.04163 -4.85897e-18)
(4.30977 8.79142 -1.13492e-17)
(4.18399 8.55819 9.23302e-18)
(4.0448 8.29779 -4.93595e-18)
(3.89484 8.01316 7.43382e-18)
(3.73046 7.70673 3.63561e-18)
(3.5524 7.38131 0)
(3.36169 7.04021 -3.12844e-19)
(3.16125 6.68776 1.99234e-19)
(2.97363 6.35326 -1.30895e-18)
(2.82787 6.07954 -9.6711e-18)
(2.7237 5.86679 -4.6611e-19)
(2.64693 5.69597 -2.03487e-19)
(2.5933 5.55566 8.39703e-18)
(2.54609 5.43226 3.80029e-18)
(2.50559 5.33418 -1.03597e-17)
(2.47162 5.25286 -5.16692e-18)
(2.42383 5.19786 -1.56622e-18)
(2.42864 4.99711 -1.23529e-17)
(4.27818 8.70604 0)
(4.01548 9.18197 3.89731e-18)
(4.00675 8.93107 -4.95953e-18)
(3.89353 8.69034 8.66705e-18)
(3.77059 8.42469 -9.91526e-18)
(3.63772 8.13404 3.78751e-18)
(3.49138 7.82195 0)
(3.33171 7.49107 0)
(3.1595 7.14406 0)
(2.97531 6.7846 -1.15716e-18)
(2.79946 6.44265 1.08718e-18)
(2.6597 6.161 -1.97233e-18)
(2.55665 5.94182 -5.94106e-18)
(2.47854 5.76618 -4.24431e-18)
(2.41923 5.62303 7.52214e-18)
(2.37023 5.50319 -6.59832e-18)
(2.32982 5.40605 -3.43186e-19)
(2.29729 5.32588 1.20112e-17)
(2.24563 5.27061 -1.48305e-18)
(2.22338 4.99466 0)
(3.94454 8.84412 2.03794e-17)
(3.66383 9.31054 -3.64765e-18)
(3.67423 9.05886 -3.49425e-20)
(3.57602 8.81275 0)
(3.47188 8.54203 -4.38356e-18)
(3.35826 8.24685 5.10318e-19)
(3.23214 7.93053 0)
(3.09278 7.59577 4.03327e-19)
(2.93985 7.24514 -3.18688e-19)
(2.77243 6.88014 0)
(2.60932 6.53306 0)
(2.47555 6.24606 4.17162e-18)
(2.37392 6.02254 5.74189e-18)
(2.2952 5.84375 -2.063e-19)
(2.23353 5.69866 2.21625e-18)
(2.18361 5.5794 -3.00876e-18)
(2.14297 5.48205 0)
(2.113 5.40078 6.99173e-18)
(2.05635 5.34364 1.17417e-17)
(2.0425 5.01601 -2.41987e-17)
(3.57804 8.9677 1.65771e-17)
(3.27967 9.42339 -3.34735e-18)
(3.31142 9.17027 4.25218e-18)
(3.23122 8.92035 -1.0892e-17)
(3.14809 8.64569 0)
(3.05615 8.34757 0)
(2.95233 8.02886 0)
(2.83509 7.69235 3.91008e-19)
(2.70267 7.34035 -3.08918e-19)
(2.55348 6.97398 0)
(2.40329 6.62441 0)
(2.27563 6.33459 -5.88982e-18)
(2.1757 6.10869 2.62096e-18)
(2.09663 5.92815 -3.14138e-18)
(2.03352 5.78175 -6.5063e-18)
(1.98252 5.66197 0)
(1.94109 5.56381 1.72343e-18)
(1.90851 5.48271 2.13338e-18)
(1.86462 5.41733 -2.11246e-17)
(1.81927 5.08038 2.56946e-17)
(3.17736 9.06583 -1.41922e-17)
(2.85936 9.51052 4.78808e-18)
(2.91639 9.25815 9.63599e-18)
(2.85886 9.00538 5.86214e-18)
(2.79915 8.7293 -4.67534e-18)
(2.73154 8.431 -2.5417e-18)
(2.65252 8.1131 1.40318e-18)
(2.55947 7.77825 0)
(2.4493 7.42851 0)
(2.31929 7.06471 0)
(2.18221 6.71648 2.12885e-18)
(2.06072 6.42698 5.46745e-18)
(1.96245 6.20089 -2.45456e-18)
(1.8829 6.01998 1.44854e-18)
(1.81844 5.87309 3.93513e-20)
(1.76609 5.75285 0)
(1.72359 5.654 -3.19762e-18)
(1.68873 5.57261 1.60161e-17)
(1.6472 5.5055 -3.72954e-17)
(1.60571 5.16054 2.16e-17)
(2.74003 9.13532 1.49023e-17)
(2.40687 9.56544 -1.22133e-17)
(2.49105 9.31696 0)
(2.46007 9.0627 2.89637e-18)
(2.4272 8.78764 1.83955e-18)
(2.38696 8.49215 3.51834e-18)
(2.33527 8.17877 -1.31267e-18)
(2.26832 7.84965 0)
(2.18175 7.5066 0)
(2.07152 7.14995 1.71343e-18)
(1.94768 6.80791 3.88015e-19)
(1.83216 6.52277 -2.89538e-18)
(1.73509 6.29942 -2.02855e-18)
(1.65449 6.1201 -4.36561e-18)
(1.58807 5.97398 8.49044e-18)
(1.53359 5.85392 -1.06107e-17)
(1.48909 5.75481 7.93353e-18)
(1.45244 5.67286 0)
(1.40883 5.6052 5.43037e-19)
(1.38046 5.25631 -2.08383e-17)
(2.26989 9.15056 1.59089e-17)
(1.92058 9.56511 0)
(2.03832 9.32734 0)
(2.03789 9.077 0)
(2.03548 8.80899 1.27965e-18)
(2.02593 8.52292 -3.48151e-18)
(2.00421 8.22083 -1.1113e-18)
(1.96522 7.90409 0)
(1.90348 7.574 0)
(1.81358 7.23061 -1.14809e-18)
(1.70297 6.90049 -1.14551e-18)
(1.59296 6.62446 1.43739e-18)
(1.49622 6.40748 -1.12351e-19)
(1.41335 6.23244 -1.58062e-18)
(1.3436 6.0889 4.10427e-18)
(1.2856 5.97012 -4.3538e-18)
(1.23781 5.87138 4.5027e-18)
(1.19845 5.78916 0)
(1.15117 5.72071 -5.07707e-19)
(1.1387 5.36863 -9.78075e-18)
(1.757 9.11504 -1.42878e-17)
(1.41036 9.50997 4.71557e-18)
(1.56398 9.28568 5.82503e-18)
(1.6008 9.04437 -7.63292e-19)
(1.63327 8.78951 -3.23607e-18)
(1.65744 8.51892 -1.54812e-18)
(1.66708 8.23399 3.07461e-18)
(1.65642 7.9356 -2.16689e-19)
(1.61941 7.62445 0)
(1.54951 7.30064 -9.51067e-20)
(1.45177 6.98912 6.55586e-19)
(1.34668 6.72841 -1.0575e-18)
(1.24916 6.52307 0)
(1.1623 6.35667 1.19649e-18)
(1.08699 6.21918 0)
(1.02296 6.10425 9.72348e-19)
(0.969391 6.00758 5.6588e-19)
(0.925079 5.92603 0)
(0.87204 5.85695 0)
(0.876022 5.50175 -8.48124e-18)
(1.23535 8.96649 1.08756e-17)
(0.893774 9.34732 -3.88285e-18)
(1.09425 9.15848 2.3922e-18)
(1.17018 8.93954 -3.61589e-18)
(1.23776 8.7108 1.33728e-18)
(1.29485 8.46826 -3.46569e-19)
(1.33492 8.21186 1.39429e-19)
(1.35173 7.94182 -4.2426e-19)
(1.33874 7.65847 -1.59143e-19)
(1.28839 7.36234 2.47438e-19)
(1.20328 7.07691 6.80814e-20)
(1.10287 6.8384 0)
(1.00379 6.6511 3.48645e-19)
(0.911272 6.49939 0)
(0.827696 6.37352 0)
(0.753972 6.26728 0)
(0.690172 6.17662 3.86332e-18)
(0.636187 6.0987 -1.0023e-17)
(0.572888 6.03059 -8.07267e-20)
(0.594375 5.67437 7.17951e-18)
(0.684177 8.66005 1.64477e-18)
(0.396892 9.0625 1.26139e-18)
(0.635904 8.93469 -1.03467e-18)
(0.760158 8.76047 -6.43412e-19)
(0.863227 8.57602 5.21926e-19)
(0.951233 8.37618 3.24382e-19)
(1.01842 8.16057 1.83001e-19)
(1.05934 7.92947 0)
(1.06768 7.68354 -3.49578e-20)
(1.03538 7.42425 1.00614e-20)
(0.963015 7.17421 -2.8611e-19)
(0.868409 6.96699 0)
(0.768645 6.80637 2.1224e-21)
(0.670256 6.67849 -3.8811e-19)
(0.576443 6.57417 0)
(0.48883 6.48733 0)
(0.408269 6.41381 -2.25926e-19)
(0.335578 6.35065 0)
(0.259879 6.29391 -1.71179e-19)
(0.280401 5.94571 0)
(0.249386 8.22173 0)
(0.101144 8.67614 0)
(0.300136 8.6143 0)
(0.430148 8.51058 0)
(0.546786 8.38829 -1.10299e-32)
(0.65322 8.24353 7.28237e-33)
(0.740752 8.0765 0)
(0.802902 7.88848 0)
(0.832764 7.68144 0)
(0.82189 7.45797 0)
(0.768757 7.24194 0)
(0.688504 7.06533 0)
(0.598546 6.93114 0)
(0.506824 6.82774 0)
(0.417202 6.74706 0)
(0.331383 6.68356 0)
(0.249949 6.63334 0)
(0.173058 6.59355 0)
(0.0929556 6.55999 0)
(0.0789587 6.22997 0)
(0.0890503 7.83254 0)
(0.0638549 8.29428 0)
(0.181254 8.28087 0)
(0.27188 8.23545 0)
(0.365613 8.17024 0)
(0.459691 8.08057 0)
(0.544722 7.96488 0)
(0.612491 7.82339 0)
(0.653972 7.65782 0)
(0.65885 7.47094 0)
(0.622574 7.28555 0)
(0.557217 7.13354 0)
(0.479819 7.02012 0)
(0.399299 6.93564 0)
(0.320458 6.87322 0)
(0.245972 6.82798 0)
(0.177554 6.79624 0)
(0.11667 6.77521 0)
(0.0580109 6.7593 0)
(0.0309145 6.43646 0)
(0.037537 7.62536 0)
(0.0599546 8.05664 0)
(0.131024 8.05467 0)
(0.19532 8.03197 0)
(0.265872 7.99545 0)
(0.339713 7.94006 0)
(0.410955 7.86234 0)
(0.472531 7.76013 0)
(0.515299 7.63322 0)
(0.527988 7.48328 0)
(0.503557 7.3303 0)
(0.451051 7.20415 0)
(0.386335 7.11141 0)
(0.31859 7.04446 0)
(0.252934 6.99738 0)
(0.192169 6.96549 0)
(0.137717 6.945 0)
(0.0904326 6.9328 0)
(0.0471596 6.92254 0)
(0.017729 6.59162 0)
(0.0187382 7.50289 0)
(0.0471751 7.91225 0)
(0.0938201 7.91246 0)
(0.142304 7.89735 0)
(0.196533 7.87233 0)
(0.25435 7.83363 0)
(0.312201 7.77769 0)
(0.364687 7.70134 0)
(0.40404 7.60283 0)
(0.419665 7.48242 0)
(0.403506 7.35681 0)
(0.362022 7.25278 0)
(0.309249 7.17707 0)
(0.253829 7.12349 0)
(0.200466 7.08676 0)
(0.151565 7.06253 0)
(0.108135 7.04732 0)
(0.07061 7.03841 0)
(0.0375234 7.02994 0)
(0.0122566 6.69061 0)
(0.0115566 7.40642 0)
(0.0355752 7.80372 0)
(0.0681956 7.80574 0)
(0.104852 7.79563 0)
(0.146378 7.778 0)
(0.191593 7.75018 0)
(0.23805 7.70906 0)
(0.281586 7.65154 0)
(0.3159 7.57535 0)
(0.331777 7.4798 0)
(0.321263 7.37826 0)
(0.288834 7.29374 0)
(0.246417 7.23256 0)
(0.201665 7.1897 0)
(0.158674 7.16068 0)
(0.119477 7.14176 0)
(0.0848822 7.13002 0)
(0.0551243 7.12324 0)
(0.029444 7.11602 0)
(0.00918114 6.77042 0)
(0.00827386 7.33085 0)
(0.027128 7.72045 0)
(0.0511029 7.72355 0)
(0.0788975 7.71693 0)
(0.110663 7.70441 0)
(0.145803 7.68427 0)
(0.182632 7.65386 0)
(0.218022 7.6104 0)
(0.246944 7.5516 0)
(0.261654 7.47633 0)
(0.254868 7.39506 0)
(0.229628 7.32702 0)
(0.19581 7.2779 0)
(0.159962 7.24369 0)
(0.125565 7.22071 0)
(0.0943202 7.20588 0)
(0.0668686 7.19678 0)
(0.043318 7.19159 0)
(0.0231813 7.18523 0)
(0.00712275 6.83468 0)
(0.00628186 7.27327 0)
(0.0208406 7.65781 0)
(0.0388874 7.66137 0)
(0.060152 7.65677 0)
(0.0846121 7.64758 0)
(0.111909 7.63268 0)
(0.140903 7.60988 0)
(0.169296 7.57681 0)
(0.193132 7.53133 0)
(0.206058 7.47216 0)
(0.201703 7.40744 0)
(0.182099 7.35297 0)
(0.155291 7.31367 0)
(0.126756 7.28641 0)
(0.0993846 7.2682 0)
(0.0745692 7.25652 0)
(0.0528153 7.24939 0)
(0.0341709 7.24534 0)
(0.0182949 7.23953 0)
(0.00558754 6.88501 0)
(0.00483506 7.22901 0)
(0.0160544 7.61009 0)
(0.0298378 7.61391 0)
(0.0462179 7.61052 0)
(0.0651498 7.60362 0)
(0.0863959 7.59239 0)
(0.109173 7.57509 0)
(0.131775 7.54975 0)
(0.15113 7.51448 0)
(0.16212 7.46802 0)
(0.159343 7.41666 0)
(0.144131 7.37324 0)
(0.122963 7.34191 0)
(0.100344 7.32022 0)
(0.0786373 7.30577 0)
(0.0589693 7.29653 0)
(0.0417437 7.29091 0)
(0.0269855 7.28772 0)
(0.0144473 7.28226 0)
(0.00439567 6.92457 0)
(0.00375011 7.19468 0)
(0.0124255 7.57342 0)
(0.0230279 7.57738 0)
(0.0356944 7.57468 0)
(0.0504056 7.56944 0)
(0.0669812 7.56089 0)
(0.084865 7.54766 0)
(0.102773 7.52814 0)
(0.118334 7.50073 0)
(0.12748 7.46428 0)
(0.125719 7.42365 0)
(0.113917 7.38915 0)
(0.0972429 7.36424 0)
(0.0793567 7.347 0)
(0.0621765 7.33554 0)
(0.0466133 7.32822 0)
(0.0329885 7.32377 0)
(0.0213159 7.32124 0)
(0.011412 7.31603 0)
(0.00346257 6.95582 0)
(0.00292679 7.16797 0)
(0.00966898 7.54513 0)
(0.0178872 7.54915 0)
(0.0277203 7.54678 0)
(0.0391742 7.54278 0)
(0.0521147 7.53623 0)
(0.0661414 7.52606 0)
(0.0802841 7.51096 0)
(0.0927147 7.48962 0)
(0.100211 7.46103 0)
(0.0990988 7.42895 0)
(0.0899342 7.40161 0)
(0.0768159 7.38184 0)
(0.0626961 7.36817 0)
(0.0491207 7.35909 0)
(0.0368214 7.35329 0)
(0.0260546 7.34977 0)
(0.0168295 7.34777 0)
(0.00901129 7.34275 0)
(0.00272892 6.9805 0)
(0.00227224 7.14722 0)
(0.00752792 7.52302 0)
(0.0139655 7.52709 0)
(0.0216396 7.52507 0)
(0.030563 7.52199 0)
(0.0406675 7.51694 0)
(0.0516602 7.50907 0)
(0.0628073 7.49735 0)
(0.0726902 7.48071 0)
(0.0787646 7.45829 0)
(0.0780594 7.433 0)
(0.0709313 7.41136 0)
(0.0606227 7.3957 0)
(0.0494988 7.38487 0)
(0.0387924 7.37768 0)
(0.0290844 7.37309 0)
(0.0205805 7.37031 0)
(0.0132906 7.36872 0)
(0.00711594 7.36383 0)
(0.00215121 6.99998 0)
(0.00176591 7.13106 0)
(0.00586884 7.50562 0)
(0.0109226 7.50976 0)
(0.0169218 7.50816 0)
(0.0238848 7.50576 0)
(0.0317863 7.50184 0)
(0.0404071 7.49573 0)
(0.0491871 7.4866 0)
(0.0570186 7.47361 0)
(0.0619002 7.45602 0)
(0.0614512 7.43608 0)
(0.0559008 7.41899 0)
(0.0478067 7.40661 0)
(0.0390509 7.39805 0)
(0.0306106 7.39236 0)
(0.0229499 7.38872 0)
(0.0162375 7.38652 0)
(0.010483 7.38525 0)
(0.00561259 7.38047 0)
(0.00169438 7.01533 0)
(0.00138643 7.11842 0)
(0.0045975 7.49204 0)
(0.00854274 7.49624 0)
(0.0132329 7.49494 0)
(0.0186892 7.49307 0)
(0.0248821 7.49002 0)
(0.0316479 7.48525 0)
(0.0385545 7.47813 0)
(0.0447406 7.46796 0)
(0.0486402 7.45416 0)
(0.0483564 7.43846 0)
(0.0440345 7.42497 0)
(0.0376833 7.4152 0)
(0.0307918 7.40842 0)
(0.0241365 7.40392 0)
(0.0180924 7.40104 0)
(0.0127977 7.39929 0)
(0.00825987 7.39828 0)
(0.0044201 7.39358 0)
(0.00133149 7.02743 0)
(0.00109155 7.10849 0)
(0.00360785 7.48153 0)
(0.00669425 7.48574 0)
(0.0103641 7.48457 0)
(0.0146369 7.48312 0)
(0.019493 7.48075 0)
(0.0248047 7.47703 0)
(0.0302331 7.47146 0)
(0.0351114 7.46349 0)
(0.0382156 7.45265 0)
(0.0380382 7.44029 0)
(0.0346687 7.42966 0)
(0.0296812 7.42194 0)
(0.024254 7.41658 0)
(0.0190085 7.41302 0)
(0.0142467 7.41074 0)
(0.0100774 7.40937 0)
(0.00650479 7.40857 0)
(0.00348353 7.40393 0)
(0.00104964 7.03698 0)
(0.000844662 7.10074 0)
(0.00282709 7.47312 0)
(0.00529128 7.47737 0)
(0.00817552 7.47646 0)
(0.0115035 7.47533 0)
(0.0152985 7.47348 0)
(0.0194558 7.47057 0)
(0.0237139 7.4662 0)
(0.0275558 7.45995 0)
(0.0300205 7.45144 0)
(0.0299098 7.44171 0)
(0.0272772 7.43332 0)
(0.0233589 7.42723 0)
(0.0190906 7.423 0)
(0.0149665 7.42019 0)
(0.0112232 7.4184 0)
(0.00794307 7.41731 0)
(0.00512899 7.41668 0)
(0.00275025 7.41209 0)
(0.000829767 7.0445 0)
(0.000651543 7.09473 0)
(0.00220468 7.46644 0)
(0.00415707 7.47074 0)
(0.00642401 7.47015 0)
(0.00902954 7.46926 0)
(0.0120023 7.46779 0)
(0.0152581 7.4655 0)
(0.0185992 7.46207 0)
(0.0216234 7.45716 0)
(0.0235748 7.45047 0)
(0.0235044 7.44281 0)
(0.0214453 7.43619 0)
(0.0183707 7.43139 0)
(0.0150208 7.42805 0)
(0.0117831 7.42584 0)
(0.00884075 7.42444 0)
(0.00625877 7.42358 0)
(0.00404082 7.42307 0)
(0.00216766 7.41852 0)
(0.000654084 7.05043 0)
(0.000516318 7.08998 0)
(0.00173167 7.46125 0)
(0.00324707 7.46559 0)
(0.00501768 7.46519 0)
(0.00706285 7.46448 0)
(0.00939383 7.46333 0)
(0.0119485 7.46152 0)
(0.0145746 7.45882 0)
(0.0169562 7.45496 0)
(0.0184993 7.44969 0)
(0.0184566 7.44366 0)
(0.0168508 7.43844 0)
(0.0144459 7.43466 0)
(0.0118213 7.43203 0)
(0.00927881 7.43029 0)
(0.00696287 7.42917 0)
(0.00492819 7.42849 0)
(0.00317952 7.42809 0)
(0.00170043 7.42356 0)
(0.000509761 7.05507 0)
(0.000407489 7.08626 0)
(0.00135978 7.45723 0)
(0.00253782 7.46159 0)
(0.00392016 7.46129 0)
(0.00552265 7.46074 0)
(0.0073475 7.45983 0)
(0.00934956 7.4584 0)
(0.0114099 7.45628 0)
(0.0132815 7.45324 0)
(0.0144997 7.44908 0)
(0.0144769 7.44432 0)
(0.013228 7.44021 0)
(0.011348 7.43722 0)
(0.00928844 7.43515 0)
(0.00728783 7.43377 0)
(0.00546468 7.43288 0)
(0.00386518 7.43234 0)
(0.00249295 7.43201 0)
(0.00133002 7.42751 0)
(0.000396098 7.05871 0)
(0.000321464 7.08333 0)
(0.00106045 7.45408 0)
(0.00196851 7.45845 0)
(0.00304428 7.45823 0)
(0.00429788 7.45779 0)
(0.00572775 7.45707 0)
(0.00729842 7.45595 0)
(0.00891558 7.45427 0)
(0.0103866 7.45187 0)
(0.0113498 7.44859 0)
(0.0113454 7.44483 0)
(0.0103781 7.44159 0)
(0.00890725 7.43922 0)
(0.00728863 7.43758 0)
(0.00571483 7.43648 0)
(0.00428228 7.43578 0)
(0.00302739 7.43536 0)
(0.00195249 7.43509 0)
(0.00104126 7.43061 0)
(0.000309553 7.06157 0)
(0.000248989 7.08109 0)
(0.000821283 7.45167 0)
(0.00152415 7.45605 0)
(0.00235823 7.45588 0)
(0.00333001 7.45554 0)
(0.00443846 7.45497 0)
(0.00565792 7.45407 0)
(0.00691673 7.45273 0)
(0.0080661 7.45082 0)
(0.00882454 7.4482 0)
(0.00882908 7.44521 0)
(0.00808119 7.44264 0)
(0.00693811 7.44077 0)
(0.00567808 7.43948 0)
(0.00445405 7.43863 0)
(0.00334093 7.43808 0)
(0.00236503 7.43776 0)
(0.00152803 7.43755 0)
(0.000819939 7.43308 0)
(0.000246792 7.06384 0)
(0.000193114 7.0792 0)
(0.000637971 7.44964 0)
(0.00118638 7.45403 0)
(0.00184083 7.4539 0)
(0.00260528 7.45363 0)
(0.0034781 7.45317 0)
(0.00443976 7.45246 0)
(0.0054358 7.4514 0)
(0.0063515 7.44989 0)
(0.00696768 7.44784 0)
(0.00699968 7.4455 0)
(0.00643009 7.44346 0)
(0.00553126 7.44196 0)
(0.00453133 7.44093 0)
(0.00355776 7.44025 0)
(0.00267019 7.43982 0)
(0.00189011 7.43955 0)
(0.00121985 7.43938 0)
(0.000656561 7.43492 0)
(0.000199271 7.06554 0)
(0.000136127 7.07789 0)
(0.000448019 7.44826 0)
(0.000831429 7.45265 0)
(0.00128855 7.45254 0)
(0.00182494 7.45231 0)
(0.00244284 7.45192 0)
(0.00312976 7.45133 0)
(0.00384491 7.45045 0)
(0.00450159 7.44919 0)
(0.00493594 7.44749 0)
(0.00494225 7.44555 0)
(0.00453468 7.44393 0)
(0.00391666 7.44282 0)
(0.00322626 7.44205 0)
(0.00254705 7.44155 0)
(0.00191916 7.44124 0)
(0.00136075 7.44106 0)
(0.000876921 7.44093 0)
(0.000468354 7.43648 0)
(0.00014095 7.06694 0)
(9.33489e-05 7.07293 0)
(0.000309548 7.4431 0)
(0.000581855 7.44747 0)
(0.00091532 7.44736 0)
(0.0013178 7.44713 0)
(0.00179468 7.44679 0)
(0.00233989 7.4463 0)
(0.00292507 7.44559 0)
(0.00348665 7.4446 0)
(0.00389738 7.4433 0)
(0.00396454 7.44182 0)
(0.00366043 7.44054 0)
(0.00316741 7.43959 0)
(0.00262996 7.43896 0)
(0.0020955 7.43856 0)
(0.00159429 7.43832 0)
(0.00114171 7.43819 0)
(0.000742678 7.43811 0)
(0.000395603 7.43369 0)
(0.000116652 7.06416 0)
(-2.75734e-05 7.08625 0)
(7.40243e-05 7.45675 0)
(0.000302303 7.46114 0)
(0.000535477 7.46104 0)
(0.000838854 7.46082 0)
(0.00121112 7.4605 0)
(0.00164495 7.46003 0)
(0.00211328 7.45939 0)
(0.00256333 7.4585 0)
(0.00289928 7.45731 0)
(0.00298336 7.45597 0)
(0.00280267 7.45484 0)
(0.00248265 7.45404 0)
(0.00211282 7.45352 0)
(0.00173446 7.45322 0)
(0.00136784 7.45305 0)
(0.00102366 7.45297 0)
(0.000712043 7.45291 0)
(0.000464765 7.44846 0)
(0.000180542 7.07853 0)
(-6.83319e-05 7.07329 0)
(-0.000151027 7.4422 0)
(-0.0001228 7.44666 0)
(1.76565e-05 7.44665 0)
(0.000273031 7.44653 0)
(0.000603166 7.44631 0)
(0.000979336 7.44598 0)
(0.00137127 7.44548 0)
(0.00173941 7.44478 0)
(0.00202271 7.44381 0)
(0.00213299 7.44269 0)
(0.00206179 7.44172 0)
(0.0018961 7.44102 0)
(0.00170188 7.44054 0)
(0.00150683 7.44023 0)
(0.00131253 7.44004 0)
(0.00110336 7.43992 0)
(0.00084696 7.4398 0)
(0.000543652 7.43529 0)
(0.000188374 7.06686 0)
(5.12067e-05 7.07471 0)
(-6.35139e-05 7.44485 0)
(-0.000207311 7.44822 0)
(-0.000135239 7.44747 0)
(2.26955e-05 7.4469 0)
(0.000247758 7.44644 0)
(0.000509121 7.44599 0)
(0.000777912 7.44548 0)
(0.00102759 7.44481 0)
(0.00122377 7.44394 0)
(0.00131612 7.44298 0)
(0.00129958 7.44218 0)
(0.00122965 7.44163 0)
(0.0011483 7.44131 0)
(0.00106619 7.4412 0)
(0.000973055 7.44131 0)
(0.000846246 7.44167 0)
(0.000659169 7.44231 0)
(0.000299097 7.4389 0)
(1.98637e-05 7.06917 0)
(-2.33047 4.86938 -1.14757e-21)
(1.81494 5.71951 9.24309e-18)
(0.726782 4.97393 -7.49435e-18)
(1.29517 4.39764 0)
(1.33868 3.96857 0)
(1.45152 3.5384 -1.1985e-17)
(1.46141 3.09755 1.24872e-17)
(1.38915 2.61719 -1.27253e-17)
(1.2681 2.12708 2.14839e-19)
(0.0247043 1.92487 1.39294e-17)
(-0.877562 5.10248 -1.77207e-21)
(1.25342 4.49565 1.36171e-18)
(0.269475 4.19847 0)
(0.676952 3.94765 0)
(0.718444 3.67912 4.046e-19)
(0.753858 3.39274 2.63287e-17)
(0.703543 3.10838 -1.39124e-17)
(0.54081 2.84245 -2.18508e-19)
(0.636024 2.61981 2.1831e-19)
(-0.392297 2.54195 0)
(-0.753794 4.03656 1.05496e-17)
(0.969488 4.00415 -1.10498e-17)
(0.191351 3.73974 0)
(0.53075 3.5002 1.25694e-17)
(0.523587 3.29405 -1.04331e-20)
(0.503812 3.10408 -1.31854e-17)
(0.420672 2.9314 -1.42415e-17)
(0.229561 2.82548 -9.74052e-22)
(0.457903 2.72887 2.29708e-19)
(-0.424093 2.69063 0)
(-0.622863 3.67319 -5.11313e-18)
(0.72499 3.5764 0)
(0.0511303 3.42124 -6.31555e-18)
(0.330516 3.28892 -6.23573e-18)
(0.302916 3.15895 4.31563e-19)
(0.26938 3.04395 -7.53742e-18)
(0.216334 2.95056 7.04066e-18)
(0.0397229 2.89647 -2.23447e-19)
(0.332508 2.86527 3.50637e-19)
(-0.425419 2.77924 7.55333e-18)
(-0.543167 3.32727 -5.9568e-18)
(0.561467 3.31081 0)
(-0.0326874 3.21642 1.28212e-17)
(0.21531 3.13426 -7.07393e-18)
(0.181449 3.05757 -3.95692e-21)
(0.152869 2.99563 3.75145e-19)
(0.124722 2.9507 -3.93947e-20)
(-0.031971 2.9331 -7.63835e-18)
(0.272045 2.93147 2.35702e-19)
(-0.396615 2.83185 -1.5631e-17)
(-0.487034 3.14349 0)
(0.447439 3.15991 -6.51112e-18)
(-0.0737596 3.10614 -1.07911e-19)
(0.137163 3.0639 -4.29157e-19)
(0.0977305 3.02207 4.39351e-19)
(0.0785079 2.99004 7.17327e-18)
(0.0736659 2.96884 7.32118e-18)
(-0.0567416 2.9614 1.47252e-17)
(0.22917 2.96872 7.79258e-18)
(-0.36539 2.85979 -1.73707e-20)
(-0.43643 3.03502 0)
(0.371198 3.07617 6.71642e-18)
(-0.0877016 3.05298 -6.34727e-18)
(0.095091 3.02953 -4.34076e-19)
(0.0508758 3.00764 8.87658e-19)
(0.0401146 2.99202 9.28041e-22)
(0.0455042 2.9823 -4.61868e-19)
(-0.0639492 2.97731 -7.59342e-18)
(0.20088 2.98727 -7.58469e-18)
(-0.331781 2.87317 -1.76043e-20)
(-0.385858 2.98 6.59851e-18)
(0.309752 3.0228 -3.14126e-19)
(-0.0937944 3.03127 2.05287e-19)
(0.0646206 3.01491 0)
(0.024543 3.00406 0)
(0.0192745 2.9967 0)
(0.0285249 2.99231 0)
(-0.0632921 2.98933 7.64909e-18)
(0.175534 3.00005 -7.68063e-18)
(-0.296835 2.88281 7.95849e-18)
(-0.33405 2.95593 1.555e-19)
(0.255424 2.9994 6.71508e-18)
(-0.0903173 3.02076 0)
(0.0430827 3.00939 -4.28843e-19)
(0.0103766 3.00525 4.17273e-19)
(0.00862504 3.00228 0)
(0.0190411 3.00112 -2.19112e-19)
(-0.0582087 2.99888 -7.42448e-18)
(0.151572 3.01019 7.70655e-18)
(-0.26139 2.88861 0)
(-0.285672 2.94723 -6.37645e-20)
(0.216015 3.00164 -1.00939e-17)
(-0.0802308 3.01566 0)
(0.032576 3.0085 0)
(0.00592788 3.00725 3.9109e-19)
(0.00488952 3.00574 -3.12986e-18)
(0.0144623 3.00515 -4.04573e-19)
(-0.0514409 3.00296 3.86127e-18)
(0.128685 3.018 0)
(-0.226022 2.88994 0)
(-0.234909 2.93819 -9.7665e-18)
(0.18021 2.99414 3.39229e-18)
(-0.0643991 3.01059 0)
(0.0281761 3.0055 0)
(0.00589464 3.00526 0)
(0.0048007 3.00467 6.77813e-18)
(0.0125583 3.00495 0)
(-0.0432816 3.00406 -4.11146e-18)
(0.105001 3.02783 2.46687e-19)
(-0.187112 2.88596 4.0662e-18)
(-0.182945 2.92454 3.34824e-18)
(0.14347 2.99605 -3.15152e-19)
(-0.0478864 3.01259 3.63206e-18)
(0.0253426 3.00916 3.51646e-18)
(0.00929649 3.01075 0)
(0.00837865 3.01278 -3.69061e-18)
(0.0154733 3.01617 0)
(-0.0318306 3.02001 0)
(0.0913558 3.04147 0)
(-0.140773 2.89266 -4.08752e-18)
(-0.133553 2.9498 -2.92023e-18)
(0.0979104 3.02014 3.02046e-18)
(-0.0360237 3.03934 -3.15212e-18)
(0.018935 3.03832 -4.8634e-18)
(0.00828812 3.04227 0)
(0.00898305 3.04682 4.24745e-19)
(0.0154861 3.05196 -2.16627e-19)
(-0.0180526 3.05479 1.56472e-18)
(0.0771293 3.06525 1.93594e-18)
(-0.0943164 2.9525 -1.99496e-18)
(-0.109012 3.00499 3.00067e-18)
(0.0726787 3.05198 -2.91171e-18)
(-0.0327221 3.07246 1.97161e-19)
(0.00876409 3.06949 1.21362e-18)
(0.00240836 3.07192 -1.68554e-18)
(0.00316101 3.07429 0)
(0.00623677 3.07705 1.77287e-18)
(-0.0167531 3.07695 3.01774e-20)
(0.0582735 3.09509 -3.6905e-18)
(-0.0777846 2.99792 -3.41087e-20)
(-0.0490031 2.82373 -7.96089e-19)
(0.0211471 2.8522 1.98516e-19)
(-0.0223658 2.86405 -1.03578e-18)
(-0.0116037 2.85888 4.37282e-19)
(-0.0104079 2.85618 2.11599e-18)
(-0.00885839 2.85406 -8.99903e-19)
(-0.00685963 2.8526 -8.559e-19)
(-0.00781125 2.85171 -8.8013e-19)
(0.0222759 2.86252 1.87019e-18)
(-0.0268286 2.79248 9.29209e-19)
(-0.0291002 2.48475 6.42462e-19)
(-0.00834777 2.53023 2.91326e-19)
(-0.0214705 2.54783 5.75947e-19)
(-0.0182168 2.55999 -1.19969e-18)
(-0.015658 2.57266 4.15974e-19)
(-0.0125327 2.58598 8.3304e-19)
(-0.00842608 2.5999 -8.53956e-19)
(-0.00413173 2.61506 -8.75654e-19)
(0.0191568 2.63415 1.14737e-19)
(-0.00102474 2.60041 8.04821e-19)
)
;

boundaryField
{
    wall-4
    {
        type            noSlip;
    }
    pressure-outlet-7
    {
        type            zeroGradient;
    }
    velocity-inlet-6
    {
        type            fixedValue;
        value           uniform (0 3 0);
    }
    velocity-inlet-5
    {
        type            parabolicVelocity;
        maxValue        10;
        n               (1 0 0);
        y               (0 1 0);
        value           nonuniform List<vector> 
20
(
(0.381518 0 0)
(1.19474 0 0)
(2.1232 0 0)
(3.16908 0 0)
(4.32585 0 0)
(5.57242 0 0)
(6.86447 0 0)
(8.12141 0 0)
(9.20707 0 0)
(9.90123 0 0)
(9.90123 0 0)
(9.20707 0 0)
(8.12141 0 0)
(6.86447 0 0)
(5.57242 0 0)
(4.32585 0 0)
(3.16908 0 0)
(2.1232 0 0)
(1.19474 0 0)
(0.381518 0 0)
)
;
    }
    frontAndBackPlanes
    {
        type            empty;
    }
}


// ************************************************************************* //
