/*--------------------------------*- C++ -*----------------------------------*\
| =========                 |                                                 |
| \\      /  F ield         | OpenFOAM: The Open Source CFD Toolbox           |
|  \\    /   O peration     | Version:  2412                                  |
|   \\  /    A nd           | Website:  www.openfoam.com                      |
|    \\/     M anipulation  |                                                 |
\*---------------------------------------------------------------------------*/
FoamFile
{
    version     2.0;
    format      ascii;
    arch        "LSB;label=32;scalar=64";
    class       volVectorField;
    location    "2";
    object      U;
}
// * * * * * * * * * * * * * * * * * * * * * * * * * * * * * * * * * * * * * //

dimensions      [0 1 -1 0 0 0 0];

internalField   nonuniform List<vector> 
2200
(
(0.355143 0.0081799 0)
(1.16837 -0.00499905 0)
(2.11126 -0.000855056 0)
(3.16574 0.000727053 0)
(4.326 0.00404196 0)
(5.57368 0.00612489 0)
(6.86424 0.00790287 0)
(8.12149 0.00781601 0)
(9.20905 0.00896616 0)
(9.89994 0.00528415 0)
(9.89922 -0.00266415 0)
(9.20797 -0.00762036 0)
(8.12184 -0.00626813 0)
(6.86422 -0.00639833 0)
(5.57337 -0.00498266 0)
(4.32562 -0.00334172 0)
(3.16562 -0.000270162 0)
(2.11108 0.00135569 0)
(1.16809 0.00540307 0)
(0.354718 -0.00810546 0)
(0.390472 0.0197419 0)
(1.1536 0.0260562 0)
(2.10818 0.0129434 0)
(3.15227 0.01971 0)
(4.31567 0.0199767 0)
(5.56794 0.0205828 0)
(6.85991 0.0240775 0)
(8.11474 0.0254595 0)
(9.19507 0.021263 0)
(9.88788 0.00957477 0)
(9.88808 -0.0038262 0)
(9.1952 -0.0161979 0)
(8.11416 -0.0219601 0)
(6.8592 -0.0208835 0)
(5.56719 -0.0182188 0)
(4.31525 -0.0177626 0)
(3.15135 -0.0180032 0)
(2.10686 -0.0121714 0)
(1.15204 -0.0256312 0)
(0.389332 -0.0195459 0)
(0.510151 0.0289657 0)
(1.17833 0.0657665 0)
(2.10587 0.0586044 0)
(3.16833 0.0438069 0)
(4.31887 0.0562449 0)
(5.55833 0.058102 0)
(6.85057 0.0486473 0)
(8.09931 0.0454094 0)
(9.17875 0.0341269 0)
(9.86326 0.0140233 0)
(9.86331 -0.00564345 0)
(9.17766 -0.026662 0)
(8.09812 -0.0378444 0)
(6.84876 -0.0434035 0)
(5.55675 -0.0532835 0)
(4.31674 -0.0525524 0)
(3.16536 -0.0414746 0)
(2.10287 -0.0568328 0)
(1.17548 -0.0654024 0)
(0.507142 -0.028796 0)
(0.703048 0.0261107 0)
(1.25916 0.0905279 0)
(2.08624 0.111847 0)
(3.18393 0.0886216 0)
(4.36454 0.0834699 0)
(5.57626 0.102909 0)
(6.83669 0.106963 0)
(8.0775 0.0845568 0)
(9.15324 0.0653628 0)
(9.83508 0.0336846 0)
(9.83519 -0.0221373 0)
(9.1517 -0.0551895 0)
(8.07462 -0.0762651 0)
(6.8332 -0.099012 0)
(5.5722 -0.0970614 0)
(4.35949 -0.0793134 0)
(3.17876 -0.0850416 0)
(2.07991 -0.110587 0)
(1.25417 -0.0890499 0)
(0.700571 -0.0256197 0)
(0.931155 0.0249338 0)
(1.47567 0.114277 0)
(2.10251 0.173491 0)
(3.18217 0.163207 0)
(4.43151 0.157241 0)
(5.65492 0.15724 0)
(6.87938 0.160921 0)
(8.07323 0.135634 0)
(9.11899 0.0995953 0)
(9.77394 0.0448046 0)
(9.77425 -0.0293213 0)
(9.11457 -0.0857617 0)
(8.06821 -0.123826 0)
(6.87282 -0.151663 0)
(5.64666 -0.149625 0)
(4.42187 -0.151553 0)
(3.17101 -0.160391 0)
(2.09401 -0.171329 0)
(1.46785 -0.113832 0)
(0.920459 -0.0250457 0)
(1.2037 0.0370737 0)
(1.77667 0.14135 0)
(2.20634 0.25014 0)
(3.19684 0.292177 0)
(4.4184 0.279084 0)
(5.68567 0.243139 0)
(6.92976 0.25218 0)
(8.09342 0.225601 0)
(9.12715 0.153532 0)
(9.74035 0.0640827 0)
(9.74011 -0.0466218 0)
(9.11922 -0.137651 0)
(8.08352 -0.208853 0)
(6.91689 -0.240047 0)
(5.67184 -0.234271 0)
(4.40358 -0.273545 0)
(3.18433 -0.289312 0)
(2.19402 -0.249126 0)
(1.76708 -0.141145 0)
(1.20062 -0.036776 0)
(1.55716 0.0544382 0)
(2.14292 0.162827 0)
(2.46706 0.327938 0)
(3.26274 0.419461 0)
(4.35902 0.43041 0)
(5.6207 0.367544 0)
(6.88855 0.312132 0)
(8.05116 0.298432 0)
(9.08322 0.227916 0)
(9.67467 0.100987 0)
(9.67305 -0.0775764 0)
(9.07233 -0.207638 0)
(8.03865 -0.283225 0)
(6.8725 -0.298847 0)
(5.60192 -0.358341 0)
(4.34049 -0.425031 0)
(3.24385 -0.415225 0)
(2.45065 -0.324536 0)
(2.1298 -0.159861 0)
(1.54354 -0.0536434 0)
(1.99056 0.0664134 0)
(2.59492 0.177478 0)
(2.83415 0.374226 0)
(3.43263 0.509168 0)
(4.34419 0.573277 0)
(5.53203 0.538449 0)
(6.75225 0.421392 0)
(7.95169 0.331009 0)
(8.96507 0.258822 0)
(9.54782 0.118533 0)
(9.54598 -0.0911035 0)
(8.95237 -0.232388 0)
(7.93199 -0.308942 0)
(6.73029 -0.406325 0)
(5.50565 -0.527972 0)
(4.31967 -0.566279 0)
(3.41106 -0.505535 0)
(2.81852 -0.371809 0)
(2.57974 -0.176356 0)
(1.97417 -0.0660933 0)
(2.46848 0.0704305 0)
(3.11696 0.185891 0)
(3.2916 0.40043 0)
(3.72094 0.567993 0)
(4.43812 0.6943 0)
(5.47971 0.714955 0)
(6.58688 0.636444 0)
(7.78445 0.446277 0)
(8.74113 0.309856 0)
(9.27618 0.13845 0)
(9.27285 -0.105939 0)
(8.72391 -0.280191 0)
(7.75571 -0.420929 0)
(6.55559 -0.618485 0)
(5.4469 -0.70246 0)
(4.40683 -0.685222 0)
(3.69518 -0.561085 0)
(3.27025 -0.395989 0)
(3.0958 -0.184042 0)
(2.44942 -0.0699463 0)
(2.95453 0.0670351 0)
(3.67905 0.185948 0)
(3.81075 0.407002 0)
(4.10561 0.594381 0)
(4.63763 0.769905 0)
(5.49066 0.845693 0)
(6.48675 0.823631 0)
(7.5804 0.664481 0)
(8.52619 0.416827 0)
(9.00659 0.188238 0)
(9.00259 -0.148179 0)
(8.5052 -0.382258 0)
(7.54732 -0.638687 0)
(6.44398 -0.802407 0)
(5.45307 -0.829214 0)
(4.60057 -0.758042 0)
(4.07251 -0.584652 0)
(3.78084 -0.400476 0)
(3.65148 -0.182487 0)
(2.92611 -0.0640672 0)
(3.41269 0.0566758 0)
(4.24747 0.173553 0)
(4.35561 0.386422 0)
(4.55197 0.578306 0)
(4.92533 0.777651 0)
(5.56127 0.903339 0)
(6.44034 0.910182 0)
(7.4072 0.824824 0)
(8.33285 0.515922 0)
(8.81372 0.235336 0)
(8.80684 -0.186769 0)
(8.30263 -0.472496 0)
(7.36399 -0.791354 0)
(6.38824 -0.879799 0)
(5.51605 -0.881243 0)
(4.88102 -0.760164 0)
(4.5117 -0.565764 0)
(4.31859 -0.377116 0)
(4.21333 -0.168091 0)
(3.37032 -0.0535316 0)
(3.80784 0.0421066 0)
(4.78485 0.14923 0)
(4.88389 0.34117 0)
(5.01245 0.522009 0)
(5.26745 0.72007 0)
(5.70891 0.881953 0)
(6.42427 0.925632 0)
(7.23407 0.866294 0)
(8.06018 0.572412 0)
(8.552 0.254525 0)
(8.53889 -0.195973 0)
(8.02147 -0.522466 0)
(7.17915 -0.820869 0)
(6.36451 -0.888985 0)
(5.64688 -0.852427 0)
(5.21419 -0.696043 0)
(4.96335 -0.505327 0)
(4.83698 -0.328181 0)
(4.73643 -0.141953 0)
(3.74754 -0.0400377 0)
(4.11977 0.0280019 0)
(5.25899 0.120677 0)
(5.35817 0.284044 0)
(5.44213 0.445892 0)
(5.61449 0.625649 0)
(5.92095 0.790158 0)
(6.42816 0.898719 0)
(7.06229 0.827423 0)
(7.74007 0.598784 0)
(8.19546 0.258293 0)
(8.18064 -0.188012 0)
(7.69302 -0.537916 0)
(6.99787 -0.771066 0)
(6.35961 -0.853223 0)
(5.84769 -0.747634 0)
(5.54598 -0.593856 0)
(5.37681 -0.421339 0)
(5.29424 -0.26729 0)
(5.18944 -0.111849 0)
(4.0382 -0.0252017 0)
(4.35004 0.0174453 0)
(5.65313 0.091085 0)
(5.7601 0.224924 0)
(5.815 0.359255 0)
(5.9321 0.512519 0)
(6.1405 0.655985 0)
(6.48396 0.777997 0)
(6.94383 0.743193 0)
(7.47566 0.584537 0)
(7.85769 0.257462 0)
(7.8409 -0.167231 0)
(7.41765 -0.501302 0)
(6.87067 -0.67361 0)
(6.40244 -0.714565 0)
(6.05481 -0.605552 0)
(5.84533 -0.472846 0)
(5.72673 -0.329442 0)
(5.67047 -0.203948 0)
(5.55915 -0.0814381 0)
(4.24295 -0.0102028 0)
(4.51296 0.00978129 0)
(5.9675 0.0695197 0)
(6.08114 0.170612 0)
(6.11764 0.28026 0)
(6.19767 0.403273 0)
(6.33741 0.520128 0)
(6.56853 0.623962 0)
(6.89162 0.630138 0)
(7.28718 0.523348 0)
(7.5829 0.245344 0)
(7.55586 -0.128147 0)
(7.21401 -0.413956 0)
(6.79948 -0.538115 0)
(6.46639 -0.542602 0)
(6.22982 -0.456681 0)
(6.08579 -0.352378 0)
(6.0029 -0.241673 0)
(5.96368 -0.14509 0)
(5.85057 -0.0522278 0)
(4.35946 0.000983473 0)
(4.62879 0.00597762 0)
(6.20862 0.0486942 0)
(6.33226 0.128532 0)
(6.35693 0.209426 0)
(6.40984 0.307971 0)
(6.50182 0.401805 0)
(6.65213 0.485393 0)
(6.87414 0.513473 0)
(7.1438 0.439671 0)
(7.35821 0.222603 0)
(7.32273 -0.0740077 0)
(7.06357 -0.301207 0)
(6.76137 -0.387049 0)
(6.5272 -0.380764 0)
(6.3658 -0.31896 0)
(6.2674 -0.243164 0)
(6.21108 -0.163549 0)
(6.18314 -0.0944111 0)
(6.06103 -0.0277189 0)
(4.41582 0.00170924 0)
(4.70982 0.00304377 0)
(6.39639 0.0415541 0)
(6.52087 0.0959102 0)
(6.53831 0.162467 0)
(6.5727 0.235896 0)
(6.63229 0.310697 0)
(6.72692 0.375839 0)
(6.86936 0.41128 0)
(7.03518 0.360127 0)
(7.17749 0.202742 0)
(7.13846 -0.0160831 0)
(6.94493 -0.187299 0)
(6.72902 -0.246664 0)
(6.56681 -0.242021 0)
(6.45593 -0.202111 0)
(6.38752 -0.15142 0)
(6.35017 -0.0998476 0)
(6.32987 -0.0562939 0)
(6.18731 -0.0138348 0)
(4.44674 0.00255692 0)
(4.77922 0.00594955 0)
(6.5294 0.0279382 0)
(6.66836 0.0778901 0)
(6.68033 0.125459 0)
(6.6997 0.183188 0)
(6.73527 0.244464 0)
(6.79106 0.296505 0)
(6.87072 0.331257 0)
(6.96396 0.303273 0)
(7.04762 0.198671 0)
(7.00497 0.0424515 0)
(6.85794 -0.081926 0)
(6.70352 -0.127256 0)
(6.59024 -0.131252 0)
(6.51206 -0.110886 0)
(6.46251 -0.0828214 0)
(6.43323 -0.0534864 0)
(6.41518 -0.0271665 0)
(6.2616 -0.00606638 0)
(4.44987 0.00403869 0)
(4.84335 0.0050028 0)
(6.65276 0.0358476 0)
(6.78268 0.0669993 0)
(6.79153 0.109213 0)
(6.80114 0.155083 0)
(6.82055 0.205292 0)
(6.84911 0.248413 0)
(6.88501 0.280638 0)
(6.92816 0.283942 0)
(6.96209 0.214401 0)
(6.91133 0.101206 0)
(6.79096 0.0114645 0)
(6.67607 -0.0278676 0)
(6.59194 -0.0407891 0)
(6.53347 -0.0365584 0)
(6.49612 -0.0250804 0)
(6.47414 -0.0142106 0)
(6.45381 -0.00425954 0)
(6.28874 0.00329413 0)
(4.44462 0.00309535 0)
(4.91944 0.0103828 0)
(6.73667 0.025249 0)
(6.88509 0.0620956 0)
(6.88873 0.101196 0)
(6.89144 0.141965 0)
(6.89644 0.189281 0)
(6.90521 0.234511 0)
(6.90762 0.263764 0)
(6.91983 0.288579 0)
(6.90146 0.250413 0)
(6.84061 0.16343 0)
(6.73439 0.0965851 0)
(6.64389 0.0561795 0)
(6.57714 0.0331677 0)
(6.53159 0.0211581 0)
(6.50195 0.0141534 0)
(6.48197 0.0124302 0)
(6.45699 0.00934697 0)
(6.28696 0.00658231 0)
(4.42783 0.00532994 0)
(5.00633 0.0118582 0)
(6.8544 0.045173 0)
(6.98386 0.07438 0)
(6.98702 0.107558 0)
(6.98006 0.147402 0)
(6.97259 0.194234 0)
(6.96341 0.239909 0)
(6.94195 0.272005 0)
(6.92593 0.303451 0)
(6.86516 0.297926 0)
(6.78913 0.227216 0)
(6.68874 0.174855 0)
(6.60876 0.129907 0)
(6.54879 0.0976552 0)
(6.50763 0.073647 0)
(6.48048 0.0549477 0)
(6.46346 0.0394139 0)
(6.44302 0.0287911 0)
(6.27023 0.0207144 0)
(4.39056 0.00837389 0)
(5.12905 0.0159894 0)
(6.94309 0.0374999 0)
(7.08732 0.0747699 0)
(7.08261 0.122141 0)
(7.07032 0.172193 0)
(7.05053 0.219349 0)
(7.02079 0.275204 0)
(6.97986 0.313957 0)
(6.94558 0.349789 0)
(6.83871 0.36212 0)
(6.74047 0.302891 0)
(6.63785 0.255405 0)
(6.55815 0.204317 0)
(6.49885 0.162755 0)
(6.45793 0.125603 0)
(6.4307 0.0939587 0)
(6.41392 0.0679829 0)
(6.39668 0.0415802 0)
(6.22131 0.0237641 0)
(4.30483 0.0164433 0)
(5.258 0.0241565 0)
(7.09234 0.0707892 0)
(7.21486 0.112189 0)
(7.20393 0.160747 0)
(7.17923 0.210671 0)
(7.13978 0.275358 0)
(7.08775 0.338424 0)
(7.0253 0.386559 0)
(6.97073 0.428367 0)
(6.8211 0.437159 0)
(6.70001 0.388691 0)
(6.59008 0.338524 0)
(6.50503 0.279892 0)
(6.4425 0.228067 0)
(6.39881 0.180702 0)
(6.36842 0.137972 0)
(6.34891 0.104768 0)
(6.33488 0.0778337 0)
(6.15887 0.0500727 0)
(4.21934 0.0177839 0)
(5.50293 0.0348772 0)
(7.24251 0.0787203 0)
(7.36344 0.141904 0)
(7.34555 0.210298 0)
(7.30296 0.292347 0)
(7.24411 0.364841 0)
(7.16569 0.43718 0)
(7.07697 0.49495 0)
(6.9905 0.532691 0)
(6.80474 0.534638 0)
(6.65898 0.492301 0)
(6.53432 0.433534 0)
(6.4385 0.366454 0)
(6.36813 0.303439 0)
(6.31805 0.244543 0)
(6.28417 0.190993 0)
(6.26116 0.138817 0)
(6.23678 0.0933628 0)
(6.02184 0.053823 0)
(4.05427 0.023704 0)
(5.73182 0.0568787 0)
(7.4779 0.145478 0)
(7.5728 0.216705 0)
(7.52094 0.314049 0)
(7.45062 0.40276 0)
(7.35972 0.492906 0)
(7.24788 0.575029 0)
(7.1268 0.636733 0)
(7.00056 0.665062 0)
(6.78385 0.657325 0)
(6.61258 0.612049 0)
(6.47007 0.540104 0)
(6.3622 0.46197 0)
(6.28313 0.386407 0)
(6.22494 0.314068 0)
(6.1829 0.247953 0)
(6.15412 0.193269 0)
(6.12448 0.137909 0)
(5.90694 0.085698 0)
(3.92609 0.0294268 0)
(6.40951 0.128399 0)
(7.74604 0.218155 0)
(7.80634 0.35139 0)
(7.72174 0.478491 0)
(7.61301 0.591526 3.06488e-33)
(7.48225 0.686238 -2.05915e-33)
(7.33214 0.763696 0)
(7.17362 0.817322 0)
(7.00284 0.831698 0)
(6.75988 0.809347 0)
(6.56285 0.750945 0)
(6.39969 0.662994 0)
(6.27657 0.572869 0)
(6.18423 0.486353 0)
(6.11448 0.406359 0)
(6.0616 0.330005 0)
(6.0197 0.253002 0)
(5.9681 0.187304 0)
(5.66367 0.109588 0)
(3.59355 0.0521529 0)
(6.85502 0.286533 -3.17176e-19)
(8.12693 0.384674 2.77443e-19)
(8.07645 0.588501 0)
(7.92274 0.747832 4.30205e-20)
(7.76775 0.850334 -3.46549e-20)
(7.59513 0.936198 2.18379e-33)
(7.40802 1.00088 0)
(7.20738 1.04201 1.99444e-19)
(6.99038 1.04142 -7.12224e-19)
(6.72062 1.00246 1.55957e-19)
(6.4912 0.927544 0)
(6.30143 0.824987 -5.05985e-19)
(6.15772 0.723589 -6.33911e-19)
(6.04662 0.625639 1.11552e-18)
(5.95942 0.534087 -8.97508e-19)
(5.89102 0.453351 0)
(5.8333 0.382521 -3.47707e-19)
(5.7483 0.286376 0)
(5.35239 0.209838 -1.87765e-18)
(3.3176 0.126012 2.14068e-18)
(7.15829 0.63338 -1.02163e-19)
(8.36392 0.807666 -2.06574e-18)
(8.28791 0.99355 5.41931e-19)
(8.09928 1.07701 6.50248e-19)
(7.90568 1.15493 -6.88189e-20)
(7.69191 1.22746 1.49587e-19)
(7.46463 1.2765 0)
(7.21937 1.30711 0)
(6.96031 1.29222 1.13346e-18)
(6.66225 1.23923 0)
(6.39722 1.14974 1.76602e-18)
(6.17808 1.03708 5.50927e-19)
(6.00966 0.930342 1.76927e-20)
(5.87549 0.832303 -1.26926e-18)
(5.76504 0.74307 0)
(5.67153 0.661982 0)
(5.59075 0.599891 -6.00342e-18)
(5.49353 0.568541 1.52402e-17)
(5.15309 0.439732 -8.83035e-18)
(3.17879 0.302325 -1.02952e-17)
(7.29874 0.980235 2.71816e-18)
(8.57373 1.38257 -9.46927e-19)
(8.46429 1.43089 -2.36326e-19)
(8.24538 1.45443 -1.18235e-18)
(8.01038 1.50968 5.56073e-19)
(7.76383 1.55235 -2.35919e-19)
(7.49747 1.5832 2.40666e-19)
(7.21585 1.59362 0)
(6.92217 1.55974 -2.36638e-18)
(6.5964 1.49034 2.58796e-18)
(6.29858 1.38567 -4.82917e-18)
(6.05192 1.26547 2.3501e-18)
(5.85934 1.15709 -1.73474e-18)
(5.70377 1.06299 3.79855e-18)
(5.5753 0.984721 0)
(5.46663 0.914182 -1.49437e-18)
(5.37151 0.844791 0)
(5.27027 0.812579 8.71216e-18)
(4.98111 0.739265 -2.05962e-17)
(3.15219 0.427047 1.27936e-17)
(7.3422 1.29338 -1.27683e-17)
(8.64359 1.90693 6.38126e-18)
(8.57798 1.8884 9.21202e-19)
(8.34206 1.86677 0)
(8.08561 1.88549 5.69269e-19)
(7.8055 1.90299 -5.836e-19)
(7.50679 1.90876 -2.89837e-19)
(7.19635 1.89164 0)
(6.87189 1.83649 1.67456e-18)
(6.5191 1.74932 -1.78011e-18)
(6.19257 1.62947 4.23432e-18)
(5.92312 1.50219 0)
(5.7131 1.39175 -3.64082e-18)
(5.54526 1.29738 2.01244e-18)
(5.41016 1.2205 5.45627e-18)
(5.30044 1.1601 -4.79318e-18)
(5.20794 1.09595 8.00274e-18)
(5.10893 1.02819 -1.78727e-17)
(4.85922 0.987616 1.13872e-17)
(3.17636 0.593461 -1.45196e-17)
(7.348 1.55069 8.66438e-18)
(8.68907 2.42625 -7.05866e-18)
(8.63692 2.30689 2.81697e-18)
(8.38917 2.28286 -3.8445e-18)
(8.11059 2.28552 2.46425e-18)
(7.81057 2.26877 -3.36517e-19)
(7.49129 2.24082 1.19709e-19)
(7.15878 2.19386 -1.22313e-18)
(6.80871 2.11769 -1.70534e-18)
(6.43374 2.01124 -3.84025e-18)
(6.08622 1.87386 -9.12736e-18)
(5.80285 1.73656 -3.04646e-18)
(5.58549 1.62094 1.21548e-19)
(5.41502 1.52285 -7.16835e-18)
(5.28017 1.44064 -2.55317e-19)
(5.17283 1.37847 6.99693e-18)
(5.08401 1.33586 -2.17051e-18)
(4.9917 1.24148 -1.2904e-18)
(4.76906 1.22393 0)
(3.19157 0.751011 3.07811e-17)
(7.28679 1.84155 0)
(8.6413 2.84409 1.91504e-18)
(8.64811 2.66726 0)
(8.37041 2.68935 -4.70962e-19)
(8.08677 2.67257 -2.9507e-18)
(7.78084 2.62892 5.05332e-19)
(7.45262 2.57123 2.04102e-19)
(7.1057 2.49611 2.16786e-18)
(6.73607 2.39741 -1.02455e-18)
(6.3456 2.26807 1.71138e-18)
(5.98483 2.11167 4.91854e-18)
(5.69392 1.96292 6.73663e-18)
(5.4735 1.84018 -4.18427e-18)
(5.30236 1.73781 7.74607e-18)
(5.16708 1.65075 -6.21451e-18)
(5.06004 1.58044 0)
(4.96863 1.55624 -1.66425e-17)
(4.88702 1.44828 2.23736e-17)
(4.67684 1.4459 1.70994e-18)
(3.17859 0.897849 -3.23777e-17)
(7.18105 2.16484 -9.01647e-19)
(8.60856 3.26097 -5.65643e-18)
(8.62104 3.01787 -1.496e-17)
(8.30984 3.07329 8.04824e-18)
(8.02567 3.03239 -1.56381e-18)
(7.72383 2.96603 7.97579e-19)
(7.39409 2.88615 3.62462e-20)
(7.03842 2.78829 -2.92617e-19)
(6.65628 2.66818 -3.69329e-18)
(6.25686 2.51737 2.67972e-20)
(5.88601 2.34345 -5.33049e-18)
(5.58788 2.1817 -7.13447e-18)
(5.36323 2.0495 4.70223e-18)
(5.18965 1.94203 -2.77642e-18)
(5.053 1.85146 6.73712e-18)
(4.9456 1.77226 0)
(4.85149 1.75469 -1.02769e-17)
(4.77614 1.6414 1.52047e-17)
(4.57812 1.63203 2.96638e-17)
(3.12701 1.04457 -3.38636e-17)
(7.10092 2.43655 -2.65376e-17)
(8.52239 3.63826 1.29089e-17)
(8.54393 3.35471 9.35963e-18)
(8.20784 3.4426 -8.43228e-18)
(7.94483 3.3618 4.83792e-19)
(7.64952 3.27704 2.00549e-18)
(7.31997 3.18176 -3.0724e-19)
(6.95898 3.06701 -8.83522e-19)
(6.56939 2.9291 -2.30456e-18)
(6.16305 2.75816 3.86699e-18)
(5.78166 2.56582 5.07886e-18)
(5.4758 2.38963 1.11994e-17)
(5.24668 2.24704 0)
(5.07111 2.13291 2.09898e-19)
(4.93375 2.03806 -1.86833e-17)
(4.82866 1.94772 4.27998e-18)
(4.73374 1.93648 2.19828e-17)
(4.67071 1.81518 -6.3746e-18)
(4.47947 1.8041 1.42746e-17)
(3.0635 1.16023 -9.02355e-19)
(6.94553 2.65356 1.05482e-18)
(8.4234 3.9649 1.17922e-17)
(8.45665 3.67207 6.74365e-18)
(8.10005 3.7738 -1.42356e-17)
(7.85874 3.65575 8.66965e-18)
(7.56359 3.56342 -2.41301e-18)
(7.23336 3.45653 2.50684e-19)
(6.86663 3.32907 2.11756e-18)
(6.47284 3.17475 4.11974e-18)
(6.0618 2.98519 -4.93038e-18)
(5.67215 2.77727 0)
(5.36064 2.58796 -4.39608e-18)
(5.12874 2.43401 5.04311e-18)
(4.95244 2.31157 6.78066e-18)
(4.8168 2.2132 -3.87991e-18)
(4.71573 2.11442 -9.84334e-18)
(4.61634 2.09963 -2.99038e-18)
(4.55341 1.96757 -3.84717e-20)
(4.36366 1.96119 0)
(3.00008 1.25549 0)
(6.85878 2.93031 -1.27586e-17)
(8.31502 4.3311 0)
(8.35618 3.97792 7.52827e-18)
(7.99912 4.0875 -3.55739e-18)
(7.77148 3.92926 -8.62751e-18)
(7.47357 3.82982 2.43731e-18)
(7.13903 3.71312 1.74316e-19)
(6.76653 3.57388 -1.18799e-18)
(6.37287 3.40491 2.84662e-18)
(5.95851 3.20126 -1.97803e-18)
(5.56138 2.98026 2.87265e-18)
(5.24399 2.77706 1.36874e-17)
(5.00825 2.61122 5.141e-19)
(4.83014 2.47878 -6.89369e-18)
(4.69241 2.37149 1.33322e-17)
(4.5931 2.26033 1.8718e-19)
(4.49585 2.24752 3.19946e-18)
(4.46055 2.11341 -1.56922e-17)
(4.26396 2.10831 1.6164e-17)
(2.93387 1.34107 -1.67621e-17)
(6.71529 3.10388 5.80412e-21)
(8.21658 4.59826 0)
(8.26438 4.27307 0)
(7.9014 4.38609 3.03151e-18)
(7.687 4.19095 3.39688e-18)
(7.38248 4.08312 -1.73868e-18)
(7.04171 3.95565 5.94019e-19)
(6.66506 3.80419 0)
(6.27336 3.62136 -4.48551e-18)
(5.85437 3.40557 7.24269e-18)
(5.45117 3.17187 8.63672e-18)
(5.12943 2.9555 -5.14507e-18)
(4.89197 2.77717 -6.43254e-18)
(4.71508 2.63354 1.51823e-17)
(4.58315 2.52232 -4.70792e-18)
(4.48964 2.41176 -5.73145e-18)
(4.382 2.38647 -3.50211e-18)
(4.32577 2.23545 -1.69798e-17)
(4.12928 2.22278 2.2372e-18)
(2.85881 1.41629 1.78948e-17)
(6.62814 3.332 -5.08083e-18)
(8.10029 4.91362 -6.92562e-18)
(8.1689 4.53498 9.35171e-19)
(7.80234 4.65937 1.19527e-19)
(7.601 4.43751 9.0375e-19)
(7.28857 4.32463 -4.78785e-18)
(6.94265 4.18539 0)
(6.56563 4.02121 9.52861e-19)
(6.17664 3.82491 -7.49859e-19)
(5.75317 3.59912 1.17115e-17)
(5.34517 3.35547 -2.15874e-18)
(5.01642 3.1283 2.37129e-18)
(4.77091 2.93974 0)
(4.58476 2.78578 -8.28208e-18)
(4.43962 2.65966 1.02887e-17)
(4.343 2.52866 0)
(4.24988 2.49202 -7.70189e-18)
(4.24391 2.35557 2.24721e-17)
(4.03772 2.34367 2.74476e-18)
(2.77607 1.47879 -2.2074e-17)
(6.51866 3.50781 -1.06689e-17)
(8.00888 5.14538 1.29773e-17)
(8.0715 4.78039 0)
(7.70481 4.91287 7.42481e-18)
(7.5113 4.66674 0)
(7.19159 4.55158 4.30905e-18)
(6.84246 4.40098 0)
(6.4699 4.22495 0)
(6.083 4.01684 -1.54787e-18)
(5.65453 3.78307 -1.13345e-17)
(5.24082 3.53044 -1.60685e-17)
(4.90466 3.29286 2.95293e-18)
(4.65596 3.09148 1.09366e-17)
(4.47543 2.92242 9.26146e-18)
(4.34956 2.78761 -3.29303e-17)
(4.25639 2.66884 -1.37192e-17)
(4.14274 2.62889 7.96072e-18)
(4.08844 2.45955 0)
(3.88707 2.41461 2.38254e-17)
(2.68498 1.5292 -2.36124e-17)
(6.41501 3.67975 1.17333e-17)
(7.88906 5.40135 -1.41501e-17)
(7.97461 5.02206 0)
(7.60179 5.1477 -3.83056e-19)
(7.41594 4.88175 -2.97027e-18)
(7.09175 4.76388 0)
(6.743 4.60237 -6.83062e-20)
(6.37778 4.41493 1.00873e-18)
(5.99069 4.19685 -2.36522e-18)
(5.55798 3.95618 1.25986e-18)
(5.1406 3.69634 0)
(4.79723 3.4514 1.17688e-17)
(4.53642 3.24202 3.32739e-20)
(4.33223 3.06434 5.00012e-18)
(4.16772 2.91502 6.08255e-18)
(4.07101 2.75673 0)
(3.98337 2.67962 -1.34875e-17)
(3.99264 2.53394 2.6434e-17)
(3.7837 2.51746 -2.89464e-17)
(2.58465 1.56099 5.09708e-17)
(6.32127 3.83881 0)
(7.78941 5.62897 0)
(7.86966 5.2179 -7.11029e-18)
(7.49407 5.36305 0)
(7.31869 5.07827 0)
(6.99072 4.95971 5.8661e-18)
(6.64572 4.78918 -1.26057e-19)
(6.28772 4.59139 5.73718e-19)
(5.89927 4.36519 -3.72751e-19)
(5.46513 4.11912 0)
(5.04468 3.85453 -2.53733e-18)
(4.69228 3.60492 -9.72743e-18)
(4.42374 3.38796 -1.21229e-17)
(4.22903 3.19716 -5.00248e-18)
(4.09898 3.03483 6.5755e-18)
(3.99387 2.90696 -1.55689e-17)
(3.88501 2.83582 2.9079e-17)
(3.84371 2.65004 5.37558e-19)
(3.62489 2.54699 -2.76348e-17)
(2.4717 1.58258 -3.47886e-18)
(6.21799 3.98 0)
(7.68193 5.79512 -1.02043e-17)
(7.76698 5.42499 8.13836e-18)
(7.3887 5.55731 0)
(7.22157 5.25864 0)
(6.89074 5.14047 -1.28523e-17)
(6.55165 4.9621 0)
(6.1997 4.7548 0)
(5.81039 4.52217 -5.01856e-18)
(5.37674 4.27175 2.17451e-18)
(4.95306 4.00372 -2.09719e-17)
(4.59266 3.75169 0)
(4.31126 3.52987 -1.29187e-17)
(4.08631 3.33367 4.44866e-19)
(3.90016 3.15593 -2.05763e-17)
(3.78695 2.95616 8.43481e-18)
(3.69135 2.83683 2.21787e-19)
(3.69266 2.65852 -3.13634e-17)
(3.49418 2.6253 1.50188e-17)
(2.34738 1.57894 3.70203e-18)
(6.13617 4.1283 0)
(7.5568 6.04726 -1.18958e-17)
(7.66335 5.60184 8.33005e-18)
(7.28743 5.74384 1.605e-17)
(7.1261 5.42644 2.96551e-18)
(6.7942 5.30708 -1.63144e-18)
(6.46072 5.12161 1.07018e-18)
(6.11421 4.90626 1.05351e-18)
(5.72484 4.66866 5.37694e-18)
(5.29268 4.41445 1.49228e-17)
(4.86677 4.14492 1.74324e-17)
(4.49913 3.89438 3.22736e-18)
(4.20714 3.67241 1.8792e-17)
(3.98018 3.4667 1.19693e-17)
(3.82137 3.28043 1.49636e-17)
(3.70256 3.13741 -9.249e-18)
(3.58072 3.01589 -1.13105e-17)
(3.55703 2.80081 1.35857e-17)
(3.30599 2.62068 -8.34571e-18)
(2.20391 1.55799 1.21907e-17)
(6.03116 4.23268 1.77338e-17)
(7.48974 6.15536 1.88752e-17)
(7.56595 5.77194 4.34938e-18)
(7.18594 5.90995 2.80408e-19)
(7.03513 5.58287 -1.06478e-17)
(6.70159 5.46224 3.77781e-18)
(6.3737 5.2695 -1.2076e-18)
(6.03201 5.04664 -3.55129e-19)
(5.64312 4.8049 -6.17403e-18)
(5.21333 4.54746 -1.64559e-17)
(4.78514 4.27781 1.1223e-18)
(4.40917 4.02953 0)
(4.10262 3.80895 0)
(3.85047 3.60807 -6.13018e-18)
(3.63597 3.4165 -2.38728e-17)
(3.46802 3.19625 1.98421e-17)
(3.35011 3.02356 1.21766e-17)
(3.33862 2.78248 0)
(3.14135 2.66946 2.67657e-17)
(2.05155 1.51515 -1.38077e-17)
(5.96568 4.36693 -9.01354e-18)
(7.32778 6.35666 7.56034e-18)
(7.46692 5.92395 -9.9499e-18)
(7.08999 6.06712 -1.01132e-17)
(6.94863 5.72706 -4.17263e-18)
(6.61219 5.60598 1.10634e-18)
(6.2902 5.40615 0)
(5.95305 5.1768 -1.26562e-18)
(5.56533 4.93167 6.20676e-19)
(5.13838 4.67143 0)
(4.70961 4.40296 0)
(4.32968 4.16018 2.15918e-18)
(4.01604 3.94675 3.14159e-18)
(3.75439 3.74536 -6.48905e-18)
(3.5476 3.54678 1.72275e-17)
(3.39768 3.37556 -2.11799e-17)
(3.23995 3.22269 -2.63054e-17)
(3.16714 2.949 2.42413e-17)
(2.8723 2.63207 -9.86773e-18)
(1.84824 1.46733 5.4391e-18)
(5.88696 4.46972 1.04897e-17)
(7.30275 6.51093 0)
(7.39109 6.08245 0)
(7.00895 6.21817 -3.23789e-18)
(6.86529 5.8622 2.61305e-18)
(6.52672 5.73977 -3.12896e-19)
(6.2109 5.53288 -3.72777e-18)
(5.87763 5.29744 3.26656e-19)
(5.4915 5.04923 1.06501e-17)
(5.06817 4.78649 -1.30103e-18)
(4.63925 4.5199 2.865e-18)
(4.25255 4.28252 -1.82275e-17)
(3.92245 4.07502 -1.89517e-17)
(3.6368 3.88298 -3.39336e-18)
(3.38581 3.69858 0)
(3.14895 3.49245 -3.57044e-19)
(2.95565 3.2737 1.34648e-17)
(2.88964 2.95934 -2.65515e-17)
(2.63327 2.68484 2.01385e-17)
(1.60146 1.32196 1.77597e-17)
(5.8086 4.5729 -2.25199e-17)
(7.17496 6.62748 -8.74588e-18)
(7.29712 6.21343 1.69726e-19)
(6.91044 6.35543 4.2864e-18)
(6.78125 5.99007 0)
(6.44226 5.86521 1.02036e-17)
(6.13308 5.65188 4.35212e-18)
(5.80348 5.41166 -6.09194e-19)
(5.41947 5.16131 -5.34582e-18)
(4.99961 4.8968 -1.25784e-18)
(4.57103 4.63334 1.16388e-18)
(4.18228 4.40534 1.59377e-17)
(3.84758 4.21063 1.84055e-17)
(3.55305 4.03154 3.22858e-18)
(3.29345 3.84898 1.7116e-17)
(3.09484 3.67475 0)
(2.88013 3.52966 0)
(2.66234 3.24122 1.72552e-17)
(2.05399 2.66174 1.98386e-19)
(0.866319 1.67941 -1.66326e-17)
(5.73298 4.65965 1.21153e-17)
(7.04712 6.75521 2.60109e-17)
(7.1858 6.31089 -3.77739e-17)
(6.81142 6.46642 2.1352e-17)
(6.70344 6.10751 -2.22635e-18)
(6.35924 5.9842 1.31351e-17)
(6.05741 5.76577 0)
(5.73051 5.52194 2.78109e-19)
(5.3486 5.27038 0)
(4.93236 5.00496 1.60113e-17)
(4.50571 4.74626 -1.58849e-18)
(4.11544 4.52936 1.77611e-18)
(3.76771 4.34826 2.0655e-17)
(3.44801 4.18301 -7.10057e-18)
(3.15082 4.02792 -9.05096e-18)
(2.84263 3.87356 0)
(2.53786 3.6874 0)
(2.24849 3.34211 0)
(1.54282 2.62556 -9.65732e-18)
(1.03286 2.19806 -5.636e-18)
(5.67275 4.76161 0)
(7.00097 6.88265 0)
(7.13434 6.46038 1.35746e-17)
(6.74837 6.59148 -1.76713e-17)
(6.62869 6.21656 1.12606e-17)
(6.27774 6.09708 -1.19044e-17)
(5.98368 5.87355 -3.8346e-19)
(5.65889 5.62752 2.96943e-19)
(5.27973 5.37572 9.27747e-19)
(4.86747 5.11036 -1.833e-17)
(4.44388 4.85738 2.71814e-18)
(4.05254 4.65328 1.56749e-17)
(3.69879 4.49006 -2.05009e-17)
(3.37233 4.35039 -2.3136e-17)
(3.06911 4.21909 8.04769e-18)
(2.80407 4.08247 0)
(2.53494 3.94591 1.27205e-17)
(2.15539 3.55131 1.57255e-17)
(1.46107 2.89335 -1.81505e-17)
(0.988797 2.94391 2.30692e-17)
(5.64007 4.84297 0)
(6.95967 7.04668 2.07767e-17)
(7.09331 6.58578 -3.36971e-18)
(6.67708 6.73652 2.17552e-17)
(6.54972 6.32774 -1.18299e-17)
(6.2018 6.20635 0)
(5.91249 5.97639 0)
(5.58973 5.72921 0)
(5.21302 5.47741 3.56459e-18)
(4.80564 5.21303 6.86599e-19)
(4.38531 4.96568 0)
(3.99672 4.77561 -1.54876e-17)
(3.64447 4.63735 0)
(3.30657 4.52032 1.64921e-17)
(2.9787 4.41382 -1.13243e-17)
(2.64563 4.31194 -9.23195e-18)
(2.30042 4.11581 -2.42789e-17)
(1.84599 3.65653 -1.35874e-17)
(1.26844 3.33612 -2.35932e-17)
(1.05154 3.46714 2.0267e-17)
(5.55531 4.90376 -7.43912e-18)
(6.83343 7.08755 8.42832e-20)
(6.93564 6.66433 -2.58104e-18)
(6.55593 6.80853 -1.68679e-17)
(6.47566 6.43012 0)
(6.12434 6.30801 0)
(5.84272 6.07461 0)
(5.52229 5.82697 9.55353e-20)
(5.14884 5.57613 -4.62734e-18)
(4.74629 5.31337 0)
(4.33054 5.07186 0)
(3.94753 4.89581 0)
(3.59378 4.77812 0)
(3.25367 4.69212 1.21188e-17)
(2.93716 4.62449 3.103e-17)
(2.6566 4.53182 9.87352e-18)
(2.35664 4.3162 2.34249e-17)
(1.86565 3.87977 -1.89993e-17)
(1.39745 3.81896 7.79232e-18)
(1.21512 3.932 0)
(5.46379 4.98034 7.08349e-18)
(6.71159 7.15734 -4.03574e-17)
(6.8783 6.73175 -8.62783e-18)
(6.48445 6.88506 -2.65923e-18)
(6.41534 6.51748 2.63449e-18)
(6.04647 6.40455 -1.70939e-17)
(5.77664 6.17058 1.06684e-18)
(5.45624 5.92286 2.55134e-18)
(5.08646 5.67334 0)
(4.68876 5.41183 -1.15086e-18)
(4.27954 5.17643 1.04771e-18)
(3.90339 5.01298 0)
(3.56166 4.92248 0)
(3.2363 4.8706 -1.51673e-17)
(2.91935 4.82709 2.62763e-18)
(2.59897 4.75863 -9.21346e-18)
(2.1824 4.53523 2.06487e-17)
(1.60063 4.152 1.77567e-17)
(1.17665 4.19098 -3.27151e-17)
(1.05765 4.23705 1.65499e-17)
(5.4514 5.07665 1.32872e-17)
(6.67967 7.35281 2.67539e-17)
(6.87056 6.90707 1.33927e-17)
(6.44723 7.04284 0)
(6.34009 6.62091 0)
(5.97115 6.50878 1.28673e-17)
(5.7081 6.26683 -6.24323e-18)
(5.38807 6.01961 -2.4752e-18)
(5.02318 5.77073 2.24132e-20)
(4.63157 5.51075 1.31458e-17)
(4.23039 5.28041 -1.88011e-17)
(3.86616 5.12829 0)
(3.53562 5.05617 0)
(3.22021 5.03714 -1.07162e-17)
(2.91943 5.02868 -1.40929e-17)
(2.60987 4.96039 0)
(2.23384 4.68325 -2.94839e-17)
(1.76045 4.42697 -5.3296e-18)
(1.42919 4.6789 3.31845e-17)
(1.23681 4.7403 -1.58841e-17)
(5.39483 5.15124 -2.51178e-17)
(6.62167 7.42377 -1.29502e-17)
(6.75726 6.98704 0)
(6.32941 7.14858 0)
(6.25457 6.73283 0)
(5.89157 6.61735 0)
(5.63403 6.36566 6.54339e-18)
(5.3174 6.11839 -3.72415e-18)
(4.95708 5.86852 0)
(4.57306 5.6093 -1.18612e-17)
(4.18207 5.38258 3.39724e-17)
(3.83309 5.24055 1.44594e-18)
(3.52453 5.18827 2.16779e-18)
(3.23282 5.19491 1.81379e-17)
(2.94011 5.21167 -1.20878e-17)
(2.62882 5.14397 0)
(2.16087 4.9428 9.43913e-18)
(1.63026 4.89525 7.55385e-19)
(1.1604 5.11911 -5.19321e-18)
(0.775531 5.20728 1.00631e-17)
(5.27688 5.21166 1.18474e-17)
(6.461 7.50151 -1.70915e-17)
(6.61398 7.04698 0)
(6.21388 7.214 -3.79444e-18)
(6.17492 6.82708 1.41132e-17)
(5.79721 6.71968 0)
(5.55492 6.4649 0)
(5.24089 6.21685 6.82672e-18)
(4.88723 5.9658 -5.83098e-19)
(4.5126 5.70689 1.16405e-17)
(4.13424 5.48274 -1.6177e-17)
(3.80479 5.34858 1.04168e-17)
(3.51472 5.30787 0)
(3.24057 5.33826 -9.90918e-18)
(2.97365 5.38084 6.19104e-18)
(2.65496 5.32936 6.7865e-18)
(2.27641 5.13785 0)
(1.799 5.18005 4.70604e-18)
(1.33364 5.81605 7.83766e-18)
(1.23784 6.05028 2.34476e-18)
(5.20591 5.30823 -2.21002e-17)
(6.36811 7.63907 2.48606e-17)
(6.55374 7.19769 1.75302e-17)
(6.13936 7.35285 -4.47596e-18)
(6.08711 6.93183 -2.12961e-17)
(5.70126 6.82731 0)
(5.47297 6.56492 5.77706e-18)
(5.15977 6.31555 -2.9651e-18)
(4.8142 6.06252 -9.04875e-20)
(4.44944 5.80219 -1.01203e-17)
(4.08654 5.57961 -8.07867e-19)
(3.77757 5.4494 -1.16859e-17)
(3.51775 5.41943 1.42631e-17)
(3.28026 5.46535 4.50474e-18)
(3.03201 5.52867 -1.04845e-17)
(2.77051 5.46313 1.1857e-17)
(2.38784 5.29405 0)
(1.97844 5.76764 0)
(1.77688 6.59746 1.00403e-18)
(0.427626 6.6676 -4.59725e-18)
(5.14064 5.40142 1.06864e-17)
(6.28942 7.78115 2.31474e-17)
(6.45835 7.33329 -1.7479e-17)
(6.02476 7.48989 1.55541e-17)
(5.98121 7.04903 2.06734e-17)
(5.59923 6.94127 0)
(5.38297 6.66495 -6.11947e-18)
(5.0734 6.41367 -4.20019e-18)
(4.73699 6.15637 0)
(4.38458 5.89416 0)
(4.03955 5.67197 0)
(3.75322 5.54245 0)
(3.51856 5.51538 -1.62457e-17)
(3.31133 5.57003 -6.12577e-18)
(3.12038 5.64775 0)
(2.87519 5.6204 -5.56879e-18)
(2.66347 5.58094 0)
(2.62959 5.91255 -2.43012e-18)
(2.68843 6.02417 -2.18233e-19)
(1.44351 6.09535 2.04604e-18)
(5.02252 5.47593 -2.03523e-17)
(6.13211 7.88705 -1.46892e-17)
(6.31115 7.42725 -1.08164e-17)
(5.88693 7.58684 -1.45133e-17)
(5.87469 7.15744 -9.69978e-18)
(5.48693 7.05232 0)
(5.28696 6.76629 -1.10897e-18)
(4.98173 6.51264 5.44665e-19)
(4.65483 6.2494 -1.06446e-18)
(4.31661 5.98428 0)
(3.99047 5.76059 9.55539e-19)
(3.72868 5.62912 -1.08629e-18)
(3.5333 5.60274 0)
(3.38155 5.65958 7.56863e-18)
(3.23399 5.73175 0)
(3.06682 5.69049 4.02494e-18)
(3.00481 5.629 -9.0187e-18)
(3.15104 5.55292 1.99936e-18)
(3.42657 4.91237 -1.8186e-18)
(1.317 4.30691 1.23421e-18)
(4.91432 5.56421 -5.48322e-19)
(5.98333 8.01691 -7.4274e-18)
(6.18695 7.56008 1.48803e-17)
(5.76045 7.71353 -6.51098e-19)
(5.75866 7.26856 -2.593e-18)
(5.36187 7.16588 0)
(5.18233 6.87023 5.90858e-18)
(4.8797 6.61378 3.73769e-18)
(4.56524 6.34472 2.22075e-18)
(4.24253 6.07459 -7.52832e-18)
(3.93871 5.84925 -1.15947e-17)
(3.70641 5.71418 0)
(3.54423 5.67877 1.06296e-17)
(3.4303 5.71427 -3.14124e-18)
(3.35314 5.76457 -3.39147e-18)
(3.23227 5.7022 0)
(3.16261 5.61802 4.24087e-18)
(3.10574 5.50005 -3.79129e-18)
(2.87514 4.25634 5.67127e-18)
(-0.405219 1.94873 4.63338e-18)
(4.80736 5.66486 1.77326e-17)
(5.84166 8.16427 -7.05811e-18)
(6.04922 7.7 9.77718e-18)
(5.61997 7.85749 7.18427e-18)
(5.6296 7.39465 4.94648e-18)
(5.23086 7.28845 1.06289e-17)
(5.07023 6.97932 -1.12797e-17)
(4.77016 6.71945 -4.32103e-18)
(4.46929 6.44337 -1.07653e-18)
(4.16318 6.16643 -5.67679e-20)
(3.8838 5.93745 1.08101e-18)
(3.67818 5.7926 -9.46744e-18)
(3.55393 5.74029 4.34873e-18)
(3.49285 5.75502 -8.53414e-18)
(3.43883 5.75853 6.6096e-18)
(3.34767 5.65434 -3.40891e-18)
(3.21976 5.55618 7.79524e-18)
(3.01784 5.37962 -4.01966e-18)
(2.52784 3.78214 0)
(-0.190183 0.854865 7.4549e-18)
(4.67599 5.75597 0)
(5.67342 8.30684 -2.46218e-17)
(5.88343 7.82948 6.21764e-19)
(5.45874 7.98836 -1.24559e-17)
(5.48705 7.52004 0)
(5.08294 7.41334 -7.80986e-18)
(4.94631 7.09206 9.23849e-18)
(4.6495 6.82864 4.04856e-18)
(4.36454 6.54458 4.92843e-19)
(4.07793 6.25989 5.9114e-18)
(3.8207 6.02128 9.64286e-18)
(3.64055 5.8628 2.67558e-19)
(3.54696 5.78797 -8.93067e-18)
(3.50586 5.75664 -2.03919e-18)
(3.49488 5.71654 6.02713e-18)
(3.4148 5.58565 -7.01102e-18)
(3.30091 5.45609 -3.62795e-18)
(3.06898 5.27625 4.09571e-18)
(2.58985 3.63519 0)
(0.13829 0.532335 0)
(4.52869 5.8498 -1.55304e-17)
(5.48611 8.4495 2.45013e-17)
(5.70516 7.96558 0)
(5.28856 8.12653 0)
(5.33254 7.65043 0)
(4.92621 7.54191 0)
(4.81571 7.20979 -4.20212e-18)
(4.51899 6.94082 -5.29963e-19)
(4.25271 6.64927 -4.7649e-19)
(3.98409 6.35441 8.60773e-19)
(3.74627 6.10008 -1.02709e-17)
(3.59099 5.9253 7.67907e-18)
(3.51791 5.81974 0)
(3.49234 5.75023 -2.96263e-20)
(3.50338 5.66107 -8.85695e-18)
(3.46605 5.46941 3.37106e-18)
(3.38575 5.2948 -3.52272e-18)
(3.14703 5.10838 -1.92099e-18)
(2.58501 3.50868 8.27882e-18)
(0.275906 0.458844 1.18467e-17)
(4.37467 5.94953 7.72998e-18)
(5.29252 8.60595 1.07637e-17)
(5.51557 8.11251 -4.71741e-19)
(5.10207 8.27184 5.68467e-18)
(5.16068 7.78433 0)
(4.75274 7.67379 1.12345e-17)
(4.66987 7.33002 -2.60134e-18)
(4.37295 7.0545 8.02409e-19)
(4.12943 6.75498 -2.18868e-19)
(3.87779 6.44809 7.63838e-19)
(3.65868 6.17404 7.0006e-18)
(3.52135 5.97851 -5.653e-18)
(3.45988 5.83786 -5.59248e-18)
(3.4541 5.73253 -2.25354e-18)
(3.46665 5.61324 5.55384e-18)
(3.436 5.3781 -1.04024e-17)
(3.4058 5.10372 5.99266e-18)
(3.13488 4.8577 -7.29704e-18)
(2.56802 3.4758 1.85764e-17)
(0.606252 0.717303 -1.53159e-17)
(4.19747 6.04384 -7.24314e-18)
(5.07155 8.7549 0)
(5.30277 8.25593 -7.8077e-18)
(4.89914 8.41695 -1.0722e-17)
(4.97004 7.92156 0)
(4.5676 7.80833 -8.66398e-18)
(4.51304 7.45275 0)
(4.21473 7.16966 -3.55095e-18)
(3.99484 6.85988 -1.67053e-19)
(3.75747 6.5416 3.53371e-18)
(3.55468 6.24678 -5.78369e-18)
(3.42701 6.02242 2.68829e-18)
(3.37022 5.85373 1.24804e-17)
(3.3686 5.69977 -4.56066e-18)
(3.36631 5.55024 5.47483e-18)
(3.31948 5.33318 3.31241e-18)
(3.29635 5.01245 -8.96654e-18)
(3.02376 4.69584 1.01702e-17)
(2.55187 3.50545 -2.2281e-19)
(0.83506 1.12636 1.73186e-18)
(4.00654 6.13724 1.37055e-17)
(4.83402 8.91104 -9.60587e-18)
(5.07172 8.40426 7.85054e-18)
(4.67491 8.56227 5.05073e-18)
(4.75927 8.05392 8.24352e-19)
(4.36552 7.94206 4.95012e-18)
(4.33546 7.5735 0)
(4.03577 7.28426 -1.51269e-19)
(3.84375 6.96271 0)
(3.6207 6.63275 -3.30749e-18)
(3.43236 6.32025 5.41872e-18)
(3.3077 6.06251 -1.16097e-18)
(3.24467 5.8686 -1.00217e-17)
(3.22663 5.67762 -4.6487e-18)
(3.20548 5.49144 2.55063e-18)
(3.13667 5.30741 -3.64727e-18)
(3.12119 5.00654 1.2861e-17)
(2.84123 4.71029 8.11643e-18)
(2.4725 3.66676 3.55408e-18)
(1.02335 1.66026 -1.57638e-17)
(3.7908 6.22011 5.79196e-19)
(4.568 9.05336 5.29859e-18)
(4.81417 8.54884 0)
(4.43423 8.71039 8.89893e-18)
(4.52708 8.18785 -1.29957e-17)
(4.149 8.07676 4.67977e-18)
(4.13749 7.68955 -2.82007e-18)
(3.84438 7.40048 2.3552e-18)
(3.68131 7.06575 -7.0994e-19)
(3.4672 6.72206 -5.62686e-19)
(3.28663 6.39311 5.21842e-18)
(3.16161 6.11046 9.93731e-18)
(3.08588 5.89018 -6.32831e-20)
(3.05293 5.69062 8.39308e-18)
(3.0313 5.48972 5.62011e-18)
(2.95766 5.32923 -1.0061e-17)
(2.94768 5.0588 8.89174e-18)
(2.67672 4.82425 -5.09946e-18)
(2.40506 3.95245 5.88253e-20)
(1.2215 2.22712 1.56196e-17)
(3.55955 6.30384 2.36448e-17)
(4.28424 9.20476 -4.97976e-18)
(4.53593 8.69 -1.21571e-17)
(4.16609 8.85166 9.88966e-18)
(4.26748 8.31283 -5.46688e-18)
(3.91226 8.20752 8.17785e-18)
(3.91668 7.80224 4.33908e-18)
(3.63801 7.51775 0)
(3.4965 7.1668 5.79302e-19)
(3.2903 6.8084 6.67695e-20)
(3.11906 6.46234 -1.04884e-18)
(2.99508 6.16909 -8.7638e-18)
(2.91266 5.93315 -4.94487e-19)
(2.86883 5.73722 -1.93167e-19)
(2.84088 5.52922 8.07875e-18)
(2.767 5.3957 3.76086e-18)
(2.7703 5.14146 -1.00645e-17)
(2.5313 4.97495 -5.04106e-18)
(2.33375 4.27138 -1.52498e-18)
(1.35345 2.70562 -1.49649e-17)
(3.29488 6.35807 0)
(3.96098 9.32909 4.14237e-18)
(4.22181 8.82118 -5.29525e-18)
(3.8761 8.98473 9.2271e-18)
(3.98961 8.43823 -1.08456e-17)
(3.65977 8.33345 4.1463e-18)
(3.6752 7.91251 0)
(3.41446 7.62954 0)
(3.29103 7.26339 0)
(3.09739 6.89767 -9.56344e-19)
(2.93661 6.53901 8.98757e-19)
(2.81321 6.23729 -1.8026e-18)
(2.72486 5.99523 -5.58937e-18)
(2.65987 5.79673 -4.09453e-18)
(2.61973 5.57604 7.28357e-18)
(2.53166 5.47498 -6.44842e-18)
(2.56457 5.2443 -3.86735e-19)
(2.35905 5.124 1.17868e-17)
(2.20079 4.57178 -1.4697e-18)
(1.41668 3.09747 0)
(3.01704 6.41643 2.09823e-17)
(3.61839 9.45996 -3.87479e-18)
(3.88933 8.94573 -6.15035e-20)
(3.56128 9.10488 0)
(3.68459 8.5538 -4.76987e-18)
(3.38054 8.44651 5.3169e-19)
(3.40774 8.01579 0)
(3.17118 7.7345 5.76077e-19)
(3.06564 7.35906 -4.55204e-19)
(2.88721 6.99038 0)
(2.7362 6.62504 0)
(2.61277 6.31457 3.85846e-18)
(2.51884 6.06594 5.46197e-18)
(2.43777 5.86215 -2.15474e-19)
(2.39241 5.64422 2.15675e-18)
(2.27777 5.55374 -2.94313e-18)
(2.322 5.36454 0)
(2.16375 5.25832 6.94917e-18)
(2.02392 4.84078 1.14863e-17)
(1.40825 3.41633 -2.64835e-17)
(2.70637 6.41823 1.69736e-17)
(3.23501 9.54028 -3.52673e-18)
(3.51934 9.05571 4.48583e-18)
(3.21957 9.20539 -1.14722e-17)
(3.35475 8.65952 0)
(3.07877 8.544 0)
(3.11968 8.11149 0)
(2.9125 7.83073 5.45818e-19)
(2.82284 7.45151 -4.31251e-19)
(2.6611 7.0808 0)
(2.51804 6.71311 0)
(2.39288 6.39855 -5.54957e-18)
(2.29447 6.14736 2.52148e-18)
(2.2083 5.94543 -3.00573e-18)
(2.16392 5.75069 -6.37009e-18)
(2.02592 5.64275 0)
(2.06092 5.49061 1.70324e-18)
(1.951 5.39039 2.11842e-18)
(1.82753 5.08229 -2.08426e-17)
(1.3358 3.66357 2.5415e-17)
(2.37758 6.42171 -1.47088e-17)
(2.82618 9.61829 4.65758e-18)
(3.12588 9.14197 1.00834e-17)
(2.84812 9.28014 6.19605e-18)
(2.99929 8.74669 -4.97303e-18)
(2.75521 8.62336 -2.77914e-18)
(2.81353 8.19999 1.59865e-18)
(2.63675 7.9155 0)
(2.56046 7.53854 0)
(2.41645 7.17055 0)
(2.28194 6.80422 1.90999e-18)
(2.15909 6.49136 5.15662e-18)
(2.06051 6.24289 -2.35708e-18)
(1.97186 6.05165 1.39532e-18)
(1.93757 5.88556 4.27599e-20)
(1.79488 5.74569 0)
(1.79934 5.62937 -3.15548e-18)
(1.73395 5.51709 1.58556e-17)
(1.60802 5.30339 -3.67881e-17)
(1.20932 3.83547 2.1289e-17)
(2.02423 6.32941 1.53153e-17)
(2.38168 9.62002 -1.24239e-17)
(2.70218 9.20497 0)
(2.45636 9.32626 3.03083e-18)
(2.62594 8.81826 1.97409e-18)
(2.41641 8.68179 3.8505e-18)
(2.48669 8.27333 -1.49517e-18)
(2.3413 7.98486 0)
(2.28191 7.61712 0)
(2.15825 7.25667 1.35298e-18)
(2.03372 6.89604 4.16137e-19)
(1.91462 6.58925 -2.70112e-18)
(1.81482 6.34535 -1.93228e-18)
(1.71676 6.16582 -4.23112e-18)
(1.68229 6.02561 8.29801e-18)
(1.56445 5.85828 -1.04031e-17)
(1.51838 5.7715 7.79091e-18)
(1.50313 5.64427 0)
(1.36288 5.48843 5.32904e-19)
(1.05923 3.94632 -2.03662e-17)
(1.65764 6.23525 1.58878e-17)
(1.9158 9.60359 0)
(2.25984 9.22348 0)
(2.04132 9.32932 0)
(2.22936 8.855 1.39715e-18)
(2.05695 8.70754 -3.79235e-18)
(2.1425 8.32281 -1.27562e-18)
(2.03174 8.03842 0)
(1.993 7.6889 0)
(1.88968 7.34157 -9.26447e-19)
(1.77601 6.99388 -1.06116e-18)
(1.66084 6.69949 1.35086e-18)
(1.56078 6.46484 -1.15285e-19)
(1.45773 6.29334 -1.54504e-18)
(1.41264 6.1713 3.98496e-18)
(1.33275 5.9994 -4.25239e-18)
(1.24479 5.92363 4.39564e-18)
(1.26598 5.79581 0)
(1.10418 5.65972 -4.97652e-19)
(0.896932 4.06483 -9.50942e-18)
(1.28919 5.9695 -1.4357e-17)
(1.43322 9.47488 4.75764e-18)
(1.79253 9.19522 6.10807e-18)
(1.61215 9.28092 -7.42807e-19)
(1.82 8.85857 -3.4543e-18)
(1.6954 8.70341 -1.7421e-18)
(1.79205 8.34714 3.5301e-18)
(1.71805 8.07545 -2.25365e-19)
(1.69923 7.74819 0)
(1.61509 7.41739 -3.82597e-20)
(1.51276 7.08762 6.24644e-19)
(1.40095 6.80995 -9.71144e-19)
(1.29919 6.58983 0)
(1.194 6.42425 1.15321e-18)
(1.12778 6.30958 0)
(1.0717 6.15256 9.48247e-19)
(0.95302 6.07484 5.4928e-19)
(0.996507 5.9587 0)
(0.820809 5.81662 0)
(0.710019 4.18707 -8.19602e-18)
(0.923135 5.6843 1.10201e-17)
(0.943692 9.28081 -3.95686e-18)
(1.33055 9.08574 2.54215e-18)
(1.19069 9.16961 -3.81652e-18)
(1.41363 8.81219 1.44868e-18)
(1.32979 8.65949 -3.96431e-19)
(1.43728 8.33944 1.71514e-19)
(1.40191 8.08976 -4.83755e-19)
(1.40178 7.79094 -2.00535e-19)
(1.33874 7.48506 2.04437e-19)
(1.25043 7.18192 7.40269e-20)
(1.14487 6.92849 0)
(1.04316 6.73049 3.33029e-19)
(0.940106 6.57742 0)
(0.856847 6.4693 0)
(0.807044 6.33887 0)
(0.679758 6.26026 3.75051e-18)
(0.715208 6.16243 -9.69146e-18)
(0.537688 6.01513 -3.63086e-20)
(0.512645 4.39562 6.9513e-18)
(0.596568 5.11827 1.73102e-18)
(0.495352 8.93312 1.40239e-18)
(0.873779 8.90961 -1.12276e-18)
(0.794737 8.99174 -6.977e-19)
(1.01344 8.72269 5.80766e-19)
(0.986499 8.57799 3.71945e-19)
(1.10259 8.30099 2.17981e-19)
(1.10207 8.08045 0)
(1.11762 7.81624 -5.35585e-20)
(1.07446 7.54201 -1.69597e-21)
(0.998991 7.2716 -2.53393e-19)
(0.900224 7.04707 0)
(0.798726 6.87466 5.20329e-21)
(0.696428 6.74024 -3.7451e-19)
(0.596997 6.64258 0)
(0.536214 6.54026 0)
(0.399167 6.4716 -2.20753e-19)
(0.412978 6.39016 0)
(0.224207 6.25364 -1.66315e-19)
(0.291729 4.66355 0)
(0.332767 4.384 0)
(0.0840299 8.39153 0)
(0.489018 8.6154 0)
(0.45438 8.74186 0)
(0.653335 8.57521 -1.26165e-32)
(0.673545 8.45346 8.62054e-33)
(0.799682 8.23227 0)
(0.836346 8.04599 0)
(0.869857 7.81825 0)
(0.850266 7.57782 0)
(0.794027 7.3404 0)
(0.709893 7.14325 0)
(0.617604 6.99422 0)
(0.52406 6.87989 0)
(0.426343 6.79736 0)
(0.364795 6.72114 0)
(0.242166 6.66764 0)
(0.237306 6.60992 0)
(0.0506856 6.49968 0)
(0.147085 5.02442 0)
(0.211808 3.89836 0)
(-0.145977 7.98008 0)
(0.289951 8.32175 0)
(0.202626 8.46213 0)
(0.377636 8.37688 0)
(0.436833 8.29595 0)
(0.568808 8.13588 0)
(0.621406 7.98627 0)
(0.66719 7.79898 0)
(0.669869 7.59762 0)
(0.633352 7.39508 0)
(0.565372 7.22537 0)
(0.485719 7.09827 0)
(0.404505 7.00248 0)
(0.316132 6.93441 0)
(0.256046 6.8778 0)
(0.149756 6.83836 0)
(0.153935 6.79424 0)
(-0.0191903 6.70279 0)
(0.0913792 5.23766 0)
(0.144693 3.82664 0)
(-0.166916 7.69699 0)
(0.219465 8.05245 0)
(0.0315194 8.19461 0)
(0.218557 8.18591 0)
(0.287461 8.14514 0)
(0.397747 8.02957 0)
(0.4509 7.91344 0)
(0.50489 7.76888 0)
(0.521944 7.60864 0)
(0.49912 7.44232 0)
(0.445 7.3017 0)
(0.377911 7.19761 0)
(0.309134 7.12085 0)
(0.234384 7.0675 0)
(0.180095 7.02921 0)
(0.0904586 7.00498 0)
(0.117198 6.97575 0)
(-0.0344227 6.89121 0)
(0.0688387 5.38823 0)
(0.114256 3.92784 0)
(-0.182598 7.51231 0)
(0.180894 7.8455 0)
(-0.0431103 7.98027 0)
(0.170671 8.02655 0)
(0.199152 7.99935 0)
(0.272928 7.9171 0)
(0.323868 7.83624 0)
(0.380796 7.7314 0)
(0.404215 7.60663 0)
(0.390465 7.47281 0)
(0.348074 7.35902 0)
(0.292906 7.27605 0)
(0.236404 7.21727 0)
(0.178084 7.17812 0)
(0.137335 7.15412 0)
(0.0616655 7.142 0)
(0.102222 7.12178 0)
(-0.0365882 7.03095 0)
(0.0552341 5.4742 0)
(0.0793892 4.17766 0)
(-0.198952 7.41537 0)
(0.138597 7.72202 0)
(-0.0805909 7.84376 0)
(0.161118 7.90226 0)
(0.138768 7.8669 0)
(0.193198 7.80959 0)
(0.241161 7.7605 0)
(0.29061 7.68833 0)
(0.312617 7.59426 0)
(0.304728 7.49007 0)
(0.272485 7.40068 0)
(0.22913 7.33656 0)
(0.184966 7.29315 0)
(0.141358 7.26493 0)
(0.112541 7.24797 0)
(0.0432525 7.2396 0)
(0.083999 7.22254 0)
(-0.0419642 7.12112 0)
(0.0372849 5.47142 0)
(0.0703135 4.44045 0)
(-0.188967 7.37213 0)
(0.106218 7.65737 0)
(-0.107323 7.77255 0)
(0.142632 7.82132 0)
(0.0810399 7.77336 0)
(0.143435 7.73574 0)
(0.189566 7.70334 0)
(0.226836 7.65059 0)
(0.244075 7.58102 0)
(0.239311 7.50232 0)
(0.214879 7.43341 0)
(0.181364 7.38374 0)
(0.146507 7.35005 0)
(0.111553 7.32711 0)
(0.0894823 7.31144 0)
(0.0237831 7.303 0)
(0.0632023 7.2888 0)
(-0.0433746 7.1743 0)
(0.0281128 5.44799 0)
(0.0657868 4.6438 0)
(-0.161843 7.35623 0)
(0.0869377 7.62018 0)
(-0.114655 7.73205 0)
(0.11564 7.76467 0)
(0.026209 7.72065 0)
(0.108335 7.69971 0)
(0.14777 7.67102 0)
(0.176164 7.62637 0)
(0.191331 7.57212 0)
(0.188619 7.51102 0)
(0.169347 7.45644 0)
(0.142285 7.4161 0)
(0.113173 7.38781 0)
(0.0829679 7.36793 0)
(0.0666357 7.35374 0)
(0.00819946 7.34634 0)
(0.0460115 7.33687 0)
(-0.0388414 7.20772 0)
(0.0195724 5.40347 0)
(0.055847 4.78554 0)
(-0.130515 7.34676 0)
(0.0737341 7.58844 0)
(-0.103501 7.69471 0)
(0.0915561 7.70771 0)
(-0.00846063 7.68337 0)
(0.0820855 7.67467 0)
(0.107172 7.64846 0)
(0.131357 7.61103 0)
(0.146997 7.56672 0)
(0.146434 7.51673 0)
(0.131073 7.47188 0)
(0.108757 7.43853 0)
(0.0846002 7.41522 0)
(0.0592702 7.39953 0)
(0.0489111 7.38895 0)
(0.00140841 7.3831 0)
(0.033584 7.37792 0)
(-0.0311213 7.23598 0)
(0.0129882 5.36457 0)
(0.0418506 4.88541 0)
(-0.100982 7.33846 0)
(0.0581772 7.56058 0)
(-0.0848684 7.65648 0)
(0.0732495 7.6511 0)
(-0.0194406 7.64672 0)
(0.0639572 7.64229 0)
(0.074077 7.623 0)
(0.0950464 7.59609 0)
(0.110048 7.56168 0)
(0.11118 7.5213 0)
(0.0995477 7.48503 0)
(0.0819896 7.45853 0)
(0.0632261 7.44065 0)
(0.0432572 7.4293 0)
(0.0369032 7.42215 0)
(0.000294951 7.41691 0)
(0.0240699 7.41361 0)
(-0.0236245 7.2619 0)
(0.00747859 5.33441 0)
(0.028137 4.96306 0)
(-0.0747861 7.33586 0)
(0.0417186 7.54463 0)
(-0.0653835 7.62685 0)
(0.0565498 7.60958 0)
(-0.0182966 7.6165 0)
(0.0506693 7.61046 0)
(0.0524275 7.59826 0)
(0.0695916 7.58083 0)
(0.0819357 7.55596 0)
(0.0836074 7.52506 0)
(0.0751616 7.49703 0)
(0.0619958 7.47683 0)
(0.0480343 7.46342 0)
(0.0325843 7.45496 0)
(0.0278864 7.44974 0)
(0.000555419 7.44468 0)
(0.0161188 7.44152 0)
(-0.0176008 7.28269 0)
(0.00321683 5.30766 0)
(0.0174537 5.02388 0)
(-0.0519843 7.33849 0)
(0.0278813 7.53989 0)
(-0.0470304 7.60683 0)
(0.0409041 7.58564 0)
(-0.0140313 7.59662 0)
(0.0391033 7.5885 0)
(0.0389146 7.5803 0)
(0.0527577 7.56817 0)
(0.0622406 7.55004 0)
(0.0637714 7.52689 0)
(0.0575475 7.50566 0)
(0.0476208 7.49028 0)
(0.0370606 7.47986 0)
(0.0249671 7.47306 0)
(0.020767 7.46894 0)
(0.00105741 7.46439 0)
(0.0102307 7.46074 0)
(-0.0127468 7.297 0)
(0.000456573 5.28252 0)
(0.0100049 5.06722 0)
(-0.0338759 7.3421 0)
(0.0175701 7.54026 0)
(-0.0313603 7.59211 0)
(0.0280941 7.57249 0)
(-0.00926467 7.58374 0)
(0.0287199 7.57564 0)
(0.0291681 7.56962 0)
(0.0403448 7.56004 0)
(0.0477417 7.54583 0)
(0.0490454 7.52786 0)
(0.0442565 7.51142 0)
(0.0365354 7.49948 0)
(0.0283841 7.49128 0)
(0.0189946 7.48582 0)
(0.0151816 7.48265 0)
(0.00147183 7.47897 0)
(0.00628934 7.47467 0)
(-0.00893727 7.3074 0)
(-0.00098941 5.26081 0)
(0.00507557 5.09559 0)
(-0.0211006 7.34277 0)
(0.0103791 7.53981 0)
(-0.0194492 7.57846 0)
(0.0189247 7.56288 0)
(-0.00437775 7.5723 0)
(0.0208045 7.56575 0)
(0.0222344 7.56143 0)
(0.0310449 7.55383 0)
(0.0369735 7.54248 0)
(0.0381675 7.52826 0)
(0.0344627 7.51536 0)
(0.0284286 7.50604 0)
(0.0220702 7.49964 0)
(0.0148592 7.49536 0)
(0.0113663 7.49297 0)
(0.00193948 7.49016 0)
(0.00387272 7.48513 0)
(-0.00617905 7.31532 0)
(-0.00159929 5.24363 0)
(0.00202952 5.11496 0)
(-0.0129434 7.34249 0)
(0.00559214 7.53915 0)
(-0.0114379 7.56741 0)
(0.0125048 7.55642 0)
(-0.000498903 7.563 0)
(0.0152829 7.55829 0)
(0.0173123 7.55522 0)
(0.0240025 7.54942 0)
(0.028653 7.54053 0)
(0.0296402 7.52926 0)
(0.0267111 7.51913 0)
(0.021967 7.51193 0)
(0.0170373 7.50705 0)
(0.0115361 7.50378 0)
(0.00843563 7.502 0)
(0.00195074 7.49994 0)
(0.00224259 7.49431 0)
(-0.00440014 7.32234 0)
(-0.00176472 5.23028 0)
(0.000380159 5.12872 0)
(-0.00796056 7.34126 0)
(0.00263537 7.53725 0)
(-0.00644137 7.55802 0)
(0.00802088 7.55109 0)
(0.00175252 7.55499 0)
(0.0114835 7.55175 0)
(0.0137516 7.54944 0)
(0.0187504 7.54504 0)
(0.0223465 7.53821 0)
(0.0231078 7.52948 0)
(0.0208213 7.52169 0)
(0.0171637 7.51619 0)
(0.0133075 7.51244 0)
(0.00911007 7.50992 0)
(0.00637071 7.50854 0)
(0.0018334 7.50703 0)
(0.00127771 7.50091 0)
(-0.00321051 7.3272 0)
(-0.00168804 5.21942 0)
(-0.000381205 5.13922 0)
(-0.00495595 7.3412 0)
(0.000986771 7.53614 0)
(-0.00336764 7.55188 0)
(0.00520061 7.54792 0)
(0.00279725 7.54994 0)
(0.00891428 7.54772 0)
(0.0111566 7.54586 0)
(0.0149701 7.54243 0)
(0.0177817 7.53709 0)
(0.0183503 7.53026 0)
(0.0164575 7.52419 0)
(0.0134944 7.51995 0)
(0.0104102 7.51709 0)
(0.00712646 7.51517 0)
(0.00477572 7.51414 0)
(0.00154077 7.51308 0)
(0.000657122 7.50667 0)
(-0.0024551 7.33137 0)
(-0.00149969 5.21061 0)
(-0.000663679 5.14702 0)
(-0.00326401 7.3406 0)
(4.54525e-05 7.534 0)
(-0.00173112 7.54655 0)
(0.00328808 7.54446 0)
(0.00281062 7.54542 0)
(0.00673199 7.54391 0)
(0.008739 7.54242 0)
(0.0115959 7.53974 0)
(0.013766 7.53557 0)
(0.0141463 7.53026 0)
(0.0126393 7.52563 0)
(0.0103567 7.52243 0)
(0.00795198 7.52027 0)
(0.00545936 7.51885 0)
(0.00353186 7.51808 0)
(0.00120845 7.51733 0)
(0.000315957 7.51065 0)
(-0.00188848 7.33401 0)
(-0.00125147 5.20333 0)
(-0.000666428 5.15287 0)
(-0.00215755 7.3408 0)
(-0.000274889 7.53256 0)
(-0.000759067 7.54312 0)
(0.00225795 7.54212 0)
(0.00267568 7.54251 0)
(0.00533508 7.54147 0)
(0.00707242 7.54028 0)
(0.00932594 7.53821 0)
(0.0110651 7.53496 0)
(0.0113782 7.53082 0)
(0.0101316 7.52721 0)
(0.00825771 7.52471 0)
(0.00629849 7.52305 0)
(0.00433257 7.52197 0)
(0.00273586 7.52139 0)
(0.00100609 7.52084 0)
(0.000158118 7.51405 0)
(-0.00148369 7.33631 0)
(-0.00103368 5.19763 0)
(-0.000628426 5.15738 0)
(-0.00156194 7.34074 0)
(-0.000439849 7.53094 0)
(-0.000307342 7.54026 0)
(0.00157924 7.53983 0)
(0.00228838 7.53995 0)
(0.00413182 7.53923 0)
(0.00558516 7.53831 0)
(0.00728208 7.53674 0)
(0.00864432 7.53423 0)
(0.00884312 7.53101 0)
(0.00782444 7.52825 0)
(0.00636518 7.52641 0)
(0.00485259 7.5252 0)
(0.00332858 7.52443 0)
(0.0020473 7.52402 0)
(0.000729215 7.52361 0)
(2.5152e-05 7.51667 0)
(-0.00119105 7.33794 0)
(-0.000829984 5.19298 0)
(-0.0005001 5.16085 0)
(-0.00113667 7.34074 0)
(-0.000416603 7.52937 0)
(-9.9116e-05 7.53794 0)
(0.00114837 7.53783 0)
(0.00191764 7.53784 0)
(0.0032842 7.53735 0)
(0.00448932 7.53666 0)
(0.00584144 7.53547 0)
(0.00688025 7.53356 0)
(0.00701134 7.53115 0)
(0.00620133 7.52909 0)
(0.00503632 7.5277 0)
(0.00380632 7.52679 0)
(0.00261838 7.52622 0)
(0.0015949 7.52591 0)
(0.000606364 7.5256 0)
(2.71864e-05 7.5186 0)
(-0.000910613 7.33914 0)
(-0.00065653 5.18934 0)
(-0.000408227 5.16345 0)
(-0.000774742 7.34099 0)
(-0.000321614 7.5286 0)
(5.74558e-05 7.53664 0)
(0.000916329 7.53665 0)
(0.00159349 7.5366 0)
(0.0026127 7.53626 0)
(0.00358757 7.53574 0)
(0.00463827 7.53487 0)
(0.00554188 7.53343 0)
(0.00568328 7.53155 0)
(0.00499148 7.52996 0)
(0.00402774 7.52892 0)
(0.00303855 7.52823 0)
(0.00207383 7.5278 0)
(0.00123434 7.52756 0)
(0.00044326 7.5273 0)
(-2.5672e-05 7.52023 0)
(-0.000753198 7.34011 0)
(-0.000520565 5.18644 0)
(-0.000332608 5.16547 0)
(-0.000659034 7.34088 0)
(-0.000262269 7.52722 0)
(0.000122726 7.53495 0)
(0.000795201 7.53504 0)
(0.0014216 7.53501 0)
(0.00224516 7.5348 0)
(0.00306687 7.53444 0)
(0.00391333 7.5338 0)
(0.0045365 7.53276 0)
(0.0045499 7.53146 0)
(0.0040154 7.53036 0)
(0.00327346 7.52965 0)
(0.00248513 7.52921 0)
(0.00172315 7.52896 0)
(0.00106148 7.52884 0)
(0.000448995 7.52864 0)
(6.7622e-05 7.52153 0)
(-0.00051246 7.34094 0)
(-0.000393706 5.18423 0)
(-0.000220479 5.16695 0)
(-0.000415701 7.34088 0)
(-0.000101783 7.52665 0)
(0.000217755 7.53419 0)
(0.000716352 7.53432 0)
(0.00124659 7.5343 0)
(0.00190559 7.53416 0)
(0.00257826 7.53391 0)
(0.00327209 7.53348 0)
(0.00386721 7.53274 0)
(0.00399765 7.53171 0)
(0.00350392 7.5309 0)
(0.00282909 7.53039 0)
(0.00213717 7.53005 0)
(0.00148029 7.52985 0)
(0.000909765 7.52974 0)
(0.000396867 7.52955 0)
(6.12585e-05 7.52241 0)
(-0.000421155 7.34144 0)
(-0.000312653 5.18255 0)
(-0.000191314 5.16802 0)
(-0.000325671 7.34068 0)
(-4.12697e-05 7.5256 0)
(0.000261723 7.53304 0)
(0.000679393 7.53319 0)
(0.00113356 7.5332 0)
(0.00168397 7.53314 0)
(0.00226398 7.53302 0)
(0.00284974 7.53281 0)
(0.00331579 7.53238 0)
(0.00330179 7.53186 0)
(0.00292266 7.53143 0)
(0.0023705 7.53117 0)
(0.00180351 7.53102 0)
(0.00127727 7.53095 0)
(0.000807647 7.53092 0)
(0.000380973 7.53077 0)
(0.000115333 7.5236 0)
(-0.000287598 7.34228 0)
(-0.000222061 5.18127 0)
(-0.000184035 5.16901 0)
(-0.000241698 7.34061 0)
(1.86137e-05 7.52521 0)
(0.00032629 7.53262 0)
(0.00070702 7.53278 0)
(0.00113388 7.5328 0)
(0.00163262 7.53277 0)
(0.00216196 7.53271 0)
(0.00268523 7.53259 0)
(0.00307918 7.53234 0)
(0.0031014 7.53195 0)
(0.00273636 7.53166 0)
(0.00226313 7.5315 0)
(0.0017663 7.53142 0)
(0.00128746 7.53138 0)
(0.000857953 7.53138 0)
(0.000466853 7.53124 0)
(0.000195851 7.52406 0)
(-0.000155414 7.34261 0)
(-0.000156312 5.18043 0)
(-5.25386e-05 5.1696 0)
(-6.68387e-05 7.34016 0)
(0.000196045 7.52416 0)
(0.000477946 7.53156 0)
(0.000832223 7.53175 0)
(0.00124577 7.53182 0)
(0.00171915 7.53189 0)
(0.00222124 7.53199 0)
(0.00271096 7.5321 0)
(0.00306543 7.53223 0)
(0.00309871 7.5323 0)
(0.00276411 7.53235 0)
(0.00231319 7.53242 0)
(0.00182919 7.53249 0)
(0.0013548 7.53255 0)
(0.000932997 7.5326 0)
(0.00055742 7.53248 0)
(0.000285159 7.52527 0)
(-2.72305e-05 7.34357 0)
(-7.52926e-05 5.17994 0)
(-1.56145 4.26734 -1.24668e-21)
(1.41408 5.09679 8.71906e-18)
(0.484371 4.72871 -7.49525e-18)
(1.00456 4.29868 0)
(0.9958 3.95261 0)
(1.03519 3.65155 -1.1694e-17)
(1.04585 3.45812 1.18845e-17)
(0.810155 3.19321 -1.20695e-17)
(0.71198 2.80834 2.00397e-19)
(0.095738 1.95295 1.32052e-17)
(-0.24966 4.66841 -1.67392e-21)
(0.691647 4.3707 1.07049e-18)
(0.336639 4.06793 0)
(0.575018 3.90816 0)
(0.538798 3.62776 3.52173e-19)
(0.589469 3.44128 2.32225e-17)
(0.55768 3.16011 -1.21861e-17)
(0.423399 2.98175 -1.96607e-19)
(0.363079 2.78346 1.97524e-19)
(0.0700776 2.2403 0)
(-0.188859 3.59299 9.38922e-18)
(0.542956 3.84958 -9.44824e-18)
(0.305113 3.75074 0)
(0.498 3.55969 1.08668e-17)
(0.4263 3.36232 -8.65323e-21)
(0.438757 3.22546 -1.13264e-17)
(0.359108 3.11172 -1.25714e-17)
(0.222835 3.0437 -2.1733e-21)
(0.212298 2.97386 2.00812e-19)
(-0.0235193 2.34761 0)
(-0.17028 3.22515 -4.59625e-18)
(0.300102 3.59256 0)
(0.128655 3.491 -5.48011e-18)
(0.267256 3.40942 -5.37206e-18)
(0.211636 3.3018 3.62406e-19)
(0.231748 3.21241 -6.30824e-18)
(0.194896 3.12157 6.18039e-18)
(0.106189 3.06029 -2.0065e-19)
(0.117123 3.01235 3.08121e-19)
(-0.0303392 2.42306 6.50185e-18)
(-0.0940465 2.89117 -5.22451e-18)
(0.2426 3.3323 0)
(0.112616 3.32812 1.09162e-17)
(0.222128 3.24944 -5.95162e-18)
(0.148056 3.18799 -3.04185e-21)
(0.155686 3.1343 3.35693e-19)
(0.114933 3.0991 -1.19642e-20)
(0.0477886 3.07948 -6.45477e-18)
(0.0661053 3.0665 2.03326e-19)
(-0.0322057 2.46718 -1.33064e-17)
(-0.0769216 2.70882 0)
(0.131602 3.22907 -5.50917e-18)
(0.0179224 3.26105 -1.04234e-19)
(0.111912 3.20762 -3.60068e-19)
(0.0604974 3.18136 3.59817e-19)
(0.0800812 3.14784 5.93517e-18)
(0.0612965 3.13457 5.97913e-18)
(0.0244904 3.11034 1.18326e-17)
(0.0465957 3.10137 6.43854e-18)
(-0.0235039 2.49937 3.32619e-21)
(-0.047032 2.60025 0)
(0.0902435 3.14614 5.67586e-18)
(0.0149625 3.19006 -5.62678e-18)
(0.0838889 3.14512 -3.59836e-19)
(0.032615 3.14965 7.28793e-19)
(0.049342 3.12464 8.76652e-22)
(0.0327126 3.1319 -3.62385e-19)
(0.0135976 3.11954 -5.67483e-18)
(0.0301425 3.11353 -5.78998e-18)
(-0.0134536 2.52357 -6.73986e-21)
(-0.0364425 2.54053 5.21909e-18)
(0.0513513 3.09729 -2.68163e-19)
(-0.0126936 3.1638 1.78883e-19)
(0.041718 3.13238 0)
(0.0082821 3.14893 0)
(0.0291765 3.12409 0)
(0.0224006 3.1403 0)
(0.0120764 3.12325 5.95764e-18)
(0.027629 3.11951 -6.06667e-18)
(-0.00451276 2.54379 6.77671e-18)
(-0.0295466 2.51424 1.07339e-19)
(0.0368749 3.06365 5.6568e-18)
(-0.0101602 3.13743 0)
(0.0333229 3.10413 -3.63404e-19)
(-0.000217547 3.13023 3.79207e-19)
(0.0196 3.10699 0)
(0.0152708 3.1346 -2.0027e-19)
(0.0112354 3.1216 -5.98286e-18)
(0.0259638 3.11737 6.68709e-18)
(0.00421409 2.57108 0)
(-0.0290454 2.5028 -6.4975e-20)
(0.0191269 3.05182 -8.54681e-18)
(-0.0190773 3.12519 0)
(0.00727029 3.10262 0)
(-0.00307379 3.12163 3.83651e-19)
(0.00361488 3.10788 -2.8789e-18)
(0.0149929 3.12542 -4.01347e-19)
(0.00731096 3.11939 2.84846e-18)
(0.0275018 3.11316 0)
(0.00576751 2.62088 0)
(-0.0320987 2.5296 -8.40574e-18)
(-0.01024 3.06602 2.77711e-18)
(-0.0218137 3.11838 0)
(-0.00852229 3.11098 0)
(-0.00844049 3.11372 0)
(-0.00118844 3.10946 5.90276e-18)
(0.00916547 3.12038 0)
(0.00650188 3.11887 -3.1986e-18)
(0.0288016 3.11171 2.11302e-19)
(0.0101184 2.67167 3.45934e-18)
(-0.035632 2.61433 2.87642e-18)
(-0.0208474 3.07816 -2.60232e-19)
(-0.0264736 3.1131 3.12221e-18)
(-0.0179423 3.1079 3.00949e-18)
(-0.0138396 3.10141 0)
(-0.00528013 3.09998 -3.15414e-18)
(0.00301981 3.1006 0)
(0.00672121 3.10314 0)
(0.0314927 3.09365 0)
(0.0175287 2.71413 -3.4754e-18)
(-0.0387675 2.67811 -2.7139e-18)
(-0.0395082 3.06703 2.78767e-18)
(-0.0287399 3.08056 -2.92165e-18)
(-0.0288268 3.07199 -4.4822e-18)
(-0.0141434 3.06023 0)
(-0.00643375 3.05845 3.96176e-19)
(0.0059469 3.05662 -2.03377e-19)
(0.017527 3.06171 1.46453e-18)
(0.036585 3.05605 1.82416e-18)
(0.0245869 2.76332 -1.86751e-18)
(-0.0373281 2.73961 2.78691e-18)
(-0.0506499 3.03846 -2.67786e-18)
(-0.0315388 3.03756 1.8341e-19)
(-0.0220845 3.02956 1.12533e-18)
(-0.00960539 3.02724 -1.55425e-18)
(0.00342888 3.02757 0)
(0.0172212 3.02997 1.63798e-18)
(0.0268932 3.03327 5.17356e-21)
(0.0478409 3.03521 -3.4475e-18)
(0.0288032 2.82407 -6.49245e-21)
(-0.032075 2.85207 -7.02881e-19)
(-0.0449551 3.01922 1.79139e-19)
(-0.0303712 3.01644 -9.19943e-19)
(-0.0128718 3.01064 3.79107e-19)
(-0.00467352 3.01034 1.908e-18)
(0.0045438 3.01096 -7.837e-19)
(0.0132382 3.01158 -8.1421e-19)
(0.0231852 3.01477 -8.40647e-19)
(0.0418015 3.01818 1.73319e-18)
(0.025496 2.90129 8.86954e-19)
(-0.0144073 2.94873 5.66366e-19)
(-0.0263839 3.00134 2.49234e-19)
(-0.0121782 2.99911 5.09759e-19)
(-0.00692374 3.00005 -1.04772e-18)
(-0.00205205 3.00134 3.52717e-19)
(0.00215478 3.00142 7.21939e-19)
(0.00595905 3.00006 -7.51129e-19)
(0.00991735 2.99926 -7.75383e-19)
(0.0194876 2.99862 9.98827e-20)
(0.014733 2.95614 7.15652e-19)
)
;

boundaryField
{
    wall-4
    {
        type            noSlip;
    }
    pressure-outlet-7
    {
        type            zeroGradient;
    }
    velocity-inlet-6
    {
        type            fixedValue;
        value           uniform (0 3 0);
    }
    velocity-inlet-5
    {
        type            parabolicVelocity;
        maxValue        10;
        n               (1 0 0);
        y               (0 1 0);
        value           nonuniform List<vector> 
20
(
(0.381518 0 0)
(1.19474 0 0)
(2.1232 0 0)
(3.16908 0 0)
(4.32585 0 0)
(5.57242 0 0)
(6.86447 0 0)
(8.12141 0 0)
(9.20707 0 0)
(9.90123 0 0)
(9.90123 0 0)
(9.20707 0 0)
(8.12141 0 0)
(6.86447 0 0)
(5.57242 0 0)
(4.32585 0 0)
(3.16908 0 0)
(2.1232 0 0)
(1.19474 0 0)
(0.381518 0 0)
)
;
    }
    frontAndBackPlanes
    {
        type            empty;
    }
}


// ************************************************************************* //
