/*--------------------------------*- C++ -*----------------------------------*\
| =========                 |                                                 |
| \\      /  F ield         | OpenFOAM: The Open Source CFD Toolbox           |
|  \\    /   O peration     | Version:  2412                                  |
|   \\  /    A nd           | Website:  www.openfoam.com                      |
|    \\/     M anipulation  |                                                 |
\*---------------------------------------------------------------------------*/
FoamFile
{
    version     2.0;
    format      ascii;
    arch        "LSB;label=32;scalar=64";
    class       volVectorField;
    location    "0.75";
    object      U;
}
// * * * * * * * * * * * * * * * * * * * * * * * * * * * * * * * * * * * * * //

dimensions      [0 1 -1 0 0 0 0];

internalField   nonuniform List<vector> 
2200
(
(0.397261 0.0734696 0)
(1.13754 0.0952078 0)
(2.06966 0.0600248 0)
(3.07163 0.0319588 0)
(4.25115 0.0102592 0)
(5.53833 0.0173619 0)
(6.84126 0.0330197 0)
(8.11294 0.0381589 0)
(9.2105 0.0426272 0)
(9.88889 0.0246981 0)
(9.88854 -0.0230382 0)
(9.21013 -0.0418721 0)
(8.11282 -0.0375635 0)
(6.84115 -0.0325494 0)
(5.53827 -0.0170416 0)
(4.25103 -0.0100666 0)
(3.07147 -0.0318906 0)
(2.06953 -0.0600868 0)
(1.1376 -0.0952746 0)
(0.397338 -0.073533 0)
(0.923212 0.13359 0)
(1.37737 0.354213 0)
(2.13059 0.490878 0)
(3.06682 0.514736 0)
(4.21437 0.438959 0)
(5.47277 0.3325 0)
(6.79899 0.225485 0)
(8.04638 0.177863 0)
(9.11693 0.119537 0)
(9.7943 0.0435456 0)
(9.79416 -0.0400009 0)
(9.11631 -0.116601 0)
(8.04605 -0.175702 0)
(6.79868 -0.223955 0)
(5.47235 -0.331638 0)
(4.21384 -0.438585 0)
(3.06646 -0.514504 0)
(2.13029 -0.490729 0)
(1.37731 -0.354149 0)
(0.923412 -0.133559 0)
(1.88055 0.135393 0)
(2.14834 0.441189 0)
(2.46873 0.732929 0)
(3.25619 0.955256 0)
(4.27527 1.07335 0)
(5.41656 1.0697 0)
(6.66374 0.917953 0)
(7.90978 0.633544 0)
(8.95581 0.341114 0)
(9.5687 0.121712 0)
(9.56886 -0.116001 0)
(8.95531 -0.335642 0)
(7.90809 -0.628696 0)
(6.66164 -0.914017 0)
(5.41419 -1.06694 0)
(4.27393 -1.07137 0)
(3.25519 -0.953914 0)
(2.4679 -0.732085 0)
(2.1479 -0.440749 0)
(1.88012 -0.135212 0)
(2.90637 0.111212 0)
(3.27267 0.394298 0)
(3.3672 0.729619 0)
(3.7773 1.04126 0)
(4.46232 1.28098 0)
(5.43671 1.36838 0)
(6.47597 1.3457 0)
(7.63354 1.14054 0)
(8.69656 0.7484 0)
(9.36406 0.269369 0)
(9.36344 -0.261168 0)
(8.69335 -0.740255 0)
(7.63051 -1.13295 0)
(6.47177 -1.33957 0)
(5.43245 -1.36344 0)
(4.45903 -1.27724 0)
(3.77425 -1.03863 0)
(3.36488 -0.727798 0)
(3.2708 -0.393153 0)
(2.9046 -0.11095 0)
(3.78213 0.0950386 0)
(4.23226 0.308941 0)
(4.28641 0.603001 0)
(4.50708 0.904594 0)
(4.86618 1.188 0)
(5.4997 1.37168 0)
(6.39581 1.39626 0)
(7.4112 1.28681 0)
(8.40926 0.907441 0)
(9.08651 0.329221 0)
(9.08544 -0.316511 0)
(8.40853 -0.896335 0)
(7.40649 -1.2779 0)
(6.3901 -1.38914 0)
(5.49419 -1.36563 0)
(4.86017 -1.18329 0)
(4.50183 -0.901128 0)
(4.2818 -0.600926 0)
(4.2267 -0.308019 0)
(3.7765 -0.0946917 0)
(4.44094 0.0725531 0)
(4.98037 0.229858 0)
(5.0219 0.45697 0)
(5.14958 0.697897 0)
(5.37009 0.946133 0)
(5.72999 1.16691 0)
(6.34344 1.27896 0)
(7.09198 1.17767 0)
(7.84597 0.858996 0)
(8.43115 0.321826 0)
(8.42906 -0.307278 0)
(7.83535 -0.845381 0)
(7.08427 -1.16542 0)
(6.33547 -1.26893 0)
(5.72157 -1.1589 0)
(5.36135 -0.939702 0)
(5.14096 -0.693128 0)
(5.01292 -0.453424 0)
(4.9735 -0.227534 0)
(4.43411 -0.0717268 0)
(4.91278 0.049973 0)
(5.53911 0.162607 0)
(5.57828 0.327171 0)
(5.65687 0.504612 0)
(5.79636 0.69593 0)
(6.02759 0.87858 0)
(6.39252 1.00021 0)
(6.871 0.967042 0)
(7.39603 0.743944 0)
(7.82974 0.294015 0)
(7.8275 -0.274667 0)
(7.39586 -0.72623 0)
(6.86082 -0.95212 0)
(6.38102 -0.987223 0)
(6.0156 -0.868096 0)
(5.78421 -0.688045 0)
(5.6447 -0.499068 0)
(5.56714 -0.323913 0)
(5.52302 -0.161671 0)
(4.89549 -0.0497191 0)
(5.23524 0.0322891 0)
(5.9379 0.110625 0)
(5.97581 0.224641 0)
(6.02663 0.349066 0)
(6.11778 0.485642 0)
(6.26835 0.619557 0)
(6.5028 0.720459 0)
(6.82025 0.724409 0)
(7.20484 0.58346 0)
(7.49996 0.240911 0)
(7.49558 -0.218165 0)
(7.18511 -0.562609 0)
(6.80767 -0.706794 0)
(6.48773 -0.704824 0)
(6.25165 -0.607377 0)
(6.09977 -0.476365 0)
(6.00778 -0.342552 0)
(5.95451 -0.22045 0)
(5.92334 -0.107536 0)
(5.22308 -0.0305748 0)
(5.44547 0.0201094 0)
(6.20995 0.0732018 0)
(6.24599 0.149714 0)
(6.27932 0.233743 0)
(6.33942 0.326402 0)
(6.43812 0.418266 0)
(6.58891 0.489494 0)
(6.79873 0.507497 0)
(7.04308 0.417882 0)
(7.26078 0.177019 0)
(7.25763 -0.150929 0)
(7.03997 -0.391009 0)
(6.78083 -0.480272 0)
(6.56898 -0.469376 0)
(6.4158 -0.4019 0)
(6.31612 -0.314006 0)
(6.25529 -0.224122 0)
(6.22448 -0.141906 0)
(6.18191 -0.0692436 0)
(5.41051 -0.0196363 0)
(5.57931 0.0124459 0)
(6.3904 0.0479738 0)
(6.42434 0.0986276 0)
(6.44597 0.154497 0)
(6.48483 0.215809 0)
(6.54822 0.276821 0)
(6.64498 0.325969 0)
(6.77379 0.334536 0)
(6.93799 0.285415 0)
(7.06943 0.130455 0)
(7.06289 -0.0925315 0)
(6.91972 -0.253065 0)
(6.75222 -0.310127 0)
(6.61664 -0.301361 0)
(6.51837 -0.257879 0)
(6.45378 -0.20199 0)
(6.41448 -0.1457 0)
(6.38964 -0.095083 0)
(6.35382 -0.0471358 0)
(5.55019 -0.0117416 0)
(5.6651 0.00789286 0)
(6.50942 0.0316792 0)
(6.54155 0.0652367 0)
(6.5553 0.102515 0)
(6.57973 0.143266 0)
(6.61891 0.183056 0)
(6.67761 0.217846 0)
(6.75591 0.22835 0)
(6.86299 0.197179 0)
(6.93718 0.0960391 0)
(6.93036 -0.0506587 0)
(6.83886 -0.155107 0)
(6.73215 -0.193037 0)
(6.645 -0.187858 0)
(6.58106 -0.161421 0)
(6.53723 -0.125989 0)
(6.50922 -0.0890744 0)
(6.49357 -0.0559172 0)
(6.47086 -0.0258094 0)
(5.62643 -0.00483793 0)
(5.72222 0.00535017 0)
(6.58921 0.0217541 0)
(6.62012 0.0445823 0)
(6.62879 0.070301 0)
(6.6441 0.0989835 0)
(6.66863 0.127023 0)
(6.70529 0.151134 0)
(6.7631 0.172551 0)
(6.80269 0.138695 0)
(6.86191 0.0655842 0)
(6.84962 -0.0185851 0)
(6.78978 -0.0877043 0)
(6.71938 -0.113026 0)
(6.66164 -0.110835 0)
(6.61974 -0.0953293 0)
(6.59219 -0.0740167 0)
(6.5749 -0.0503106 0)
(6.5676 -0.0272285 0)
(6.53633 -0.00955859 0)
(5.6534 0.000173053 0)
(5.76255 0.00382172 0)
(6.64506 0.0155482 0)
(6.67529 0.0315379 0)
(6.681 0.0494871 0)
(6.69098 0.0700419 0)
(6.70675 0.0909627 0)
(6.73016 0.105846 0)
(6.76049 0.12083 0)
(6.76845 0.0998607 0)
(6.82057 0.0579238 0)
(6.80193 0.00864497 0)
(6.75835 -0.0400773 0)
(6.7095 -0.0572935 0)
(6.67055 -0.0585214 0)
(6.64272 -0.0499383 0)
(6.62577 -0.0379813 0)
(6.61758 -0.0256387 0)
(6.61162 -0.0145508 0)
(6.55971 -0.0037226 0)
(5.66377 -0.00328118 0)
(5.79231 0.00288841 0)
(6.6854 0.0114755 0)
(6.7151 0.0230393 0)
(6.71865 0.0358785 0)
(6.72438 0.0497356 0)
(6.73447 0.065902 0)
(6.74821 0.0778471 0)
(6.75225 0.0776264 0)
(6.76385 0.0859585 0)
(6.78186 0.0767907 0)
(6.77172 0.0303009 0)
(6.73504 -0.0036478 0)
(6.69973 -0.0180789 0)
(6.67306 -0.0239513 0)
(6.65413 -0.0233582 0)
(6.63979 -0.0189156 0)
(6.63169 -0.0161566 0)
(6.6233 -0.0135446 0)
(6.57014 -0.013315 0)
(5.68271 -0.0070606 0)
(5.81582 0.0026653 0)
(6.71548 0.00973076 0)
(6.74452 0.0189898 0)
(6.7461 0.0296447 0)
(6.74806 0.0403913 0)
(6.75324 0.052472 0)
(6.7601 0.0660668 0)
(6.75482 0.0588165 0)
(6.7824 0.0858159 0)
(6.75612 0.0968131 0)
(6.74651 0.0488863 0)
(6.71392 0.0258909 0)
(6.68655 0.0102994 0)
(6.66578 2.34712e-05 0)
(6.65137 -0.00736848 0)
(6.63905 -0.0101633 0)
(6.63043 -0.0139071 0)
(6.61877 -0.0145353 0)
(6.59047 -0.0175648 0)
(5.74014 -0.00459618 0)
(5.83861 0.00299298 0)
(6.74164 0.00997665 0)
(6.77008 0.0188196 0)
(6.77004 0.0292134 0)
(6.76928 0.0406714 0)
(6.76768 0.0511353 0)
(6.76813 0.0665641 0)
(6.75881 0.0601056 0)
(6.81048 0.0910845 0)
(6.74282 0.104217 0)
(6.72378 0.0666112 0)
(6.69424 0.0512843 0)
(6.66988 0.0347126 0)
(6.65004 0.02225 0)
(6.63534 0.0125076 0)
(6.62694 0.00347721 0)
(6.62071 -0.00237715 0)
(6.61153 -0.00856232 0)
(6.61037 -0.00578983 0)
(5.76111 2.22751e-05 0)
(5.86453 0.00372743 0)
(6.76939 0.0117162 0)
(6.79743 0.0213843 0)
(6.79631 0.0328001 0)
(6.79365 0.0459839 0)
(6.78829 0.0592215 0)
(6.77853 0.0748074 0)
(6.77417 0.0823195 0)
(6.82361 0.100512 0)
(6.7386 0.109147 0)
(6.70669 0.0869602 0)
(6.6774 0.0753813 0)
(6.65266 0.0590033 0)
(6.6327 0.0459613 0)
(6.61782 0.0351959 0)
(6.60778 0.0257634 0)
(6.60095 0.0188866 0)
(6.60197 0.0103391 0)
(6.61032 0.0088245 0)
(5.75553 0.00306835 0)
(5.89788 0.00434789 0)
(6.8028 0.0136379 0)
(6.83041 0.0253744 0)
(6.82834 0.0388579 0)
(6.82405 0.0546827 0)
(6.81638 0.0718389 0)
(6.80377 0.0915559 0)
(6.80019 0.113449 0)
(6.82826 0.118505 0)
(6.73903 0.11824 0)
(6.69698 0.113756 0)
(6.66371 0.101031 0)
(6.63617 0.0840207 0)
(6.61571 0.0685286 0)
(6.60143 0.0546012 0)
(6.59206 0.0423959 0)
(6.58508 0.0333082 0)
(6.5895 0.0255033 0)
(6.59283 0.0180203 0)
(5.7171 0.00702312 0)
(5.93501 0.00591048 0)
(6.84283 0.017891 0)
(6.87004 0.0316609 0)
(6.86702 0.0484646 0)
(6.86097 0.0675427 0)
(6.85077 0.0889598 0)
(6.83515 0.112993 0)
(6.82208 0.140322 0)
(6.82408 0.146786 0)
(6.7408 0.140871 0)
(6.68981 0.147797 0)
(6.64763 0.131314 0)
(6.61497 0.111754 0)
(6.59203 0.0918172 0)
(6.57662 0.073313 0)
(6.56705 0.0569042 0)
(6.56161 0.0438023 0)
(6.56429 0.0334738 0)
(6.54875 0.022091 0)
(5.65575 0.00764159 0)
(5.99105 0.0066845 0)
(6.89354 0.0204263 0)
(6.91999 0.0392295 0)
(6.91549 0.0598073 0)
(6.90719 0.0843208 0)
(6.89361 0.111559 0)
(6.87302 0.14099 0)
(6.84804 0.17265 0)
(6.8245 0.185391 0)
(6.74519 0.187261 0)
(6.68315 0.190159 0)
(6.62953 0.169715 0)
(6.59007 0.145082 0)
(6.56274 0.119079 0)
(6.54457 0.0946584 0)
(6.53344 0.0727148 0)
(6.52772 0.0538473 0)
(6.5267 0.0383727 0)
(6.49954 0.0225891 0)
(5.60169 0.00759392 0)
(6.04434 0.00973859 0)
(6.95729 0.0304052 0)
(6.98285 0.0514299 0)
(6.97638 0.0790376 0)
(6.96482 0.109222 0)
(6.94608 0.143333 0)
(6.91782 0.179404 0)
(6.8794 0.215972 0)
(6.83264 0.236598 0)
(6.74722 0.244591 0)
(6.66901 0.241989 0)
(6.60196 0.216578 0)
(6.55371 0.185004 0)
(6.52038 0.15162 0)
(6.49838 0.120023 0)
(6.48487 0.0914431 0)
(6.47765 0.0664449 0)
(6.47388 0.0443677 0)
(6.43964 0.0255759 0)
(5.53991 0.00743176 0)
(6.14777 0.0126783 0)
(7.04241 0.0326511 0)
(7.06649 0.0668454 0)
(7.05692 0.100004 0)
(7.04005 0.140593 0)
(7.0135 0.184971 0)
(6.97417 0.230759 0)
(6.91999 0.274626 0)
(6.85095 0.303626 0)
(6.75186 0.315712 0)
(6.65474 0.307305 0)
(6.57317 0.275017 0)
(6.5145 0.234514 0)
(6.47359 0.191826 0)
(6.4461 0.151054 0)
(6.42853 0.113901 0)
(6.41795 0.0810215 0)
(6.4112 0.0536929 0)
(6.3735 0.0272703 0)
(5.47841 0.0101626 0)
(6.24199 0.0155212 0)
(7.15346 0.0581466 0)
(7.17404 0.0907266 0)
(7.15896 0.139402 0)
(7.13429 0.19128 0)
(7.09563 0.247463 0)
(7.04001 0.304 0)
(6.96528 0.355297 0)
(6.87109 0.390244 0)
(6.7508 0.402714 0)
(6.62993 0.386871 0)
(6.52984 0.345528 0)
(6.45768 0.294701 0)
(6.40675 0.241885 0)
(6.37191 0.191487 0)
(6.34923 0.145809 0)
(6.33553 0.10531 0)
(6.32651 0.0691517 0)
(6.28505 0.0427629 0)
(5.39475 0.0107231 0)
(6.43325 0.0288837 0)
(7.30794 0.0585652 0)
(7.32414 0.128575 0)
(7.2985 0.191633 0)
(7.25755 0.261929 0)
(7.19799 0.335163 0)
(7.11841 0.403916 0)
(7.01684 0.462148 0)
(6.89349 0.500137 0)
(6.74673 0.509514 0)
(6.60092 0.484151 0)
(6.48199 0.431588 0)
(6.39541 0.368912 0)
(6.33316 0.304147 0)
(6.28926 0.241463 0)
(6.25907 0.182802 0)
(6.23925 0.130461 0)
(6.22592 0.0841777 0)
(6.17698 0.0380771 0)
(5.27854 0.0174594 0)
(6.62185 0.0398271 0)
(7.52669 0.13344 0)
(7.51928 0.201647 0)
(7.47346 0.28418 0)
(7.40462 0.376588 0)
(7.31632 0.46358 0)
(7.20584 0.540195 0)
(7.07202 0.601472 0)
(6.91613 0.637312 0)
(6.73901 0.638649 0)
(6.56499 0.600642 0)
(6.42372 0.534701 0)
(6.31973 0.459216 0)
(6.24298 0.382702 0)
(6.18668 0.309494 0)
(6.14583 0.241453 0)
(6.11655 0.178327 0)
(6.09599 0.124617 0)
(6.04814 0.0791794 0)
(5.17969 0.0193361 0)
(7.19651 0.107855 0)
(7.78587 0.18937 0)
(7.77388 0.315793 0)
(7.68009 0.450983 0)
(7.5725 0.562249 4.15756e-33)
(7.44481 0.652323 -2.51234e-33)
(7.29333 0.730046 0)
(7.11959 0.785426 0)
(6.92589 0.809963 0)
(6.71424 0.795539 0)
(6.51067 0.739357 0)
(6.34699 0.657008 0)
(6.22551 0.568138 0)
(6.13409 0.480011 0)
(6.06506 0.39549 0)
(6.01319 0.316168 0)
(5.9742 0.241297 0)
(5.94091 0.163124 0)
(5.85716 0.0905698 0)
(4.89172 0.0458939 0)
(7.59124 0.2814 -2.66356e-19)
(8.18883 0.360715 2.38576e-19)
(8.046 0.593462 0)
(7.90064 0.731034 9.00277e-20)
(7.74814 0.818447 -7.25217e-20)
(7.57271 0.904583 2.66447e-33)
(7.37581 0.973239 0)
(7.16039 1.01409 2.20672e-19)
(6.92798 1.02155 -7.77668e-19)
(6.68006 0.988206 1.68847e-19)
(6.44514 0.913523 0)
(6.25555 0.816527 -5.32537e-19)
(6.11106 0.716471 -6.6536e-19)
(5.99801 0.619066 1.17084e-18)
(5.90751 0.526608 -9.40697e-19)
(5.83354 0.440525 0)
(5.77204 0.364667 -3.63267e-19)
(5.71734 0.302104 0)
(5.61112 0.200539 -2.03456e-18)
(4.645 0.153945 2.18341e-18)
(7.86337 0.635726 -1.23587e-19)
(8.47282 0.853487 -1.93472e-18)
(8.28907 0.998515 5.21761e-19)
(8.10518 1.0533 5.45886e-19)
(7.90217 1.12886 -1.36433e-19)
(7.67697 1.2052 2.61805e-19)
(7.4365 1.25802 0)
(7.18174 1.28201 0)
(6.91142 1.27357 1.23519e-18)
(6.62581 1.22468 0)
(6.35433 1.13661 1.86417e-18)
(6.1318 1.03138 5.79752e-19)
(5.95826 0.928493 2.07153e-20)
(5.81831 0.833364 -1.32688e-18)
(5.70218 0.748329 0)
(5.60373 0.673538 0)
(5.51918 0.606807 -6.25465e-18)
(5.44519 0.556845 1.58656e-17)
(5.35151 0.535068 -9.43249e-18)
(4.5052 0.355017 -1.02019e-17)
(7.9877 1.01129 2.49567e-18)
(8.64529 1.44515 -8.72468e-19)
(8.47353 1.45298 -2.14622e-19)
(8.26079 1.44716 -1.00251e-18)
(8.01216 1.5011 5.78479e-19)
(7.74425 1.54918 -5.38447e-19)
(7.46767 1.57202 3.43726e-19)
(7.17813 1.57161 0)
(6.87373 1.54279 -2.57739e-18)
(6.555 1.47589 2.75183e-18)
(6.25232 1.37404 -5.0894e-18)
(6.00365 1.26163 2.46699e-18)
(5.80966 1.15786 -1.79749e-18)
(5.65359 1.06669 3.95015e-18)
(5.52531 0.988914 0)
(5.41855 0.923967 -1.5391e-18)
(5.32891 0.867192 0)
(5.25367 0.7977 8.97339e-18)
(5.16654 0.836263 -2.14301e-17)
(4.42432 0.567892 1.19326e-17)
(8.04139 1.36244 -1.07932e-17)
(8.69885 1.99988 5.96755e-18)
(8.57264 1.87132 8.46414e-19)
(8.33565 1.87215 0)
(8.05906 1.9087 3.94205e-19)
(7.77064 1.91768 -3.64532e-19)
(7.47275 1.90383 -4.07031e-19)
(7.15707 1.87571 0)
(6.82619 1.82279 1.82377e-18)
(6.4817 1.73502 -1.89598e-18)
(6.15562 1.61762 4.42566e-18)
(5.88905 1.49667 0)
(5.68307 1.39008 -3.75741e-18)
(5.51964 1.29944 2.08555e-18)
(5.38776 1.22374 5.60427e-18)
(5.28013 1.16228 -4.9184e-18)
(5.19026 1.11544 8.19111e-18)
(5.12164 1.02913 -1.82686e-17)
(5.03068 1.09307 1.16607e-17)
(4.34891 0.778545 -1.30982e-17)
(8.06501 1.7083 6.42331e-18)
(8.69131 2.50425 -6.50991e-18)
(8.60271 2.25283 2.50118e-18)
(8.33479 2.29562 -3.39944e-18)
(8.04683 2.30821 2.06595e-18)
(7.75949 2.27822 -2.31181e-19)
(7.45061 2.2356 1.13904e-19)
(7.11772 2.18243 -1.41859e-18)
(6.76848 2.10481 -1.85027e-18)
(6.40468 1.99506 -4.05298e-18)
(6.06076 1.86056 -9.5212e-18)
(5.7812 1.72904 -3.14824e-18)
(5.56735 1.617 1.19387e-19)
(5.39967 1.52379 -7.35163e-18)
(5.26598 1.44704 -2.54838e-19)
(5.15794 1.3855 7.16363e-18)
(5.06757 1.34429 -2.21645e-18)
(5.00431 1.25013 -1.31979e-18)
(4.90874 1.32119 0)
(4.26885 0.974359 2.77939e-17)
(8.06877 2.04238 0)
(8.63018 2.96334 1.72019e-18)
(8.58973 2.60975 0)
(8.27642 2.70444 -4.67998e-19)
(8.00116 2.6792 -2.45247e-18)
(7.72027 2.61653 3.02532e-19)
(7.40183 2.55625 3.44655e-19)
(7.0582 2.48123 2.47897e-18)
(6.69666 2.38059 -1.09791e-18)
(6.31859 2.24956 1.8294e-18)
(5.96116 2.0974 5.12085e-18)
(5.672 1.95384 6.95095e-18)
(5.45259 1.8344 -4.3029e-18)
(5.2821 1.7366 7.94658e-18)
(5.14733 1.65687 -6.36895e-18)
(5.03932 1.59288 0)
(4.94801 1.55529 -1.70112e-17)
(4.8912 1.45331 2.28604e-17)
(4.78986 1.52908 1.74181e-18)
(4.18707 1.15393 -2.95736e-17)
(8.05988 2.351 -8.62186e-19)
(8.54829 3.41227 -5.3136e-18)
(8.55962 2.94579 -1.34679e-17)
(8.19395 3.10071 7.06934e-18)
(7.94632 3.01512 -1.24413e-18)
(7.66128 2.93639 5.45413e-19)
(7.33305 2.86225 3.7287e-19)
(6.98289 2.76664 -4.19434e-19)
(6.61287 2.64539 -4.0374e-18)
(6.22452 2.49469 1.96652e-20)
(5.85718 2.32523 -5.54939e-18)
(5.561 2.16893 -7.36874e-18)
(5.33775 2.04083 4.83057e-18)
(5.1656 1.93698 -2.85145e-18)
(5.0306 1.85295 6.90495e-18)
(4.92338 1.78503 0)
(4.83184 1.74685 -1.04969e-17)
(4.78099 1.64336 1.5526e-17)
(4.67457 1.71219 3.03397e-17)
(4.09944 1.32511 -3.17684e-17)
(8.04152 2.6121 -2.1761e-17)
(8.45091 3.83341 1.1976e-17)
(8.49409 3.26728 8.49172e-18)
(8.09825 3.47656 -7.47112e-18)
(7.88265 3.32584 4.11114e-19)
(7.5864 3.2424 1.53603e-18)
(7.25207 3.15324 -4.83869e-19)
(6.89834 3.03802 -1.00779e-18)
(6.52219 2.89834 -2.48875e-18)
(6.12619 2.72944 4.14355e-18)
(5.75112 2.54325 5.32157e-18)
(5.44934 2.3738 1.15794e-17)
(5.22315 2.23605 0)
(5.05004 2.12496 2.04933e-19)
(4.91539 2.03552 -1.91097e-17)
(4.80935 1.9632 4.37627e-18)
(4.71874 1.92051 2.24144e-17)
(4.67105 1.81983 -6.53314e-18)
(4.56422 1.87681 1.46167e-17)
(4.00554 1.4809 -7.75189e-19)
(7.99886 2.86439 1.24812e-18)
(8.35322 4.22463 1.10901e-17)
(8.42676 3.56745 6.22288e-18)
(8.00867 3.8214 -1.29049e-17)
(7.81087 3.61404 7.72702e-18)
(7.50017 3.53316 -1.94082e-18)
(7.16417 3.42834 4.35151e-19)
(6.80828 3.29511 2.52445e-18)
(6.42733 3.13868 4.51795e-18)
(6.02529 2.95295 -5.21578e-18)
(5.6437 2.75089 0)
(5.33699 2.56827 -4.52168e-18)
(5.10822 2.42016 5.18723e-18)
(4.93444 2.30079 6.93311e-18)
(4.80046 2.20486 -3.96803e-18)
(4.69588 2.1276 -1.00392e-17)
(4.60684 2.07954 -3.04209e-18)
(4.56187 1.97842 -3.44022e-20)
(4.45581 2.02964 0)
(3.90989 1.61505 0)
(7.92701 3.15668 -1.23907e-17)
(8.26685 4.56275 0)
(8.31295 3.87089 7.0154e-18)
(7.90979 4.14165 -3.40259e-18)
(7.72543 3.88965 -7.74998e-18)
(7.40526 3.80713 2.20034e-18)
(7.071 3.68551 3.60497e-19)
(6.71387 3.53702 -1.47725e-18)
(6.32985 3.36616 3.14673e-18)
(5.92331 3.16551 -2.03786e-18)
(5.53606 2.94869 3.00805e-18)
(5.22448 2.75301 1.40815e-17)
(4.99288 2.59389 5.07123e-19)
(4.81824 2.46522 -7.0573e-18)
(4.68492 2.3616 1.35987e-17)
(4.58191 2.27836 1.80475e-19)
(4.49446 2.22497 3.2555e-18)
(4.45361 2.11945 -1.5931e-17)
(4.3455 2.17036 1.64516e-17)
(3.81576 1.72959 -1.65341e-17)
(7.8484 3.41926 2.40557e-21)
(8.16492 4.84416 0)
(8.22054 4.13901 0)
(7.81143 4.41795 2.75155e-18)
(7.63162 4.14637 3.08766e-18)
(7.30676 4.06318 -1.47343e-18)
(6.97587 3.92726 1.88997e-19)
(6.6181 3.76568 0)
(6.23185 3.58143 -4.91334e-18)
(5.82141 3.36687 7.63802e-18)
(5.42868 3.13636 8.97854e-18)
(5.11186 2.92815 -5.282e-18)
(4.87675 2.75783 -6.58019e-18)
(4.70062 2.61906 1.55198e-17)
(4.56762 2.5067 -4.80345e-18)
(4.46612 2.4164 -5.83701e-18)
(4.38044 2.35703 -3.55608e-18)
(4.34499 2.2462 -1.72179e-17)
(4.23295 2.29688 2.24206e-18)
(3.72137 1.83008 1.74893e-17)
(7.75094 3.66976 -4.94808e-18)
(8.06648 5.12084 -6.46574e-18)
(8.10356 4.41223 8.71233e-19)
(7.71222 4.68078 2.02776e-19)
(7.53412 4.38786 7.54689e-19)
(7.20657 4.30056 -4.18299e-18)
(6.87793 4.151 0)
(6.51985 3.9779 1.09621e-18)
(6.13286 3.78226 -8.6267e-19)
(5.72008 3.55654 1.23813e-17)
(5.32279 3.31481 -2.22686e-18)
(5.00041 3.0954 2.44954e-18)
(4.76069 2.91392 0)
(4.58188 2.76416 -8.46095e-18)
(4.44832 2.64158 1.049e-17)
(4.3479 2.54244 0)
(4.26398 2.47513 -7.83996e-18)
(4.23394 2.359 2.28603e-17)
(4.11707 2.4056 2.78405e-18)
(3.6255 1.91924 -2.15759e-17)
(7.647 3.90819 -1.01554e-17)
(7.96321 5.35215 1.21801e-17)
(8.005 4.65704 0)
(7.61101 4.91403 6.72544e-18)
(7.43318 4.61684 0)
(7.10714 4.5217 3.67351e-18)
(6.78145 4.36076 0)
(6.42439 4.17839 0)
(6.03736 3.97304 -1.66587e-18)
(5.6223 3.73726 -1.19594e-17)
(5.21985 3.48514 -1.66907e-17)
(4.89064 3.25524 3.03093e-18)
(4.64464 3.06295 1.11966e-17)
(4.46128 2.90175 9.44846e-18)
(4.32559 2.76792 -3.35793e-17)
(4.22534 2.65886 -1.39499e-17)
(4.14377 2.58159 8.06964e-18)
(4.11823 2.46273 0)
(4.00035 2.50108 2.42398e-17)
(3.53097 1.99595 -2.2934e-17)
(7.5372 4.09924 1.11719e-17)
(7.85269 5.58681 -1.3293e-17)
(7.90309 4.89308 0)
(7.50954 5.13511 -3.50878e-19)
(7.33457 4.82929 -2.68797e-18)
(7.00905 4.72748 0)
(6.68497 4.55628 4.45641e-20)
(6.3284 4.36423 1.08847e-18)
(5.94149 4.14921 -2.62555e-18)
(5.52522 3.90486 1.35927e-18)
(5.11894 3.64532 0)
(4.78311 3.40792 1.2123e-17)
(4.52971 3.20671 3.98642e-20)
(4.3399 3.03441 5.1024e-18)
(4.20015 2.88772 6.19625e-18)
(4.0989 2.76568 0)
(4.01937 2.67476 -1.37234e-17)
(3.99623 2.55081 2.68963e-17)
(3.87545 2.57614 -2.94857e-17)
(3.43349 2.06342 4.93851e-17)
(7.42606 4.32863 0)
(7.75859 5.77996 0)
(7.79525 5.10891 -6.74533e-18)
(7.41069 5.33577 0)
(7.23479 5.02798 0)
(6.91078 4.91733 5.13323e-18)
(6.58978 4.73685 -4.31153e-21)
(6.23572 4.53723 5.68718e-19)
(5.85096 4.31532 -4.44691e-19)
(5.43465 4.06521 0)
(5.02437 3.80042 -2.62436e-18)
(4.68055 3.55691 -1.00078e-17)
(4.41756 3.34776 -1.24298e-17)
(4.21812 3.16487 -5.11962e-18)
(4.07043 3.00493 6.75515e-18)
(3.96437 2.86851 -1.60357e-17)
(3.88569 2.76275 2.96144e-17)
(3.86205 2.6368 5.13467e-19)
(3.7502 2.63985 -2.81404e-17)
(3.32648 2.11867 -3.3634e-18)
(7.32415 4.47043 0)
(7.63396 5.99601 -9.54852e-18)
(7.705 5.32234 7.59275e-18)
(7.31253 5.52632 0)
(7.13748 5.21524 0)
(6.81798 5.09537 -1.13007e-17)
(6.4993 4.90693 0)
(6.14698 4.69993 0)
(5.7629 4.47064 -5.61498e-18)
(5.34556 4.21417 2.28043e-18)
(4.93156 3.94478 -2.18459e-17)
(4.58034 3.69754 0)
(4.3072 3.48362 -1.32632e-17)
(4.0964 3.29312 4.43543e-19)
(3.93833 3.12085 -2.12016e-17)
(3.82531 2.96594 8.69325e-18)
(3.74563 2.83877 2.30409e-19)
(3.7203 2.70056 -3.208e-17)
(3.61407 2.6707 1.53483e-17)
(3.21371 2.16015 3.56077e-18)
(7.1981 4.67721 0)
(7.54726 6.15232 -1.10608e-17)
(7.60286 5.50159 7.9327e-18)
(7.21326 5.6993 1.47499e-17)
(7.04257 5.38744 2.72096e-18)
(6.72471 5.25877 -1.44934e-18)
(6.4079 5.06262 9.16407e-19)
(6.05792 4.84841 1.92597e-18)
(5.67655 4.61302 6.01576e-18)
(5.26132 4.35282 1.58288e-17)
(4.84626 4.08269 1.81613e-17)
(4.48848 3.83568 3.34154e-18)
(4.20419 3.62015 1.92804e-17)
(3.97897 3.42451 1.22536e-17)
(3.80447 3.24305 1.52916e-17)
(3.67491 3.07387 -9.52074e-18)
(3.58224 2.92384 -1.17616e-17)
(3.53856 2.77352 1.38755e-17)
(3.4481 2.7169 -8.57035e-18)
(3.08702 2.1764 1.16119e-17)
(7.12917 4.79458 1.73282e-17)
(7.42355 6.32915 1.75778e-17)
(7.5048 5.68231 4.21003e-18)
(7.11579 5.85905 2.81413e-19)
(6.94766 5.54617 -9.74228e-18)
(6.63369 5.41007 3.3285e-18)
(6.32152 5.20801 -1.0437e-18)
(5.97593 4.98845 -3.569e-19)
(5.59818 4.74834 -6.92629e-18)
(5.18423 4.48503 -1.74221e-17)
(4.76641 4.21428 1.1777e-18)
(4.40097 3.96828 0)
(4.10438 3.75341 0)
(3.86326 3.55681 -6.27856e-18)
(3.67118 3.3705 -2.44287e-17)
(3.52406 3.18707 2.04455e-17)
(3.42114 3.00908 1.26752e-17)
(3.38326 2.82511 0)
(3.29539 2.72874 2.79014e-17)
(2.93554 2.168 -1.28766e-17)
(7.00044 4.96758 -8.64756e-18)
(7.32806 6.48371 7.20772e-18)
(7.4151 5.84084 -9.49852e-18)
(7.0233 6.00764 -9.3219e-18)
(6.85806 5.6946 -3.82827e-18)
(6.54908 5.55085 9.8067e-19)
(6.23987 5.34296 0)
(5.89665 5.11756 -2.38578e-18)
(5.52036 4.87208 7.11543e-19)
(5.10705 4.60536 0)
(4.68861 4.33506 0)
(4.31915 4.09305 2.22153e-18)
(4.0133 3.88264 3.212e-18)
(3.757 3.6877 -6.65368e-18)
(3.54327 3.50125 1.76234e-17)
(3.36687 3.31837 -2.19733e-17)
(3.21872 3.13261 -2.75078e-17)
(3.1108 2.92877 2.4908e-17)
(3.01082 2.7402 -1.03705e-17)
(2.76596 2.13056 5.26274e-18)
(6.93818 5.08931 1.02423e-17)
(7.2362 6.62628 0)
(7.33322 5.99818 0)
(6.93878 6.15049 -2.98613e-18)
(6.77548 5.83396 2.40819e-18)
(6.46705 5.68192 -2.92608e-19)
(6.15923 5.46771 -3.09762e-18)
(5.81834 5.23656 1.60875e-18)
(5.44552 4.98659 1.20769e-17)
(5.03652 4.71802 -1.36696e-18)
(4.62063 4.45019 2.98478e-18)
(4.24811 4.21461 -1.8802e-17)
(3.93172 4.01275 -1.94447e-17)
(3.65768 3.8276 -3.47778e-18)
(3.42024 3.65055 0)
(3.21568 3.47474 -3.81125e-19)
(3.04708 3.27699 1.41196e-17)
(2.92906 3.04147 -2.7143e-17)
(2.79113 2.85413 2.07521e-17)
(2.55365 2.14405 1.7778e-17)
(6.84386 5.20764 -2.20131e-17)
(7.13941 6.77148 -8.08243e-18)
(7.24465 6.13989 2.84594e-19)
(6.8449 6.27879 4.03572e-18)
(6.68423 5.95969 0)
(6.38101 5.80128 9.18101e-18)
(6.0779 5.58284 3.53035e-18)
(5.7424 5.34814 -5.38097e-19)
(5.37518 5.09577 -6.11058e-18)
(4.97008 4.82674 -1.32203e-18)
(4.55453 4.56208 1.22343e-18)
(4.17806 4.33409 1.64344e-17)
(3.85327 4.14228 1.8887e-17)
(3.56611 3.96497 3.30724e-18)
(3.311 3.79048 1.74885e-17)
(3.08274 3.62488 0)
(2.8591 3.48028 0)
(2.60101 3.32073 1.76092e-17)
(2.18597 3.03829 2.20735e-19)
(1.39875 2.28364 -1.71333e-17)
(6.74727 5.31556 1.18515e-17)
(7.01035 6.84386 2.42986e-17)
(7.13422 6.24181 -3.5796e-17)
(6.74261 6.38344 1.9782e-17)
(6.59718 6.0748 -2.03661e-18)
(6.3022 5.9155 1.19315e-17)
(6.00379 5.69592 0)
(5.67196 5.45897 -8.62577e-19)
(5.30647 5.20395 0)
(4.90156 4.93319 1.71333e-17)
(4.48621 4.67132 -1.64632e-18)
(4.10877 4.45259 1.841e-18)
(3.77774 4.27581 2.11639e-17)
(3.47542 4.12147 -7.25239e-18)
(3.19081 3.97916 -9.25276e-18)
(2.91181 3.84507 0)
(2.63798 3.72 0)
(2.37398 3.57401 0)
(2.06589 3.26528 -1.03362e-17)
(1.38258 2.64077 -5.86234e-18)
(6.6893 5.44235 0)
(6.94364 7.00876 0)
(7.08007 6.38325 1.28935e-17)
(6.67933 6.50807 -1.63125e-17)
(6.53316 6.19622 1.03823e-17)
(6.23084 6.02923 -1.08021e-17)
(5.93047 5.80443 -2.83872e-19)
(5.59787 5.56242 2.19834e-19)
(5.23337 5.30373 1.02874e-18)
(4.83261 5.03306 -1.96239e-17)
(4.42328 4.77766 2.83984e-18)
(4.0492 4.57193 1.61572e-17)
(3.71654 4.41345 -2.10221e-17)
(3.409 4.27826 -2.35802e-17)
(3.1273 4.14985 8.1967e-18)
(2.88497 4.03054 0)
(2.66786 3.94488 1.29276e-17)
(2.43656 3.86448 1.59783e-17)
(2.01285 3.54264 -1.81796e-17)
(1.29511 3.03927 2.41644e-17)
(6.64896 5.55082 0)
(6.89769 7.13557 1.93182e-17)
(7.03347 6.53083 -3.16693e-18)
(6.6156 6.63756 2.01468e-17)
(6.45116 6.30635 -1.09102e-17)
(6.14992 6.13167 0)
(5.85272 5.90307 0)
(5.52461 5.65979 0)
(5.16697 5.40246 4.33394e-18)
(4.77351 5.13571 7.65342e-19)
(4.36907 4.8869 0)
(3.99658 4.69215 -1.59825e-17)
(3.66289 4.5513 0)
(3.35059 4.44325 1.68001e-17)
(3.04997 4.3556 -1.15236e-17)
(2.75498 4.27755 -9.38602e-18)
(2.50673 4.17569 -2.46454e-17)
(2.24606 3.99204 -1.46152e-17)
(1.72572 3.63434 -2.42766e-17)
(1.20714 3.34096 1.99251e-17)
(6.5242 5.6412 -4.72394e-18)
(6.75789 7.19909 7.47853e-20)
(6.90076 6.59118 -3.24241e-18)
(6.49057 6.70339 -1.55287e-17)
(6.35702 6.39242 0)
(6.07466 6.22563 0)
(5.78272 5.99994 0)
(5.45957 5.75793 1.73634e-19)
(5.1058 5.50105 -5.57693e-18)
(4.71466 5.23445 0)
(4.31259 4.98891 0)
(3.94362 4.80492 0)
(3.61281 4.68388 0)
(3.30052 4.60199 1.23799e-17)
(3.01359 4.53288 3.15826e-17)
(2.7847 4.45363 1.00389e-17)
(2.56407 4.38692 2.36258e-17)
(2.27917 4.23246 -2.03778e-17)
(1.73249 3.90725 7.96108e-18)
(1.33345 3.77758 0)
(6.45618 5.71405 4.57683e-18)
(6.629 7.26433 -3.75492e-17)
(6.82005 6.67147 -1.0833e-17)
(6.41964 6.78715 -2.50228e-18)
(6.3052 6.4941 2.43207e-18)
(6.01045 6.32434 -1.56527e-17)
(5.71559 6.09693 9.57666e-19)
(5.39345 5.85248 1.21633e-18)
(5.04155 5.5939 0)
(4.6539 5.32787 -1.22508e-18)
(4.2582 5.08826 1.11536e-18)
(3.89804 4.91678 0)
(3.57893 4.81583 0)
(3.28069 4.76015 -1.54967e-17)
(2.98753 4.72894 2.75441e-18)
(2.67886 4.68997 -9.46315e-18)
(2.37474 4.62304 2.05944e-17)
(2.01342 4.47416 1.88173e-17)
(1.39016 4.25419 -3.40695e-17)
(1.15845 4.17211 1.84457e-17)
(6.43541 5.8353 1.27948e-17)
(6.62094 7.4395 3.30862e-17)
(6.82006 6.84125 1.28557e-17)
(6.38212 6.93145 0)
(6.23901 6.60668 0)
(5.93197 6.42363 1.17947e-17)
(5.64235 6.19241 -5.35674e-18)
(5.32353 5.9459 -1.27455e-18)
(4.97516 5.68643 8.36593e-20)
(4.59269 5.42156 1.45119e-17)
(4.2049 5.18699 -1.99127e-17)
(3.85468 5.02569 0)
(3.544 4.94119 0)
(3.2453 4.91294 -1.10372e-17)
(2.94822 4.90921 -1.44264e-17)
(2.69763 4.91368 0)
(2.4993 4.8227 -3.04984e-17)
(2.1491 4.75499 -5.5186e-18)
(1.62555 4.77095 3.29973e-17)
(1.40638 4.8258 -1.73556e-17)
(6.34851 5.92649 -2.4126e-17)
(6.54489 7.53137 -1.5807e-17)
(6.70683 6.93434 0)
(6.25984 7.02268 0)
(6.13176 6.6951 0)
(5.8477 6.51892 0)
(5.56436 6.28709 5.58043e-18)
(5.24753 6.03817 -2.21876e-18)
(4.90314 5.77656 0)
(4.52849 5.5124 -1.31165e-17)
(4.15238 5.28284 3.60712e-17)
(3.81752 5.13144 1.52154e-18)
(3.52688 5.06378 2.24153e-18)
(3.25728 5.06605 1.87009e-17)
(2.9958 5.10622 -1.243e-17)
(2.73823 5.12071 0)
(2.4361 5.16178 9.74474e-18)
(1.95533 5.22809 8.22124e-19)
(1.24029 5.28695 -4.86028e-18)
(0.870984 5.38528 1.05448e-17)
(6.22593 6.00334 1.08183e-17)
(6.37261 7.5767 -1.59106e-17)
(6.56253 6.9912 0)
(6.14421 7.09352 -3.50837e-18)
(6.05039 6.79089 1.3033e-17)
(5.76713 6.61894 0)
(5.47871 6.3825 0)
(5.16648 6.13077 4.0267e-18)
(4.83085 5.86889 -7.03841e-19)
(4.46725 5.60658 1.31741e-17)
(4.10342 5.38056 -1.72357e-17)
(3.78417 5.23638 1.09621e-17)
(3.51258 5.17726 0)
(3.26721 5.19972 -1.02353e-17)
(3.01149 5.25589 6.37835e-18)
(2.77334 5.32006 6.9636e-18)
(2.5664 5.3686 0)
(2.14795 5.52415 4.74648e-18)
(1.49324 6.07185 7.60142e-18)
(1.41602 6.44741 2.32872e-18)
(6.15217 6.13323 -2.01229e-17)
(6.28643 7.72276 2.33133e-17)
(6.50765 7.14325 1.66548e-17)
(6.07853 7.22983 -4.23027e-18)
(5.97198 6.90959 -1.96689e-17)
(5.67076 6.72248 0)
(5.38761 6.48096 4.97781e-18)
(5.0859 6.2275 -1.83583e-18)
(4.75866 5.96391 4.12001e-20)
(4.40273 5.69881 -1.14482e-17)
(4.05018 5.47163 -8.87507e-19)
(3.75011 5.3323 -1.23036e-17)
(3.5028 5.27788 1.49827e-17)
(3.28003 5.31587 4.65679e-18)
(3.06943 5.43699 -1.07871e-17)
(2.89104 5.5409 1.21068e-17)
(2.72673 5.6763 0)
(2.31273 6.21052 0)
(1.86188 7.10295 4.49109e-19)
(0.353668 7.21704 -3.67308e-18)
(6.07914 6.25267 1.02833e-17)
(6.21153 7.86659 2.16474e-17)
(6.40877 7.28456 -1.65934e-17)
(5.95949 7.35339 1.44337e-17)
(5.8537 7.0149 1.90924e-17)
(5.56494 6.82419 0)
(5.29714 6.58215 -5.23953e-18)
(5.00228 6.32444 -2.85269e-18)
(4.68044 6.05534 0)
(4.33396 5.78628 0)
(3.99794 5.55833 0)
(3.72153 5.42321 0)
(3.50714 5.3754 -1.70662e-17)
(3.34076 5.41987 -6.44871e-18)
(3.19042 5.56415 0)
(3.0769 5.70958 -5.97602e-18)
(3.02399 5.89488 0)
(2.9671 6.35083 -2.42011e-18)
(2.87692 6.66071 -3.18535e-18)
(1.58361 6.5986 4.37344e-18)
(5.94857 6.33847 -1.95504e-17)
(6.05003 7.94844 -1.36911e-17)
(6.24974 7.37329 -1.0282e-17)
(5.8169 7.44464 -1.34618e-17)
(5.74238 7.11927 -8.95262e-18)
(5.46641 6.93385 0)
(5.20221 6.68683 -9.12959e-19)
(4.91098 6.42205 3.95557e-19)
(4.59778 6.14793 -1.98064e-18)
(4.26477 5.87622 0)
(3.94682 5.64551 1.02856e-18)
(3.69321 5.50917 -1.16944e-18)
(3.50978 5.46024 0)
(3.37215 5.47625 7.96275e-18)
(3.29678 5.63147 0)
(3.28905 5.83867 4.12652e-18)
(3.42669 6.02599 -8.78365e-18)
(3.64236 6.09103 2.14024e-18)
(3.8066 5.20332 -1.06501e-18)
(1.22643 4.62536 -2.12214e-18)
(5.82679 6.46 -6.94695e-19)
(5.90211 8.07308 -7.08162e-18)
(6.13172 7.50877 1.41166e-17)
(5.7072 7.57482 -6.55294e-19)
(5.64145 7.24678 -2.4218e-18)
(5.35589 7.05203 0)
(5.09221 6.7939 5.13247e-18)
(4.80947 6.52248 2.70542e-18)
(4.50726 6.24344 3.93872e-18)
(4.18731 5.96662 -8.952e-18)
(3.88738 5.72916 -1.28632e-17)
(3.65843 5.58309 0)
(3.51265 5.53797 1.12618e-17)
(3.45001 5.54386 -3.32052e-18)
(3.44452 5.63327 -3.69786e-18)
(3.5365 5.82315 0)
(3.7334 5.98237 3.9128e-18)
(3.80781 5.93662 -3.58028e-18)
(3.71896 4.52703 4.72606e-18)
(0.513061 2.16982 3.33187e-18)
(5.7171 6.60009 1.6998e-17)
(5.77018 8.22839 -6.75817e-18)
(6.00738 7.66343 9.32691e-18)
(5.57118 7.71255 6.70551e-18)
(5.50555 7.36879 4.62155e-18)
(5.2185 7.16364 9.84395e-18)
(4.96729 6.89947 -9.78693e-18)
(4.69738 6.62398 -3.19883e-18)
(4.40709 6.34019 -2.69638e-18)
(4.10193 6.05761 -1.51629e-19)
(3.82271 5.81323 1.10883e-18)
(3.61885 5.65021 -1.03507e-17)
(3.50541 5.58668 4.80452e-18)
(3.46835 5.56464 -7.29567e-18)
(3.52564 5.57274 7.13028e-18)
(3.67584 5.61815 -3.7001e-18)
(3.87199 5.66481 8.0243e-18)
(3.729 5.79401 -3.94147e-18)
(3.59792 4.28734 0)
(0.833781 1.86698 7.75407e-18)
(5.56599 6.71471 0)
(5.58574 8.35452 -2.31076e-17)
(5.83342 7.78641 4.85339e-19)
(5.39795 7.82529 -1.16271e-17)
(5.35 7.48073 0)
(5.07304 7.27661 -7.28123e-18)
(4.83778 7.01183 7.95515e-18)
(4.57973 6.73353 2.99707e-18)
(4.30193 6.44518 1.99669e-18)
(4.01266 6.15551 7.10016e-18)
(3.75277 5.9009 1.07994e-17)
(3.56971 5.71725 2.17542e-19)
(3.47226 5.61447 -9.69571e-18)
(3.44981 5.55481 -2.23846e-18)
(3.50971 5.48781 6.81729e-18)
(3.60872 5.44371 -8.16035e-18)
(3.80119 5.24294 -4.68466e-18)
(3.60283 5.4023 5.22066e-18)
(3.59023 4.22658 0)
(1.41175 2.26909 0)
(5.40026 6.84041 -1.47524e-17)
(5.38438 8.48827 2.31559e-17)
(5.65677 7.92569 0)
(5.23063 7.95829 0)
(5.19972 7.6139 0)
(4.92685 7.40767 0)
(4.70221 7.13709 -3.67649e-18)
(4.45315 6.85199 -5.15688e-19)
(4.18689 6.55532 -3.82737e-19)
(3.91202 6.2537 1.00477e-18)
(3.66833 5.9834 -1.16769e-17)
(3.50188 5.78054 8.52493e-18)
(3.40945 5.63333 0)
(3.38633 5.53639 -1.24166e-19)
(3.39603 5.38827 -1.02971e-17)
(3.43704 5.34898 3.69512e-18)
(3.61336 5.1027 -5.2293e-18)
(3.45523 5.10228 -3.14661e-18)
(3.55507 4.2695 1.16688e-17)
(1.91902 2.79359 1.71444e-17)
(5.23973 6.98856 7.49476e-18)
(5.18627 8.64452 1.01957e-17)
(5.47932 8.08757 -3.46547e-19)
(5.05563 8.11133 5.3414e-18)
(5.03205 7.75963 0)
(4.76102 7.54495 1.04991e-17)
(4.54688 7.26349 -2.31361e-18)
(4.30812 6.96894 6.82108e-19)
(4.05482 6.66194 -1.97287e-19)
(3.79569 6.34745 9.02871e-19)
(3.56773 6.05884 7.92161e-18)
(3.41171 5.83859 -6.32313e-18)
(3.32466 5.65846 -6.22749e-18)
(3.28478 5.51084 -2.68527e-18)
(3.25883 5.36174 6.45385e-18)
(3.24427 5.30299 -1.24154e-17)
(3.4219 5.10802 7.18931e-18)
(3.26972 5.0529 -9.35608e-18)
(3.37692 4.48951 2.63757e-17)
(2.20333 3.30835 -2.02359e-17)
(5.05548 7.13424 -7.02461e-18)
(4.96245 8.79374 0)
(5.26687 8.23982 -7.48554e-18)
(4.84797 8.25258 -1.00654e-17)
(4.83276 7.8958 0)
(4.56906 7.67429 -8.13232e-18)
(4.37065 7.38524 0)
(4.14652 7.083 -2.99763e-18)
(3.90928 6.76692 -6.46877e-19)
(3.66698 6.44126 4.5673e-18)
(3.45307 6.13468 -6.6457e-18)
(3.30231 5.89219 3e-18)
(3.21571 5.69991 1.39354e-17)
(3.17929 5.51869 -5.10801e-18)
(3.14308 5.3981 6.16754e-18)
(3.06466 5.27816 3.84252e-18)
(3.19564 5.11334 -9.97203e-18)
(3.04152 5.04728 1.1605e-17)
(3.11253 4.72564 -6.43091e-20)
(2.36418 3.74335 2.18369e-18)
(4.84311 7.26849 1.33071e-17)
(4.70697 8.93116 -9.11654e-18)
(5.02647 8.38447 7.44927e-18)
(4.61774 8.38653 4.74106e-18)
(4.6133 8.03034 7.88178e-19)
(4.36152 7.80275 4.62234e-18)
(4.1821 7.50842 0)
(3.9733 7.19955 -1.87536e-19)
(3.75226 6.87432 0)
(3.52512 6.53697 -4.27484e-18)
(3.32279 6.21501 6.23309e-18)
(3.17591 5.94911 -1.25211e-18)
(3.08249 5.74686 -1.08963e-17)
(3.04509 5.56763 -5.02755e-18)
(3.01784 5.46288 2.80268e-18)
(2.89774 5.28157 -3.97253e-18)
(2.95581 5.13895 1.38401e-17)
(2.84362 5.05466 8.8401e-18)
(2.85723 4.89967 3.99632e-18)
(2.42536 4.08839 -1.69081e-17)
(4.61349 7.41579 7.44742e-19)
(4.43676 9.07626 5.18936e-18)
(4.76766 8.5403 0)
(4.37261 8.52848 8.36039e-18)
(4.37843 8.17245 -1.21535e-17)
(4.14003 7.93644 4.37862e-18)
(3.97984 7.63425 -2.50101e-18)
(3.78533 7.31613 1.92851e-18)
(3.58002 6.98049 -1.4652e-19)
(3.36774 6.63162 -6.67748e-19)
(3.17534 6.29767 5.87244e-18)
(3.03185 6.01634 1.07789e-17)
(2.93004 5.7996 5.97775e-21)
(2.87711 5.63023 8.87149e-18)
(2.85793 5.52446 5.93867e-18)
(2.74013 5.32046 -1.05768e-17)
(2.73952 5.204 9.18223e-18)
(2.67601 5.10188 -5.31583e-18)
(2.63073 5.03234 1.76777e-20)
(2.37533 4.34688 1.62981e-17)
(4.36639 7.56234 2.28638e-17)
(4.14572 9.22053 -4.90296e-18)
(4.49031 8.6973 -1.16391e-17)
(4.10698 8.66824 9.46773e-18)
(4.12169 8.31197 -5.11488e-18)
(3.90051 8.06696 7.65036e-18)
(3.75891 7.75475 3.80871e-18)
(3.57907 7.4288 0)
(3.39128 7.08463 -7.18973e-20)
(3.19405 6.72563 1.63977e-19)
(3.01153 6.38235 -1.23784e-18)
(2.87028 6.09286 -9.4636e-18)
(2.76315 5.86558 -4.78312e-19)
(2.69236 5.69668 -2.06934e-19)
(2.67115 5.57941 8.37522e-18)
(2.57878 5.38679 3.80046e-18)
(2.53672 5.28919 -1.03551e-17)
(2.50279 5.18242 -5.19322e-18)
(2.42989 5.13662 -1.56948e-18)
(2.23361 4.49972 -1.53874e-17)
(4.08926 7.70494 0)
(3.82581 9.35721 3.92352e-18)
(4.18242 8.84621 -5.0064e-18)
(3.81383 8.79826 8.87126e-18)
(3.84051 8.43989 -1.02598e-17)
(3.64086 8.19148 3.91438e-18)
(3.51693 7.86836 0)
(3.35522 7.53625 0)
(3.18542 7.18553 0)
(3.00437 6.81955 -1.1041e-18)
(2.83181 6.46862 1.0374e-18)
(2.69256 6.17478 -1.92582e-18)
(2.58484 5.94369 -5.8607e-18)
(2.5038 5.77043 -4.22058e-18)
(2.47064 5.64062 7.48355e-18)
(2.39966 5.47182 -6.58276e-18)
(2.34047 5.38098 -3.65651e-19)
(2.32247 5.27581 1.20213e-17)
(2.23955 5.23428 -1.4791e-18)
(2.05292 4.57174 0)
(3.78788 7.83151 2.05694e-17)
(3.47673 9.47487 -3.67108e-18)
(3.8532 8.98445 -4.59495e-20)
(3.49962 8.91834 0)
(3.53841 8.5551 -4.50843e-18)
(3.36317 8.30182 5.34389e-19)
(3.25425 7.9748 0)
(3.11389 7.63885 4.51343e-19)
(2.96341 7.28416 -3.56629e-19)
(2.79885 6.9146 0)
(2.63598 6.55794 0)
(2.50104 6.26165 4.09283e-18)
(2.39556 6.02984 5.67159e-18)
(2.31112 5.85192 -2.14092e-19)
(2.26355 5.71347 2.19425e-18)
(2.20727 5.56496 -2.99966e-18)
(2.13987 5.47889 0)
(2.13969 5.36729 6.96949e-18)
(2.02985 5.3395 1.15844e-17)
(1.89657 4.60872 -2.37867e-17)
(3.45098 7.94527 1.66916e-17)
(3.09301 9.57537 -3.35061e-18)
(3.49354 9.10314 4.27969e-18)
(3.15374 9.02661 -1.10514e-17)
(3.20821 8.66372 0)
(3.06303 8.39845 0)
(2.97243 8.07196 0)
(2.85472 7.73437 4.34278e-19)
(2.72439 7.37854 -3.43106e-19)
(2.57636 7.00716 0)
(2.42517 6.64935 0)
(2.29603 6.35266 -5.78733e-18)
(2.1931 6.12123 2.58552e-18)
(2.10873 5.93996 -3.10269e-18)
(2.05054 5.79666 -6.45107e-18)
(2.00383 5.66057 0)
(1.92207 5.57629 1.70598e-18)
(1.95599 5.46076 2.13319e-18)
(1.79046 5.43581 -2.0932e-17)
(1.75139 4.64316 2.37639e-17)
(3.0917 8.03394 -1.42294e-17)
(2.67778 9.64966 4.63716e-18)
(3.11364 9.19877 9.71981e-18)
(2.79085 9.1074 5.9183e-18)
(2.8515 8.75376 -4.74341e-18)
(2.74101 8.47786 -2.60892e-18)
(2.67196 8.15443 1.45781e-18)
(2.5782 7.81877 0)
(2.4692 7.466 0)
(2.33908 7.09754 0)
(2.20093 6.74301 2.06183e-18)
(2.07783 6.44825 5.37033e-18)
(1.97702 6.21836 -2.42112e-18)
(1.89353 6.03597 1.42974e-18)
(1.82913 5.89023 4.17356e-20)
(1.7819 5.76223 0)
(1.7015 5.67196 -3.1655e-18)
(1.73807 5.56994 1.58847e-17)
(1.58033 5.51729 -3.69471e-17)
(1.5297 4.70644 2.11432e-17)
(2.68865 8.08088 1.49071e-17)
(2.21416 9.68188 -1.21854e-17)
(2.69645 9.25751 0)
(2.39512 9.15364 2.90298e-18)
(2.46997 8.81773 1.87957e-18)
(2.39892 8.5377 3.61212e-18)
(2.35427 8.22049 -1.36377e-18)
(2.2861 7.89052 0)
(2.19962 7.5448 0)
(2.08839 7.18419 1.60412e-18)
(1.96337 6.83699 3.92085e-19)
(1.84621 6.54751 -2.83023e-18)
(1.74696 6.32133 -1.99454e-18)
(1.66355 6.14051 -4.3123e-18)
(1.5956 5.99446 8.40578e-18)
(1.54395 5.87131 -1.05111e-17)
(1.47515 5.77598 7.85791e-18)
(1.4987 5.68288 0)
(1.35807 5.61593 5.35774e-19)
(1.30887 4.78563 -2.06138e-17)
(2.2697 8.09457 1.5886e-17)
(1.73259 9.67862 0)
(2.25613 9.28003 0)
(1.9851 9.16048 0)
(2.07085 8.84553 1.31023e-18)
(2.03859 8.56817 -3.5719e-18)
(2.02071 8.26243 -1.15779e-18)
(1.98068 7.94379 0)
(1.91892 7.61066 0)
(1.82813 7.26352 -1.08085e-18)
(1.71671 6.92916 -1.11796e-18)
(1.60547 6.64981 1.40763e-18)
(1.50714 6.43091 -1.12618e-19)
(1.42244 6.25479 -1.56436e-18)
(1.35118 6.11103 4.05496e-18)
(1.29433 5.99115 -4.30727e-18)
(1.23264 5.89404 4.45612e-18)
(1.24147 5.80405 0)
(1.10466 5.73281 -5.00698e-19)
(1.08697 4.89023 -9.66072e-18)
(1.81068 8.01434 -1.42438e-17)
(1.19992 9.58363 4.68852e-18)
(1.7793 9.24301 5.88775e-18)
(1.56383 9.11706 -7.82405e-19)
(1.66604 8.83028 -3.2852e-18)
(1.67523 8.56432 -1.60391e-18)
(1.68567 8.27757 3.20539e-18)
(1.67318 7.97822 -2.18164e-19)
(1.63501 7.66519 0)
(1.56334 7.33874 -7.81744e-20)
(1.46414 7.02365 6.43848e-19)
(1.35749 6.75985 -1.02749e-18)
(1.25816 6.55275 0)
(1.16936 6.38548 1.17976e-18)
(1.09214 6.24778 0)
(1.02779 6.13252 9.616e-19)
(0.965938 6.03645 5.59631e-19)
(0.96342 5.94864 0)
(0.824751 5.87397 0)
(0.848564 5.02471 -8.35471e-18)
(1.34396 7.87008 1.08678e-17)
(0.684592 9.43009 -3.87159e-18)
(1.30998 9.1358 2.42664e-18)
(1.14245 9.01288 -3.65507e-18)
(1.25696 8.76435 1.36888e-18)
(1.30469 8.52144 -3.61581e-19)
(1.34447 8.26177 1.49336e-19)
(1.36024 7.98832 -4.42412e-19)
(1.34653 7.70097 -1.71898e-19)
(1.2954 7.40051 2.34535e-19)
(1.21038 7.11085 7.01477e-20)
(1.11016 6.86916 0)
(1.01123 6.68001 3.43787e-19)
(0.918825 6.52745 0)
(0.835224 6.40146 0)
(0.761871 6.29544 0)
(0.69348 6.20554 3.82894e-18)
(0.676923 6.12342 -9.90228e-18)
(0.525774 6.04698 -5.73566e-20)
(0.59822 5.20058 7.07007e-18)
(0.898595 7.55498 1.68136e-18)
(0.196209 9.11531 1.30128e-18)
(0.835389 8.96038 -1.04493e-18)
(0.767275 8.84448 -6.58212e-19)
(0.887305 8.63851 5.4384e-19)
(0.965566 8.43018 3.38417e-19)
(1.02979 8.2072 1.929e-19)
(1.06876 7.96963 0)
(1.07599 7.7177 -4.02274e-20)
(1.04278 7.45327 6.96621e-21)
(0.969783 7.19775 -2.76563e-19)
(0.87494 6.98531 0)
(0.775517 6.82122 3.43943e-21)
(0.677551 6.69101 -3.84301e-19)
(0.584024 6.58529 0)
(0.497024 6.49787 0)
(0.412474 6.42481 -2.24183e-19)
(0.372971 6.36031 0)
(0.205373 6.28968 -1.6853e-19)
(0.325937 5.46992 0)
(0.487833 7.0645 0)
(-0.167572 8.67685 0)
(0.460103 8.68228 0)
(0.424099 8.59744 0)
(0.554488 8.45555 -1.15096e-32)
(0.664145 8.30115 7.65296e-33)
(0.753772 8.12687 0)
(0.815636 7.93339 0)
(0.844711 7.72221 0)
(0.832231 7.49666 0)
(0.776964 7.27673 0)
(0.695211 7.09459 0)
(0.604312 6.95609 0)
(0.511779 6.84919 0)
(0.421545 6.76557 0)
(0.335946 6.69957 0)
(0.251399 6.64735 0)
(0.198166 6.60542 0)
(0.0349244 6.55268 0)
(0.144517 5.77444 0)
(0.267185 6.67877 0)
(-0.197632 8.28279 0)
(0.292963 8.34031 0)
(0.208374 8.30044 0)
(0.334972 8.23328 0)
(0.444115 8.1393 0)
(0.536087 8.01877 0)
(0.608721 7.87216 0)
(0.653642 7.70183 0)
(0.660024 7.51218 0)
(0.623701 7.32358 0)
(0.557611 7.16728 0)
(0.478776 7.04989 0)
(0.396283 6.96194 0)
(0.315107 6.89637 0)
(0.23867 6.84813 0)
(0.165304 6.81358 0)
(0.123829 6.78982 0)
(0.000452545 6.75307 0)
(0.0744887 5.97098 0)
(0.159135 6.53618 0)
(-0.119046 8.01546 0)
(0.206112 8.06012 0)
(0.135875 8.05318 0)
(0.233075 8.02556 0)
(0.314312 7.97401 0)
(0.38853 7.89831 0)
(0.454454 7.79611 0)
(0.501647 7.66764 0)
(0.517575 7.51632 0)
(0.494976 7.36118 0)
(0.442997 7.23214 0)
(0.377604 7.13699 0)
(0.308687 7.06857 0)
(0.241877 7.0208 0)
(0.180791 6.98879 0)
(0.124073 6.96841 0)
(0.0930667 6.95654 0)
(0.010478 6.92442 0)
(0.0429055 6.11256 0)
(0.0834476 6.53824 0)
(-0.0654366 7.87045 0)
(0.13776 7.90485 0)
(0.106176 7.90265 0)
(0.179868 7.8842 0)
(0.239011 7.85008 0)
(0.295694 7.79943 0)
(0.348944 7.72787 0)
(0.390173 7.633 0)
(0.407805 7.51559 0)
(0.393246 7.39134 0)
(0.352702 7.28728 0)
(0.300282 7.21157 0)
(0.245193 7.15857 0)
(0.192416 7.12277 0)
(0.144557 7.09951 0)
(0.0999202 7.08485 0)
(0.072124 7.07634 0)
(0.0166487 7.04344 0)
(0.0232691 6.19111 0)
(0.0383722 6.55728 0)
(-0.0303029 7.78085 0)
(0.0844252 7.81658 0)
(0.0802386 7.81423 0)
(0.136222 7.79776 0)
(0.182348 7.7703 0)
(0.228383 7.73101 0)
(0.271915 7.67618 0)
(0.306613 7.60295 0)
(0.323147 7.51042 0)
(0.313347 7.41081 0)
(0.281611 7.32702 0)
(0.239869 7.26627 0)
(0.195867 7.22384 0)
(0.153582 7.19502 0)
(0.115017 7.17597 0)
(0.0790761 7.16371 0)
(0.0539744 7.15661 0)
(0.0168004 7.12379 0)
(0.0120587 6.23702 0)
(0.0171488 6.55124 0)
(-0.00773087 7.70448 0)
(0.0530354 7.74423 0)
(0.0612225 7.74306 0)
(0.101372 7.7307 0)
(0.137264 7.71003 0)
(0.174984 7.67955 0)
(0.211152 7.63648 0)
(0.240706 7.57865 0)
(0.255945 7.50485 0)
(0.249482 7.42479 0)
(0.224539 7.3573 0)
(0.191105 7.30836 0)
(0.15564 7.27409 0)
(0.121468 7.25078 0)
(0.0903806 7.23543 0)
(0.0619537 7.22573 0)
(0.0406227 7.22033 0)
(0.0152572 7.18838 0)
(0.00670519 6.27555 0)
(0.0076864 6.53258 0)
(0.0031831 7.64076 0)
(0.0362883 7.68221 0)
(0.048798 7.68168 0)
(0.0771541 7.67321 0)
(0.10463 7.6588 0)
(0.134491 7.63644 0)
(0.163806 7.60371 0)
(0.188571 7.55876 0)
(0.202242 7.50037 0)
(0.198114 7.43637 0)
(0.178486 7.38229 0)
(0.151714 7.34314 0)
(0.123243 7.31584 0)
(0.0958785 7.29747 0)
(0.0711168 7.2856 0)
(0.0488678 7.27827 0)
(0.0312604 7.27419 0)
(0.0130784 7.24284 0)
(0.00415878 6.30963 0)
(0.00367703 6.51422 0)
(0.00673317 7.59367 0)
(0.0263208 7.63478 0)
(0.0391991 7.63429 0)
(0.059841 7.62812 0)
(0.0810825 7.61772 0)
(0.104379 7.60123 0)
(0.127631 7.57657 0)
(0.147826 7.54198 0)
(0.159566 7.49614 0)
(0.15693 7.44528 0)
(0.141497 7.40217 0)
(0.12018 7.37106 0)
(0.0975053 7.3495 0)
(0.0757598 7.33513 0)
(0.0561112 7.32595 0)
(0.038639 7.32034 0)
(0.0243064 7.31711 0)
(0.010698 7.28598 0)
(0.00280251 6.33641 0)
(0.00206562 6.49853 0)
(0.0069908 7.55942 0)
(0.0196802 7.59938 0)
(0.0310686 7.59899 0)
(0.046501 7.59426 0)
(0.0631128 7.58634 0)
(0.0813471 7.57375 0)
(0.0997182 7.55485 0)
(0.115959 7.52807 0)
(0.125752 7.4921 0)
(0.124055 7.45179 0)
(0.111937 7.41755 0)
(0.0950376 7.39289 0)
(0.0770532 7.37585 0)
(0.0598148 7.36454 0)
(0.0442341 7.35735 0)
(0.0304758 7.35299 0)
(0.018964 7.35034 0)
(0.00853316 7.31921 0)
(0.00200533 6.3566 0)
(0.00140729 6.4849 0)
(0.00615947 7.53346 0)
(0.0150107 7.5721 0)
(0.0243688 7.57186 0)
(0.0360946 7.56823 0)
(0.0491111 7.56212 0)
(0.0634124 7.55239 0)
(0.0779328 7.53774 0)
(0.0909339 7.51687 0)
(0.0989917 7.48861 0)
(0.0979099 7.45673 0)
(0.0884029 7.42959 0)
(0.0750312 7.41007 0)
(0.0607867 7.3966 0)
(0.0471381 7.38768 0)
(0.0348069 7.38203 0)
(0.023975 7.37862 0)
(0.0148215 7.37643 0)
(0.00673218 7.34519 0)
(0.00149012 6.37224 0)
(0.00108069 6.47333 0)
(0.00509815 7.51339 0)
(0.0115743 7.55078 0)
(0.0190434 7.55058 0)
(0.0280859 7.5478 0)
(0.0382777 7.5431 0)
(0.0494804 7.53558 0)
(0.0609343 7.52422 0)
(0.0712996 7.50794 0)
(0.0778668 7.48576 0)
(0.0771846 7.46058 0)
(0.069728 7.4391 0)
(0.0591641 7.42367 0)
(0.0479044 7.41304 0)
(0.0371226 7.40601 0)
(0.0273854 7.40158 0)
(0.0188563 7.39892 0)
(0.0116089 7.39709 0)
(0.00528791 7.36568 0)
(0.00112779 6.38451 0)
(0.000854938 6.46387 0)
(0.00408846 7.49789 0)
(0.00898863 7.53421 0)
(0.014883 7.53393 0)
(0.0219224 7.53179 0)
(0.0298944 7.52815 0)
(0.0386712 7.52233 0)
(0.0476943 7.51351 0)
(0.0559257 7.50082 0)
(0.061228 7.48341 0)
(0.0607964 7.46355 0)
(0.0549458 7.44659 0)
(0.0466127 7.43441 0)
(0.0377307 7.42603 0)
(0.0292281 7.4205 0)
(0.0215478 7.41702 0)
(0.0148285 7.41493 0)
(0.00910194 7.41338 0)
(0.0041461 7.38181 0)
(0.000862147 6.39407 0)
(0.000669812 6.45633 0)
(0.00323983 7.48574 0)
(0.00706639 7.5212 0)
(0.0116981 7.52093 0)
(0.0171765 7.51926 0)
(0.0234044 7.51644 0)
(0.0302796 7.51192 0)
(0.0373773 7.50506 0)
(0.0438895 7.49515 0)
(0.0481373 7.48149 0)
(0.0478646 7.46584 0)
(0.0432776 7.45247 0)
(0.036715 7.44287 0)
(0.0297166 7.43627 0)
(0.0230127 7.43192 0)
(0.0169539 7.42917 0)
(0.0116583 7.42753 0)
(0.00713908 7.4262 0)
(0.00324652 7.39446 0)
(0.000661122 6.4015 0)
(0.000534064 6.4504 0)
(0.00256388 7.47621 0)
(0.00556321 7.51102 0)
(0.00918553 7.51082 0)
(0.0134671 7.50951 0)
(0.0183498 7.5073 0)
(0.0237425 7.50378 0)
(0.0293205 7.49842 0)
(0.0344568 7.49066 0)
(0.0378412 7.47994 0)
(0.0376703 7.46762 0)
(0.0340749 7.45709 0)
(0.0289086 7.44953 0)
(0.0233919 7.44433 0)
(0.0181028 7.4409 0)
(0.0133248 7.43874 0)
(0.00915642 7.43745 0)
(0.00559898 7.43629 0)
(0.00254282 7.4044 0)
(0.000509839 6.4073 0)
(0.000435007 6.44564 0)
(0.00203367 7.46874 0)
(0.00436672 7.50304 0)
(0.00720291 7.50285 0)
(0.0105677 7.50182 0)
(0.0144002 7.5001 0)
(0.0186351 7.49735 0)
(0.0230209 7.49316 0)
(0.027071 7.48709 0)
(0.0297636 7.47869 0)
(0.0296611 7.46901 0)
(0.0268427 7.46071 0)
(0.0227733 7.45476 0)
(0.0184221 7.45066 0)
(0.0142513 7.44796 0)
(0.0104876 7.44626 0)
(0.00720715 7.44525 0)
(0.00440578 7.44423 0)
(0.00199962 7.41222 0)
(0.000396531 6.41184 0)
(0.000337328 6.44191 0)
(0.00159657 7.4629 0)
(0.00344359 7.4968 0)
(0.00568232 7.49664 0)
(0.00831963 7.49584 0)
(0.0113156 7.4945 0)
(0.0146299 7.49235 0)
(0.0180675 7.48908 0)
(0.0212534 7.48432 0)
(0.0233863 7.47772 0)
(0.0233186 7.4701 0)
(0.0211008 7.46357 0)
(0.0178952 7.45888 0)
(0.0144725 7.45566 0)
(0.0111971 7.45355 0)
(0.00824326 7.45222 0)
(0.00566624 7.45143 0)
(0.00346308 7.45052 0)
(0.00157296 7.4184 0)
(0.000310879 6.41541 0)
(0.000262524 6.4389 0)
(0.00126494 7.45812 0)
(0.00275124 7.49172 0)
(0.00452361 7.49167 0)
(0.00658734 7.49104 0)
(0.0089409 7.48999 0)
(0.0115493 7.48831 0)
(0.0142593 7.48575 0)
(0.0167784 7.48203 0)
(0.0184743 7.47687 0)
(0.0184366 7.47091 0)
(0.0166953 7.46579 0)
(0.0141684 7.46211 0)
(0.0114666 7.45958 0)
(0.00887859 7.45791 0)
(0.0065392 7.45687 0)
(0.0044933 7.45624 0)
(0.00274045 7.45541 0)
(0.00124063 7.42319 0)
(0.000241893 6.41817 0)
(0.000200427 6.4367 0)
(0.000990893 7.45452 0)
(0.00217822 7.4879 0)
(0.00356163 7.48799 0)
(0.0051563 7.4875 0)
(0.00698575 7.48667 0)
(0.0090154 7.48535 0)
(0.0111284 7.48334 0)
(0.013095 7.48042 0)
(0.0144164 7.47635 0)
(0.0143757 7.47164 0)
(0.0130026 7.4676 0)
(0.0110242 7.46472 0)
(0.00892043 7.46275 0)
(0.00690328 7.46145 0)
(0.00508095 7.46063 0)
(0.00348737 7.46014 0)
(0.00212307 7.45938 0)
(0.000959113 7.42709 0)
(0.000186211 6.42039 0)
(0.000168178 6.43468 0)
(0.000809109 7.45129 0)
(0.00176246 7.4845 0)
(0.002868 7.48472 0)
(0.00414647 7.48433 0)
(0.005619 7.48368 0)
(0.00725038 7.48264 0)
(0.00894942 7.48108 0)
(0.0105321 7.47881 0)
(0.0116081 7.47566 0)
(0.0116085 7.47202 0)
(0.0105397 7.46889 0)
(0.00897137 7.46662 0)
(0.00726982 7.46504 0)
(0.00563199 7.464 0)
(0.00414151 7.46334 0)
(0.00284354 7.46294 0)
(0.00173151 7.46223 0)
(0.000782005 7.42988 0)
(0.000149901 6.422 0)
(0.000128246 6.43345 0)
(0.000619048 7.44929 0)
(0.00134805 7.48237 0)
(0.00219739 7.48269 0)
(0.00318147 7.48239 0)
(0.00431514 7.48188 0)
(0.00557104 7.48108 0)
(0.00687878 7.47986 0)
(0.00809457 7.47807 0)
(0.00890496 7.47558 0)
(0.00885954 7.47266 0)
(0.00798617 7.47016 0)
(0.00673495 7.46839 0)
(0.00543178 7.46719 0)
(0.00417795 7.46641 0)
(0.00306935 7.46592 0)
(0.00210341 7.46563 0)
(0.00128121 7.46498 0)
(0.000573131 7.43258 0)
(0.000106256 6.42353 0)
(0.000108388 6.43187 0)
(0.000499973 7.44688 0)
(0.00108057 7.47985 0)
(0.00176406 7.48023 0)
(0.00256164 7.48 0)
(0.00347757 7.4796 0)
(0.00448881 7.47896 0)
(0.00553931 7.478 0)
(0.00651421 7.47661 0)
(0.00717439 7.4747 0)
(0.0071919 7.47251 0)
(0.00656462 7.47064 0)
(0.00563264 7.46927 0)
(0.00457687 7.4683 0)
(0.00358027 7.46766 0)
(0.00263785 7.46725 0)
(0.00182029 7.46701 0)
(0.0011196 7.46637 0)
(0.000519902 7.43394 0)
(0.000109254 6.42429 0)
(9.79398e-05 6.43128 0)
(0.000435648 7.44596 0)
(0.000914689 7.47888 0)
(0.00148925 7.4793 0)
(0.00215942 7.47912 0)
(0.00292475 7.47881 0)
(0.00376775 7.47832 0)
(0.00464405 7.47758 0)
(0.00547226 7.4765 0)
(0.00606087 7.47499 0)
(0.00607184 7.47323 0)
(0.00545588 7.4717 0)
(0.00458305 7.47061 0)
(0.00369893 7.46989 0)
(0.0028302 7.46944 0)
(0.00209253 7.46916 0)
(0.00143693 7.46899 0)
(0.000872361 7.4684 0)
(0.000392 7.43594 0)
(7.24796e-05 6.42551 0)
(3.2595e-05 6.42992 0)
(0.000234022 7.44397 0)
(0.000567265 7.47677 0)
(0.000964578 7.47723 0)
(0.0014215 7.4771 0)
(0.00194011 7.47688 0)
(0.00252546 7.47651 0)
(0.00317733 7.47596 0)
(0.00375076 7.47516 0)
(0.00415892 7.47405 0)
(0.00417708 7.47278 0)
(0.00382583 7.47169 0)
(0.00325591 7.47093 0)
(0.00264887 7.47044 0)
(0.00205313 7.47012 0)
(0.00151818 7.46993 0)
(0.00104713 7.46981 0)
(0.000644933 7.46922 0)
(0.000289552 7.43674 0)
(5.29576e-05 6.4259 0)
(3.72918e-05 6.43021 0)
(0.000205304 7.44391 0)
(0.000459173 7.47666 0)
(0.000751657 7.47713 0)
(0.0011148 7.47705 0)
(0.00154931 7.47688 0)
(0.00204627 7.47658 0)
(0.00253135 7.47614 0)
(0.00306793 7.47549 0)
(0.00343395 7.4746 0)
(0.003467 7.4736 0)
(0.00315979 7.47279 0)
(0.00270414 7.4722 0)
(0.00220427 7.47179 0)
(0.00172159 7.47151 0)
(0.00127149 7.47133 0)
(0.000892945 7.47122 0)
(0.00055264 7.47071 0)
(0.000244125 7.43823 0)
(4.25923e-05 6.42687 0)
(2.668e-05 6.43019 0)
(0.000189386 7.44374 0)
(0.000420114 7.47648 0)
(0.000670713 7.47697 0)
(0.000969099 7.47687 0)
(0.00131644 7.47672 0)
(0.00169184 7.47651 0)
(0.00206488 7.47615 0)
(0.00242545 7.47564 0)
(0.00271099 7.47494 0)
(0.00276385 7.47416 0)
(0.00254938 7.47351 0)
(0.00219779 7.47306 0)
(0.00179218 7.47276 0)
(0.0013977 7.47256 0)
(0.00102229 7.47244 0)
(0.000683741 7.47236 0)
(0.000409124 7.47175 0)
(0.000204864 7.43917 0)
(5.9765e-05 6.42762 0)
(2.07918e-05 6.4286 0)
(0.000135622 7.44194 0)
(0.000308629 7.47461 0)
(0.000515967 7.47506 0)
(0.00078553 7.47496 0)
(0.00110532 7.47482 0)
(0.00145116 7.47469 0)
(0.00178856 7.47444 0)
(0.00211009 7.47406 0)
(0.0023728 7.47356 0)
(0.00243563 7.47302 0)
(0.00226619 7.47258 0)
(0.00197712 7.47229 0)
(0.00163988 7.47211 0)
(0.00130675 7.47202 0)
(0.000991167 7.47198 0)
(0.00070248 7.47198 0)
(0.000457687 7.47145 0)
(0.000252998 7.43896 0)
(7.90642e-05 6.42729 0)
(-1.90141 4.66903 -1.23864e-21)
(1.69185 5.54202 9.00253e-18)
(0.591707 4.82738 -7.61804e-18)
(1.21898 4.46438 0)
(1.16673 4.02586 0)
(1.254 3.57693 -1.20146e-17)
(1.1436 3.21659 1.18394e-17)
(0.947389 2.85775 -1.26791e-17)
(0.961928 2.54052 1.98361e-19)
(-0.0170791 2.22329 1.33928e-17)
(-0.390404 4.93635 -1.73218e-21)
(0.936298 4.42578 1.10366e-18)
(0.24314 4.08776 0)
(0.664693 3.89822 0)
(0.603519 3.5758 3.68948e-19)
(0.629353 3.36971 2.40347e-17)
(0.58717 3.1277 -1.23325e-17)
(0.411208 2.98876 -1.98026e-19)
(0.523775 2.79108 2.05765e-19)
(-0.184516 2.49369 0)
(-0.357349 3.83326 9.88633e-18)
(0.658667 3.96079 -1.00018e-17)
(0.257622 3.68606 0)
(0.575877 3.50855 1.1352e-17)
(0.472827 3.28116 -8.65785e-21)
(0.438435 3.12102 -1.18278e-17)
(0.405003 2.98142 -1.26872e-17)
(0.157902 2.90292 -2.20603e-21)
(0.33857 2.82503 2.0971e-19)
(-0.22104 2.62357 0)
(-0.321384 3.46264 -4.83562e-18)
(0.469815 3.55148 0)
(0.0279284 3.41164 -5.80299e-18)
(0.331272 3.35371 -5.68806e-18)
(0.215209 3.21685 3.83827e-19)
(0.208518 3.1224 -6.53515e-18)
(0.242958 3.03427 6.31216e-18)
(0.0098878 2.98018 -1.985e-19)
(0.235475 2.95296 3.17305e-19)
(-0.213849 2.69949 6.65763e-18)
(-0.261777 3.15224 -5.5011e-18)
(0.365135 3.34759 0)
(-0.019437 3.23824 1.18304e-17)
(0.270815 3.18055 -6.37676e-18)
(0.135164 3.08432 -2.96357e-21)
(0.121509 3.04853 3.39189e-19)
(0.161887 2.99604 -1.39356e-20)
(-0.048404 2.99174 -6.45947e-18)
(0.174604 2.98894 2.14454e-19)
(-0.18614 2.73822 -1.37893e-17)
(-0.222449 2.99124 0)
(0.277888 3.18948 -5.81287e-18)
(-0.0709684 3.15354 -1.15401e-19)
(0.18211 3.12863 -3.89183e-19)
(0.0402199 3.07186 3.85741e-19)
(0.057289 3.06154 6.18237e-18)
(0.0987952 3.03012 6.63921e-18)
(-0.0655302 3.01205 1.27489e-17)
(0.133226 3.02735 7.10451e-18)
(-0.164452 2.75678 -4.09958e-21)
(-0.188076 2.89787 0)
(0.218455 3.09958 5.99407e-18)
(-0.089434 3.10808 -5.94785e-18)
(0.136147 3.07527 -3.92653e-19)
(0.00350863 3.05216 7.44511e-19)
(0.0354403 3.04286 9.2902e-22)
(0.0610732 3.03366 -4.10593e-19)
(-0.0609594 3.02353 -6.84859e-18)
(0.111848 3.04278 -6.95188e-18)
(-0.143883 2.76366 -9.61082e-21)
(-0.160285 2.84763 5.91798e-18)
(0.174632 3.05012 -2.83763e-19)
(-0.0977681 3.08853 1.90006e-19)
(0.101229 3.0556 0)
(-0.017264 3.05734 0)
(0.0204805 3.04418 0)
(0.040119 3.04725 0)
(-0.0529628 3.0325 6.88056e-18)
(0.0907929 3.05805 -6.99643e-18)
(-0.125051 2.76944 7.13263e-18)
(-0.134144 2.82049 1.30082e-19)
(0.138177 3.03704 5.99903e-18)
(-0.0882813 3.07539 0)
(0.0786304 3.04561 -3.95694e-19)
(-0.0206349 3.05661 3.71541e-19)
(0.0146198 3.04415 0)
(0.0320772 3.05186 -1.94571e-19)
(-0.0440542 3.03932 -6.68099e-18)
(0.0753649 3.06651 7.02092e-18)
(-0.105486 2.7693 0)
(-0.107572 2.80127 -6.30648e-20)
(0.112376 3.02572 -9.01555e-18)
(-0.0692562 3.06332 0)
(0.0632076 3.03604 0)
(-0.0143391 3.0499 3.72667e-19)
(0.0130063 3.04105 -3.05281e-18)
(0.0287675 3.05167 -3.69769e-19)
(-0.0340316 3.03918 3.47078e-18)
(0.0625036 3.06805 0)
(-0.0796625 2.7674 0)
(-0.0813989 2.77961 -8.44166e-18)
(0.0869139 3.00195 3.03217e-18)
(-0.0508723 3.04934 0)
(0.0560514 3.02728 0)
(-0.00792308 3.04557 0)
(0.0155292 3.03731 6.11067e-18)
(0.028055 3.05088 0)
(-0.0209883 3.04306 -3.62896e-18)
(0.0558035 3.07071 2.22762e-19)
(-0.0476074 2.78374 3.53606e-18)
(-0.060465 2.78622 2.94163e-18)
(0.0541858 3.01544 -2.6297e-19)
(-0.0353606 3.06328 3.03323e-18)
(0.0345026 3.04364 2.9252e-18)
(-0.00235511 3.06516 0)
(0.0123061 3.06034 -3.05665e-18)
(0.0252025 3.07993 0)
(-0.00916907 3.07491 0)
(0.0485164 3.10072 0)
(-0.0264475 2.84736 -3.25958e-18)
(-0.0518018 2.84183 -2.76117e-18)
(0.0339182 3.04368 2.71469e-18)
(-0.0358155 3.08425 -2.84405e-18)
(0.0193913 3.06803 -4.37926e-18)
(-0.00833069 3.084 0)
(0.00255356 3.0801 3.81226e-19)
(0.0166327 3.09475 -1.94886e-19)
(-0.0128356 3.08765 1.40484e-18)
(0.0424917 3.11368 1.74393e-18)
(-0.0222496 2.87936 -1.7937e-18)
(-0.0442882 2.84238 2.72611e-18)
(0.00400632 3.01699 -2.61596e-18)
(-0.0304257 3.03954 1.79172e-19)
(-0.01194 3.02652 1.09171e-18)
(-0.0153403 3.02971 -1.50483e-18)
(-0.0106861 3.02923 0)
(-0.00373499 3.0323 1.58325e-18)
(-0.00722648 3.03241 1.3447e-20)
(0.0230446 3.05059 -3.35024e-18)
(-0.000329321 2.87763 -1.49755e-20)
(-0.0329766 2.79945 -6.94268e-19)
(-0.0269203 2.94012 1.76266e-19)
(-0.0290072 2.9503 -8.41054e-19)
(-0.023248 2.94923 3.7047e-19)
(-0.0173992 2.95197 1.88825e-18)
(-0.0115466 2.95638 -7.784e-19)
(-0.00311732 2.96274 -7.88607e-19)
(0.00121626 2.97003 -7.47645e-19)
(0.0264026 2.98182 1.55211e-18)
(0.0144626 2.8475 8.51818e-19)
(-0.0225075 2.86145 5.99355e-19)
(-0.0296218 2.94465 2.648e-19)
(-0.0254055 2.95011 5.03235e-19)
(-0.0182597 2.95208 -1.11025e-18)
(-0.0116542 2.95487 3.80113e-19)
(-0.00489392 2.95864 7.78787e-19)
(0.00316843 2.96291 -7.99656e-19)
(0.00773143 2.96859 -7.57449e-19)
(0.0235836 2.97612 9.74024e-20)
(0.0159925 2.91985 7.58058e-19)
)
;

boundaryField
{
    wall-4
    {
        type            noSlip;
    }
    pressure-outlet-7
    {
        type            zeroGradient;
    }
    velocity-inlet-6
    {
        type            fixedValue;
        value           uniform (0 3 0);
    }
    velocity-inlet-5
    {
        type            parabolicVelocity;
        maxValue        10;
        n               (1 0 0);
        y               (0 1 0);
        value           nonuniform List<vector> 
20
(
(0.381518 0 0)
(1.19474 0 0)
(2.1232 0 0)
(3.16908 0 0)
(4.32585 0 0)
(5.57242 0 0)
(6.86447 0 0)
(8.12141 0 0)
(9.20707 0 0)
(9.90123 0 0)
(9.90123 0 0)
(9.20707 0 0)
(8.12141 0 0)
(6.86447 0 0)
(5.57242 0 0)
(4.32585 0 0)
(3.16908 0 0)
(2.1232 0 0)
(1.19474 0 0)
(0.381518 0 0)
)
;
    }
    frontAndBackPlanes
    {
        type            empty;
    }
}


// ************************************************************************* //
