/*--------------------------------*- C++ -*----------------------------------*\
| =========                 |                                                 |
| \\      /  F ield         | OpenFOAM: The Open Source CFD Toolbox           |
|  \\    /   O peration     | Version:  2412                                  |
|   \\  /    A nd           | Website:  www.openfoam.com                      |
|    \\/     M anipulation  |                                                 |
\*---------------------------------------------------------------------------*/
FoamFile
{
    version     2.0;
    format      ascii;
    arch        "LSB;label=32;scalar=64";
    class       volVectorField;
    location    "5.75";
    object      U;
}
// * * * * * * * * * * * * * * * * * * * * * * * * * * * * * * * * * * * * * //

dimensions      [0 1 -1 0 0 0 0];

internalField   nonuniform List<vector> 
2200
(
(0.376483 -0.000389052 0)
(1.19327 -0.000104215 0)
(2.12271 0.0010107 0)
(3.16872 0.00134314 0)
(4.3258 0.00213631 0)
(5.57132 0.00302626 0)
(6.86373 0.00369648 0)
(8.12074 0.0038984 0)
(9.20658 0.00464188 0)
(9.90091 0.004592 0)
(9.90112 0.00396216 0)
(9.20684 0.00355899 0)
(8.12163 0.00329755 0)
(6.86385 0.0029169 0)
(5.5716 0.00251239 0)
(4.32501 0.00220681 0)
(3.16816 0.00172238 0)
(2.12223 0.00158048 0)
(1.19221 0.00159313 0)
(0.374093 0.00130852 0)
(0.37879 0.00135789 0)
(1.19403 0.000993157 0)
(2.12436 0.00263837 0)
(3.17006 0.00426786 0)
(4.32666 0.00627425 0)
(5.57457 0.00882119 0)
(6.86565 0.010452 0)
(8.12217 0.0125874 0)
(9.20751 0.0133245 0)
(9.90024 0.0136731 0)
(9.89961 0.0132832 0)
(9.20526 0.0120078 0)
(8.11846 0.0102928 0)
(6.86214 0.0085682 0)
(5.57015 0.00680164 0)
(4.32299 0.00539004 0)
(3.16533 0.00404428 0)
(2.11743 0.00264599 0)
(1.18531 0.002704 0)
(0.370427 -0.000802408 0)
(0.385321 0.00352488 0)
(1.19681 0.00284886 0)
(2.12849 0.00551356 0)
(3.1747 0.00856911 0)
(4.33077 0.0124081 0)
(5.57664 0.0144622 0)
(6.86678 0.0180966 0)
(8.12228 0.0201686 0)
(9.20813 0.0223354 0)
(9.89856 0.022517 0)
(9.89798 0.0206222 0)
(9.20241 0.018128 0)
(8.11638 0.0152832 0)
(6.85762 0.0129855 0)
(5.56432 0.0104363 0)
(4.31733 0.00764291 0)
(3.15982 0.00519612 0)
(2.11151 0.00262383 0)
(1.17825 0.0012315 0)
(0.370242 -0.00281776 0)
(0.400749 0.00541816 0)
(1.20356 0.00582086 0)
(2.13656 0.0112913 0)
(3.18233 0.0140279 0)
(4.33754 0.0180584 0)
(5.58077 0.0230333 0)
(6.87092 0.0259009 0)
(8.1258 0.0287597 0)
(9.20991 0.0312723 0)
(9.89675 0.0313424 0)
(9.89487 0.0285457 0)
(9.19782 0.0252999 0)
(8.109 0.0216802 0)
(6.85123 0.0165294 0)
(5.55902 0.0115633 0)
(4.31219 0.0081182 0)
(3.15414 0.00561577 0)
(2.1053 0.00206113 0)
(1.17064 0.000712889 0)
(0.374861 -0.00348596 0)
(0.428153 0.00541996 0)
(1.21715 0.0097574 0)
(2.15136 0.0156625 0)
(3.19773 0.0216147 0)
(4.34927 0.027076 0)
(5.58992 0.0311013 0)
(6.87667 0.0338013 0)
(8.1264 0.0367916 0)
(9.21072 0.0395409 0)
(9.89403 0.0394062 0)
(9.89151 0.0362089 0)
(9.192 0.0311399 0)
(8.1042 0.0245072 0)
(6.84623 0.0184008 0)
(5.55332 0.0117889 0)
(4.30654 0.00586345 0)
(3.1496 0.00254714 0)
(2.10165 0.00134178 0)
(1.16396 -0.00163666 0)
(0.383523 -0.00273297 0)
(0.458268 0.00264316 0)
(1.23481 0.014706 0)
(2.17604 0.0185457 0)
(3.21878 0.0300342 0)
(4.36747 0.0393163 0)
(5.60542 0.0411348 0)
(6.88732 0.0447122 0)
(8.13492 0.048398 0)
(9.2155 0.0501899 0)
(9.89071 0.0485637 0)
(9.88608 0.0430966 0)
(9.18618 0.0362864 0)
(8.09606 0.0284913 0)
(6.83778 0.0190769 0)
(5.54708 0.0107812 0)
(4.30167 0.0036875 0)
(3.14565 -0.000718633 0)
(2.09944 -0.00111683 0)
(1.16209 -0.00672736 0)
(0.397567 -0.000251307 0)
(0.490772 0.000163907 0)
(1.27252 0.020422 0)
(2.20385 0.0216387 0)
(3.23792 0.0361026 0)
(4.38383 0.0430896 0)
(5.61938 0.0507861 0)
(6.89709 0.0560272 0)
(8.14029 0.0570951 0)
(9.22074 0.0590886 0)
(9.89001 0.0575126 0)
(9.88388 0.0506653 0)
(9.18025 0.0418206 0)
(8.08941 0.0307708 0)
(6.83017 0.0192368 0)
(5.53836 0.00933631 0)
(4.29192 0.00423186 0)
(3.13657 -0.00167496 0)
(2.09419 -0.00349084 0)
(1.16707 -0.00995263 0)
(0.407676 0.00264089 0)
(0.527631 0.00107164 0)
(1.32406 0.0254045 0)
(2.22142 0.0287693 0)
(3.24886 0.0387143 0)
(4.40274 0.0465341 0)
(5.63675 0.0583369 0)
(6.91208 0.0655677 0)
(8.15217 0.0694105 0)
(9.22685 0.0714405 0)
(9.88568 0.0676374 0)
(9.87714 0.0581351 0)
(9.17118 0.0466137 0)
(8.07971 0.034154 0)
(6.82058 0.0204335 0)
(5.52812 0.00970763 0)
(4.28159 0.00536461 0)
(3.12372 -0.00415946 0)
(2.08391 -0.00801487 0)
(1.18936 -0.0139898 0)
(0.420137 0.00245017 0)
(0.576354 0.00362648 0)
(1.38797 0.0282962 0)
(2.23178 0.0359698 0)
(3.2694 0.0424187 0)
(4.41718 0.0483023 0)
(5.64762 0.0650996 0)
(6.92391 0.0734248 0)
(8.16122 0.0787472 0)
(9.23556 0.0831272 0)
(9.8848 0.0785626 0)
(9.87303 0.0664563 0)
(9.16464 0.0528868 0)
(8.06979 0.037885 0)
(6.80673 0.0245595 0)
(5.50942 0.0148753 0)
(4.26136 0.00600123 0)
(3.10329 -0.00279722 0)
(2.05765 -0.0116139 0)
(1.22076 -0.0163646 0)
(0.441253 0.00011075 0)
(0.629685 0.00603564 0)
(1.45104 0.0280985 0)
(2.24403 0.0455288 0)
(3.28982 0.0434593 0)
(4.43333 0.0567561 0)
(5.66082 0.0687824 0)
(6.93366 0.0783222 0)
(8.16737 0.0895098 0)
(9.24058 0.0957378 0)
(9.87975 0.0903443 0)
(9.86461 0.0757312 0)
(9.14901 0.0593017 0)
(8.05067 0.044375 0)
(6.78434 0.0326256 0)
(5.48457 0.0195854 0)
(4.23878 0.00833784 0)
(3.08586 -0.00041058 0)
(2.02415 -0.0121947 0)
(1.25456 -0.0137934 0)
(0.465997 -0.00148448 0)
(0.695259 0.00692346 0)
(1.53613 0.027736 0)
(2.26524 0.0502765 0)
(3.32499 0.0487902 0)
(4.44935 0.0669897 0)
(5.67235 0.0760874 0)
(6.94118 0.0871309 0)
(8.16941 0.0990744 0)
(9.24133 0.10692 0)
(9.86985 0.102941 0)
(9.85112 0.0879553 0)
(9.13232 0.0700696 0)
(8.02694 0.0526627 0)
(6.76009 0.0384327 0)
(5.46456 0.023941 0)
(4.21588 0.0042038 0)
(3.06669 0.0023719 0)
(1.99738 -0.0154637 0)
(1.28395 -0.00979032 0)
(0.486998 -0.00252062 0)
(0.745037 0.00880889 0)
(1.59627 0.0257709 0)
(2.29046 0.0567293 0)
(3.36281 0.0557259 0)
(4.47841 0.0808175 0)
(5.69681 0.0874435 0)
(6.95199 0.0981585 0)
(8.17251 0.111535 0)
(9.24061 0.120106 0)
(9.85524 0.116051 0)
(9.83177 0.100016 0)
(9.10372 0.081066 0)
(7.99657 0.0600992 0)
(6.7272 0.0424846 0)
(5.43665 0.0237015 0)
(4.19052 0.0014334 0)
(3.05168 0.00317959 0)
(1.97885 -0.0211283 0)
(1.31695 -0.00761064 0)
(0.507628 -0.00346066 0)
(0.826268 0.00968908 0)
(1.70356 0.0299831 0)
(2.34586 0.0661765 0)
(3.40749 0.0678254 0)
(4.51262 0.0952651 0)
(5.72277 0.104988 0)
(6.96551 0.120669 0)
(8.17623 0.129265 0)
(9.23558 0.136083 0)
(9.83264 0.132878 0)
(9.80463 0.115148 0)
(9.07375 0.0931841 0)
(7.96562 0.0668031 0)
(6.70059 0.0383467 0)
(5.41857 0.0172315 0)
(4.17625 -0.00384095 0)
(3.02842 0.000232118 0)
(1.96801 -0.0294635 0)
(1.34537 -0.00776097 0)
(0.525403 -0.00435071 0)
(0.880308 0.0133546 0)
(1.77133 0.0321869 0)
(2.39601 0.0810354 0)
(3.44282 0.084052 0)
(4.57491 0.123137 0)
(5.76907 0.137647 0)
(6.99708 0.151036 0)
(8.19109 0.156024 0)
(9.23407 0.16124 0)
(9.80935 0.152822 0)
(9.77248 0.129787 0)
(9.0355 0.100404 0)
(7.92976 0.0656468 0)
(6.67187 0.0280606 0)
(5.38756 0.00802725 0)
(4.16082 -0.0117653 0)
(2.99848 -0.0153919 0)
(1.97123 -0.0405918 0)
(1.39097 -0.0122036 0)
(0.555502 -0.00544616 0)
(1.00649 0.0152095 0)
(1.9186 0.0456748 0)
(2.49728 0.103945 0)
(3.48982 0.110826 0)
(4.6204 0.144499 0)
(5.79745 0.165544 0)
(7.01917 0.184543 0)
(8.20461 0.192505 0)
(9.2345 0.193671 0)
(9.78451 0.17997 0)
(9.74213 0.146929 0)
(9.00196 0.107709 0)
(7.89816 0.0634099 0)
(6.63969 0.0215535 0)
(5.35497 -0.00468198 0)
(4.14024 -0.0247143 0)
(2.95901 -0.0332973 0)
(1.98949 -0.0494293 0)
(1.43929 -0.0147427 0)
(0.588505 -0.0066413 0)
(1.08971 0.0162888 0)
(2.02639 0.0436507 0)
(2.59248 0.110415 0)
(3.54589 0.135792 0)
(4.6865 0.168638 0)
(5.83829 0.201845 0)
(7.05293 0.217915 0)
(8.22519 0.227878 0)
(9.24248 0.231671 0)
(9.76712 0.210472 0)
(9.71433 0.165856 0)
(8.96211 0.113562 0)
(7.85032 0.061781 0)
(6.59075 0.0207317 0)
(5.30622 -0.00946438 0)
(4.11044 -0.0280291 0)
(2.93311 -0.0500109 0)
(2.03171 -0.0579709 0)
(1.51432 -0.0188289 0)
(0.641938 -0.0068876 0)
(1.25669 0.0213386 0)
(2.21091 0.0601042 0)
(2.73053 0.129761 0)
(3.62751 0.161665 0)
(4.75111 0.191674 0)
(5.8778 0.224427 0)
(7.08395 0.246962 0)
(8.24413 0.267476 0)
(9.24656 0.270897 0)
(9.7433 0.245727 0)
(9.68277 0.19205 0)
(8.92159 0.131911 0)
(7.80487 0.0717027 0)
(6.54286 0.0300474 0)
(5.26239 -0.0104377 0)
(4.07387 -0.0341969 0)
(2.90713 -0.055787 0)
(2.07029 -0.0549817 0)
(1.57993 -0.0165371 0)
(0.681888 -0.00600662 0)
(1.38199 0.017731 0)
(2.36378 0.0556075 0)
(2.87462 0.132603 0)
(3.71912 0.182042 0)
(4.83283 0.218554 0)
(5.94104 0.252171 0)
(7.12482 0.281352 0)
(8.26831 0.30897 0)
(9.25337 0.313397 0)
(9.71911 0.286143 0)
(9.6455 0.222252 0)
(8.86721 0.15271 0)
(7.73503 0.0861924 0)
(6.47041 0.0393398 0)
(5.20847 -0.00622307 0)
(4.02642 -0.0387268 0)
(2.88984 -0.0626885 0)
(2.12275 -0.0609382 0)
(1.66589 -0.0199486 0)
(0.737713 -0.00491516 0)
(1.55491 0.0269297 0)
(2.56958 0.0705104 0)
(3.03752 0.154534 0)
(3.8299 0.203808 0)
(4.91068 0.255719 0)
(6.00553 0.291351 0)
(7.15878 0.319478 0)
(8.28676 0.350554 0)
(9.24414 0.358132 0)
(9.6749 0.330843 0)
(9.58566 0.261837 0)
(8.79175 0.188267 0)
(7.65874 0.114364 0)
(6.40416 0.0478701 0)
(5.15594 -0.00801173 0)
(3.96459 -0.0453938 0)
(2.87446 -0.0662621 0)
(2.18047 -0.0606599 0)
(1.74513 -0.016503 0)
(0.777627 -0.00367135 0)
(1.75696 0.0229188 0)
(2.77943 0.0754912 0)
(3.23678 0.165565 0)
(3.96952 0.234978 0)
(5.01902 0.296068 0)
(6.10235 0.342931 0)
(7.21127 0.382725 0)
(8.31264 0.409076 0)
(9.22094 0.413629 0)
(9.60359 0.389182 0)
(9.49683 0.309556 0)
(8.68602 0.225752 0)
(7.55167 0.132267 0)
(6.30147 0.0399591 0)
(5.08331 -0.00833654 0)
(3.89761 -0.0578678 0)
(2.86968 -0.0720074 0)
(2.24457 -0.0606166 0)
(1.8378 -0.0188534 0)
(0.822869 0.00076273 0)
(1.93335 0.0334008 0)
(3.01916 0.0831234 0)
(3.44064 0.19305 0)
(4.12869 0.261235 0)
(5.12559 0.341084 0)
(6.19307 0.401352 0)
(7.26339 0.45947 0)
(8.33709 0.488253 0)
(9.19151 0.494426 0)
(9.52137 0.456686 0)
(9.39186 0.361283 0)
(8.57286 0.256313 0)
(7.44848 0.148525 0)
(6.21666 0.0453478 0)
(5.02461 -0.0137501 0)
(3.84124 -0.0708639 0)
(2.88278 -0.0782406 0)
(2.3246 -0.0660403 0)
(1.92823 -0.01093 0)
(0.849979 0.00399462 0)
(2.23542 0.0297158 0)
(3.29491 0.101681 0)
(3.70664 0.207747 0)
(4.33655 0.3061 0)
(5.28924 0.401786 0)
(6.32682 0.470537 0)
(7.34537 0.547823 0)
(8.40558 0.587194 0)
(9.18301 0.59601 0)
(9.45684 0.547062 0)
(9.30769 0.417123 0)
(8.47289 0.286025 0)
(7.33139 0.161785 0)
(6.09058 0.046926 0)
(4.92043 -0.00592233 0)
(3.77538 -0.0749713 0)
(2.8931 -0.0731468 0)
(2.41308 -0.0538275 0)
(2.04066 -0.012187 0)
(0.849096 0.0161119 0)
(2.43627 0.0423746 0)
(3.59969 0.101438 0)
(3.9726 0.241994 0)
(4.56098 0.343024 0)
(5.45881 0.460031 0)
(6.46244 0.545023 0)
(7.44232 0.638972 0)
(8.45931 0.69293 0)
(9.1728 0.702651 0)
(9.40394 0.642306 0)
(9.22598 0.485559 0)
(8.36215 0.337729 0)
(7.20387 0.203858 0)
(5.9947 0.0875824 0)
(4.84251 -0.00161357 0)
(3.72641 -0.0720745 0)
(2.93294 -0.0732548 0)
(2.49783 -0.0466079 0)
(2.14711 0.0105176 0)
(0.822969 0.0162081 0)
(2.84159 0.0444293 0)
(3.93912 0.136925 0)
(4.3108 0.266591 0)
(4.83975 0.401449 0)
(5.67845 0.544273 0)
(6.63051 0.647317 0)
(7.55278 0.752474 0)
(8.52964 0.816437 0)
(9.13754 0.823618 0)
(9.31039 0.750547 0)
(9.09898 0.573621 0)
(8.20419 0.412732 0)
(7.0336 0.254138 0)
(5.82807 0.108069 0)
(4.68577 0.010907 0)
(3.66561 -0.0606358 0)
(2.96389 -0.0482436 0)
(2.63528 -0.0253906 0)
(2.2074 0.0162344 0)
(0.760296 0.0306261 0)
(3.12606 0.0677344 0)
(4.34049 0.149677 0)
(4.65849 0.338655 0)
(5.14561 0.486457 0)
(5.91852 0.662394 0)
(6.81093 0.785334 0)
(7.67097 0.902024 0)
(8.58094 0.973573 0)
(9.0648 0.965258 0)
(9.17008 0.885197 0)
(8.92859 0.666334 0)
(8.01837 0.486559 0)
(6.85634 0.295693 0)
(5.69631 0.141427 0)
(4.59167 0.0133616 0)
(3.63871 -0.0474539 0)
(3.04637 -0.0538517 0)
(2.73244 -0.0148814 0)
(2.34769 0.0241669 0)
(0.66366 0.051786 0)
(3.75893 0.0995783 0)
(4.77551 0.241759 0)
(5.0708 0.432104 0)
(5.49252 0.636396 0)
(6.20293 0.834203 -4.97962e-33)
(7.01679 0.981903 1.55667e-33)
(7.8405 1.11397 0)
(8.62476 1.18095 0)
(8.97738 1.15285 0)
(9.03612 1.03051 0)
(8.74268 0.769029 0)
(7.80992 0.551729 0)
(6.65533 0.338228 0)
(5.48342 0.15416 0)
(4.39952 0.0214547 0)
(3.57982 -0.0267712 0)
(3.06109 -0.00677946 0)
(2.83334 0.0241439 0)
(2.38948 0.0759528 0)
(0.402916 0.0476483 0)
(4.39741 0.245804 -6.92399e-19)
(5.2605 0.36217 5.85503e-19)
(5.47911 0.649464 0)
(5.85231 0.858248 -2.93292e-19)
(6.49478 1.06797 2.36839e-19)
(7.23825 1.23411 -1.65085e-33)
(8.00894 1.36929 0)
(8.63461 1.41931 4.43237e-20)
(8.87658 1.36929 -2.6714e-19)
(8.87798 1.20119 7.29091e-20)
(8.50909 0.896292 0)
(7.55408 0.637075 -4.00222e-19)
(6.40859 0.392951 -4.83184e-19)
(5.26418 0.183001 8.34387e-19)
(4.28566 0.0673443 -6.80748e-19)
(3.61221 0.0112902 0)
(3.22097 0.0463511 -2.65292e-19)
(2.98415 0.0783625 0)
(2.37059 0.0837298 -1.35504e-18)
(0.194601 0.0348051 1.64129e-18)
(4.80116 0.473139 2.24235e-20)
(5.65222 0.636275 -2.77051e-18)
(5.82063 0.927741 4.68436e-19)
(6.14256 1.12402 1.37713e-18)
(6.71248 1.34517 5.02704e-19)
(7.38642 1.51379 -7.72449e-19)
(8.10239 1.652 0)
(8.5774 1.6773 0)
(8.72905 1.6211 4.99706e-19)
(8.67153 1.42089 0)
(8.22951 1.08086 1.44132e-18)
(7.28354 0.780384 4.37413e-19)
(6.15023 0.486026 -3.84125e-20)
(5.0447 0.232773 -1.06605e-18)
(4.19585 0.143093 0)
(3.64984 0.0973395 0)
(3.35312 0.133268 -4.66445e-18)
(3.20872 0.190505 1.17586e-17)
(2.58537 0.179266 -6.96625e-18)
(0.292153 0.0382212 -8.2452e-18)
(5.1071 0.750657 2.79556e-18)
(6.00137 1.02973 -1.05937e-18)
(6.12199 1.25726 -3.52492e-19)
(6.37235 1.43061 -2.52435e-18)
(6.87944 1.64038 3.54643e-19)
(7.48111 1.82102 2.06936e-18)
(8.11296 1.94868 -5.13182e-19)
(8.46216 1.95589 0)
(8.55352 1.88269 -1.22933e-18)
(8.43192 1.66453 2.00137e-18)
(7.93749 1.289 -4.04848e-18)
(7.01344 0.951692 2.06146e-18)
(5.90889 0.599215 -1.57925e-18)
(4.96092 0.38054 3.37766e-18)
(4.28759 0.279954 0)
(3.8545 0.308556 -1.30493e-18)
(3.64292 0.376167 0)
(3.41529 0.404146 7.16945e-18)
(2.64248 0.298881 -1.69478e-17)
(0.436847 0.085751 1.06669e-17)
(5.32834 1.03543 -1.17435e-17)
(6.2604 1.435 6.24393e-18)
(6.35358 1.62414 1.03332e-18)
(6.5664 1.76313 0)
(6.99629 1.96618 1.57949e-18)
(7.53375 2.14806 -1.81078e-18)
(8.07731 2.25911 4.15777e-19)
(8.32601 2.25436 0)
(8.36009 2.158 9.16735e-19)
(8.18443 1.9221 -1.35615e-18)
(7.65664 1.51127 4.00106e-18)
(6.76285 1.13635 0)
(5.72923 0.760092 -3.43148e-18)
(4.88354 0.556125 1.85746e-18)
(4.26722 0.458881 4.97684e-18)
(3.94338 0.465957 -4.41216e-18)
(3.75952 0.524336 7.1175e-18)
(3.57185 0.576202 -1.57387e-17)
(2.89905 0.465458 9.97345e-18)
(0.723522 0.171906 -1.25431e-17)
(5.48978 1.3117 6.6692e-18)
(6.46568 1.84749 -6.75049e-18)
(6.55811 1.98389 3.29135e-18)
(6.70655 2.10293 -4.86537e-18)
(7.06757 2.30135 3.57598e-18)
(7.54559 2.47697 -7.02938e-19)
(7.9997 2.5787 4.22651e-20)
(8.17111 2.56366 -2.73458e-19)
(8.15993 2.44326 -1.16675e-18)
(7.93855 2.18779 -3.40231e-18)
(7.3851 1.74772 -8.84007e-18)
(6.51174 1.33948 -3.11118e-18)
(5.55329 0.960844 1.50586e-20)
(4.85482 0.784453 -7.07807e-18)
(4.42905 0.751458 -1.73697e-19)
(4.14363 0.787843 6.69506e-18)
(3.96865 0.828734 -2.09022e-18)
(3.73506 0.861418 -1.17127e-18)
(2.97374 0.636958 0)
(0.860371 0.250202 2.81563e-17)
(5.5965 1.58118 0)
(6.63006 2.24048 1.92262e-18)
(6.68966 2.34204 0)
(6.79715 2.46145 -3.19545e-19)
(7.11176 2.63679 -4.07158e-18)
(7.52166 2.80598 1.37806e-18)
(7.89432 2.89673 -5.2052e-19)
(8.00454 2.87662 7.39286e-19)
(7.96116 2.73052 -8.9068e-19)
(7.69849 2.45521 1.21261e-18)
(7.12733 1.99103 4.87812e-18)
(6.29326 1.55354 6.93005e-18)
(5.44501 1.19298 -4.36811e-18)
(4.83746 1.03679 7.83865e-18)
(4.41394 0.992511 -6.27138e-18)
(4.17585 0.978055 0)
(4.04175 0.993761 -1.62464e-17)
(3.84033 1.01914 2.17531e-17)
(3.15813 0.81719 1.6668e-18)
(1.11453 0.368932 -3.08078e-17)
(5.65431 1.83673 -3.60362e-19)
(6.71439 2.60498 -5.13114e-18)
(6.80014 2.68144 -1.57843e-17)
(6.87289 2.78678 9.22626e-18)
(7.1225 2.96442 -2.52735e-18)
(7.46683 3.13056 1.57595e-18)
(7.75969 3.20898 -1.22484e-18)
(7.83062 3.18009 1.92757e-19)
(7.75987 3.01165 -2.8992e-18)
(7.46188 2.71688 -1.37924e-19)
(6.88024 2.23512 -5.62536e-18)
(6.08831 1.78214 -7.66893e-18)
(5.33015 1.4519 4.93192e-18)
(4.8314 1.31486 -2.87305e-18)
(4.54465 1.29134 6.95709e-18)
(4.34151 1.30885 0)
(4.19038 1.31697 -1.02821e-17)
(3.95653 1.32609 1.52236e-17)
(3.25812 1.02121 2.92991e-17)
(1.23422 0.477717 -3.43707e-17)
(5.68106 2.06249 -1.77468e-17)
(6.78547 2.97509 1.24427e-17)
(6.87655 2.9965 1.01227e-17)
(6.9113 3.1181 -9.904e-18)
(7.10765 3.28851 3.56366e-19)
(7.39201 3.45196 3.65953e-18)
(7.61117 3.51313 2.74654e-19)
(7.66152 3.46875 -5.74273e-19)
(7.56221 3.28339 -2.23182e-18)
(7.23499 2.96919 3.46611e-18)
(6.64692 2.47476 5.23427e-18)
(5.90819 2.01644 1.20381e-17)
(5.25127 1.70719 0)
(4.81543 1.56849 2.11518e-19)
(4.50402 1.52467 -1.94571e-17)
(4.30427 1.50637 4.50127e-18)
(4.17278 1.48538 2.24695e-17)
(3.95556 1.5025 -6.5281e-18)
(3.27915 1.21443 1.42609e-17)
(1.28979 0.554418 -1.11661e-18)
(5.68186 2.2912 5.24436e-19)
(6.82209 3.28468 1.12161e-17)
(6.92516 3.27131 7.38651e-18)
(6.92285 3.41173 -1.67504e-17)
(7.06937 3.59435 1.14162e-17)
(7.29386 3.75654 -4.03604e-18)
(7.45795 3.80209 -3.15089e-19)
(7.49299 3.74174 9.82591e-19)
(7.36822 3.54306 3.37542e-18)
(7.01783 3.21014 -4.9929e-18)
(6.43085 2.70831 0)
(5.74816 2.25528 -4.75019e-18)
(5.16786 1.97383 5.4473e-18)
(4.79731 1.84872 7.14603e-18)
(4.57318 1.80304 -4.12499e-18)
(4.41219 1.79769 -1.02244e-17)
(4.27074 1.76633 -3.10393e-18)
(4.03962 1.75143 -7.44283e-20)
(3.32814 1.37544 0)
(1.30146 0.629756 0)
(5.68192 2.46434 -9.99234e-18)
(6.84087 3.62574 0)
(6.96003 3.54997 8.1706e-18)
(6.91136 3.70282 -3.6503e-18)
(7.00971 3.8828 -1.14082e-17)
(7.18134 4.03683 3.22251e-18)
(7.31019 4.06876 -3.69613e-19)
(7.32825 3.99791 -3.7524e-19)
(7.18189 3.78907 2.31802e-18)
(6.81458 3.4395 -2.24501e-18)
(6.23388 2.93382 3.02528e-18)
(5.60095 2.49134 1.48311e-17)
(5.0836 2.22255 4.87803e-19)
(4.74361 2.08244 -7.36586e-18)
(4.48216 2.00768 1.40233e-17)
(4.30901 1.98966 1.52845e-19)
(4.17447 1.91684 3.32511e-18)
(3.9643 1.91965 -1.62777e-17)
(3.28992 1.52173 1.67048e-17)
(1.27672 0.669185 -1.86038e-17)
(5.62239 2.68149 -4.07168e-21)
(6.84265 3.8917 0)
(6.96598 3.80532 0)
(6.87712 3.96724 3.37507e-18)
(6.93193 4.15253 4.29022e-18)
(7.06647 4.28703 -2.39252e-18)
(7.16592 4.31166 1.84487e-18)
(7.16331 4.23455 0)
(7.00032 4.01796 -3.84061e-18)
(6.62133 3.65552 7.45304e-18)
(6.05366 3.15115 9.32098e-18)
(5.46214 2.72352 -5.59863e-18)
(4.99379 2.46761 -6.8743e-18)
(4.68962 2.33864 1.61903e-17)
(4.48541 2.2476 -4.96948e-18)
(4.34323 2.23055 -6.00842e-18)
(4.21222 2.12693 -3.67641e-18)
(3.98542 2.10591 -1.77059e-17)
(3.27017 1.64942 2.43022e-18)
(1.23606 0.708189 2.00916e-17)
(5.61156 2.85902 -4.43535e-18)
(6.83457 4.20152 -6.78211e-18)
(6.95732 4.06138 6.7594e-19)
(6.81649 4.23535 2.69509e-20)
(6.84729 4.39981 1.36367e-18)
(6.95484 4.513 -5.77138e-18)
(7.02617 4.53253 0)
(7.00279 4.45112 6.61985e-19)
(6.82531 4.22868 -5.20807e-19)
(6.4395 3.85752 1.20783e-17)
(5.88769 3.35921 -2.35903e-18)
(5.32477 2.94673 2.5563e-18)
(4.88772 2.69133 0)
(4.5865 2.54364 -8.81496e-18)
(4.36343 2.41917 1.09008e-17)
(4.19302 2.38717 0)
(4.08937 2.27713 -8.07394e-18)
(3.86518 2.22329 2.35801e-17)
(3.20101 1.75799 2.86592e-18)
(1.16858 0.730683 -2.48849e-17)
(5.52224 3.02202 -9.82491e-18)
(6.80689 4.42208 1.21997e-17)
(6.92255 4.29723 0)
(6.75062 4.46984 7.79309e-18)
(6.76797 4.62067 0)
(6.84551 4.71448 5.5218e-18)
(6.89025 4.73238 0)
(6.84531 4.64743 0)
(6.65466 4.42045 -1.50979e-18)
(6.2659 4.04403 -1.17574e-17)
(5.72826 3.55549 -1.72723e-17)
(5.18862 3.16116 3.17202e-18)
(4.77849 2.90891 1.16975e-17)
(4.4996 2.75788 9.82809e-18)
(4.32671 2.63166 -3.48825e-17)
(4.18228 2.56957 -1.44413e-17)
(4.07396 2.43787 8.38634e-18)
(3.82869 2.3758 0)
(3.12151 1.83167 2.47028e-17)
(1.08592 0.741542 -2.69373e-17)
(5.48217 3.19824 1.06668e-17)
(6.76977 4.69444 -1.31888e-17)
(6.86051 4.54119 0)
(6.68387 4.70452 -3.73435e-19)
(6.68902 4.82468 -3.04977e-18)
(6.74058 4.90045 0)
(6.76037 4.91374 -2.95932e-19)
(6.69395 4.82493 9.56827e-19)
(6.49133 4.59439 -2.1618e-18)
(6.10244 4.2164 1.24513e-18)
(5.57532 3.73855 0)
(5.0551 3.36085 1.26612e-17)
(4.66426 3.10765 5.26755e-21)
(4.38664 2.93463 5.29511e-18)
(4.18649 2.77961 6.42478e-18)
(4.01492 2.7043 0)
(3.91817 2.56035 -1.41965e-17)
(3.68958 2.45383 2.78319e-17)
(3.01818 1.90551 -2.9898e-17)
(0.983494 0.73042 5.84898e-17)
(5.39505 3.328 0)
(6.70357 4.8978 0)
(6.82594 4.75122 -6.67879e-18)
(6.62607 4.91116 0)
(6.61657 5.014 0)
(6.64151 5.07181 6.62989e-18)
(6.63614 5.07957 -3.30564e-19)
(6.54821 4.98537 6.38077e-19)
(6.33565 4.75181 -2.95808e-19)
(5.94749 4.37493 0)
(5.43001 3.90978 -2.72964e-18)
(4.92735 3.54887 -1.04649e-17)
(4.55297 3.29778 -1.29771e-17)
(4.28854 3.12037 -5.31567e-18)
(4.11931 2.96616 6.96482e-18)
(3.98047 2.87076 -1.64554e-17)
(3.86974 2.70282 3.0469e-17)
(3.61733 2.58459 5.03107e-19)
(2.89845 1.94524 -2.84266e-17)
(0.859827 0.703514 -4.00843e-18)
(5.33505 3.48704 0)
(6.68398 5.1178 -9.4816e-18)
(6.76678 4.9635 7.58319e-18)
(6.56362 5.1153 0)
(6.54621 5.18842 0)
(6.54872 5.2354 -1.43945e-17)
(6.51992 5.23311 0)
(6.41177 5.13189 0)
(6.19138 4.89542 -4.89664e-18)
(5.80388 4.52145 2.32158e-18)
(5.29686 4.07046 -2.25818e-17)
(4.81002 3.72426 0)
(4.4469 3.4745 -1.37464e-17)
(4.17623 3.28225 4.31415e-19)
(3.97184 3.09925 -2.17731e-17)
(3.79451 2.98336 8.90106e-18)
(3.68963 2.8069 1.93461e-19)
(3.45043 2.63723 -3.27926e-17)
(2.75172 1.99131 1.53866e-17)
(0.72368 0.653703 4.36917e-18)
(5.26707 3.6101 0)
(6.59423 5.30838 -1.10295e-17)
(6.72546 5.15584 7.79966e-18)
(6.52233 5.29799 1.59484e-17)
(6.48378 5.35689 3.10501e-18)
(6.46349 5.38945 -1.74062e-18)
(6.41219 5.37673 1.23686e-18)
(6.28522 5.26742 3.57286e-19)
(6.05847 5.02747 5.24636e-18)
(5.67102 4.65701 1.58336e-17)
(5.17542 4.22125 1.87973e-17)
(4.70191 3.89003 3.46712e-18)
(4.34357 3.64418 1.99736e-17)
(4.07256 3.45175 1.25893e-17)
(3.88654 3.27477 1.56846e-17)
(3.74075 3.14317 -9.63318e-18)
(3.61673 2.93972 -1.19014e-17)
(3.34294 2.74299 1.40534e-17)
(2.59084 1.98025 -8.52212e-18)
(0.546639 0.59328 1.46425e-17)
(5.21958 3.73808 1.61429e-17)
(6.6062 5.50075 1.75304e-17)
(6.6903 5.34265 4.11436e-18)
(6.466 5.48368 2.83607e-19)
(6.42339 5.51559 -1.09775e-17)
(6.38501 5.53784 4.14975e-18)
(6.31342 5.5127 -1.36634e-18)
(6.17098 5.39462 -2.35311e-19)
(5.93884 5.15062 -6.22314e-18)
(5.55108 4.78392 -1.74899e-17)
(5.06691 4.36303 1.20185e-18)
(4.60337 4.04504 0)
(4.24611 3.80231 0)
(3.96182 3.60266 -6.47769e-18)
(3.73507 3.40356 -2.4952e-17)
(3.53603 3.24835 2.06458e-17)
(3.4124 3.03182 1.27169e-17)
(3.14614 2.76769 0)
(2.38859 1.99345 2.72108e-17)
(0.338068 0.460399 -1.6124e-17)
(5.16026 3.85728 -8.28991e-18)
(6.51321 5.6436 6.93718e-18)
(6.64367 5.5098 -9.35981e-18)
(6.42901 5.64115 -9.99282e-18)
(6.37063 5.66784 -4.26549e-18)
(6.31315 5.67783 1.17404e-18)
(6.2232 5.64171 0)
(6.0682 5.51497 -5.53153e-19)
(5.83066 5.26628 5.86522e-19)
(5.44254 4.9031 0)
(4.96837 4.49591 0)
(4.51086 4.19082 2.29465e-18)
(4.1491 3.95471 3.29035e-18)
(3.85419 3.75996 -6.83876e-18)
(3.63626 3.57195 1.79872e-17)
(3.47236 3.40392 -2.22444e-17)
(3.31647 3.15878 -2.73993e-17)
(2.99366 2.84763 2.46528e-17)
(2.14113 1.89246 -9.84798e-18)
(0.14592 0.336645 5.81676e-18)
(5.13679 3.98237 9.70752e-18)
(6.50982 5.85067 0)
(6.61945 5.67899 0)
(6.3831 5.80889 -3.24854e-18)
(6.31622 5.80908 2.63412e-18)
(6.24562 5.81102 -3.52034e-19)
(6.14173 5.76457 -4.37881e-18)
(5.97681 5.62948 -4.89045e-19)
(5.73439 5.37603 1.06644e-17)
(5.34544 5.01592 -1.38895e-18)
(4.87916 4.62045 3.06058e-18)
(4.42517 4.32651 -1.94489e-17)
(4.06061 4.09682 -2.00747e-17)
(3.75467 3.903 -3.5757e-18)
(3.49629 3.70236 0)
(3.25909 3.51613 -3.29079e-19)
(3.07845 3.24923 1.41582e-17)
(2.74209 2.83 -2.6717e-17)
(1.90991 1.813 2.03937e-17)
(-0.00479271 -0.0470355 1.86542e-17)
(5.07298 4.09232 -2.09405e-17)
(6.47192 5.96371 -8.30931e-18)
(6.57742 5.83158 1.37689e-19)
(6.33614 5.9452 4.18797e-18)
(6.26664 5.94486 0)
(6.18212 5.93637 1.11069e-17)
(6.06583 5.88239 5.16823e-18)
(5.89202 5.74022 -7.61899e-19)
(5.64398 5.48244 -5.30844e-18)
(5.25342 5.12536 -1.33791e-18)
(4.79292 4.74077 1.2377e-18)
(4.34099 4.45854 1.69974e-17)
(3.97061 4.23952 1.94889e-17)
(3.64991 4.05881 3.40471e-18)
(3.38958 3.87779 1.79113e-17)
(3.18087 3.68872 0)
(2.96198 3.3873 0)
(2.52282 2.89944 1.71231e-17)
(1.48387 1.4879 1.25435e-19)
(0.0572038 0.561044 -1.84836e-17)
(5.04397 4.20446 1.13026e-17)
(6.39275 6.12376 2.47373e-17)
(6.51807 5.95614 -3.63337e-17)
(6.28548 6.08656 2.13867e-17)
(6.21519 6.06962 -2.34563e-18)
(6.11983 6.05724 1.43481e-17)
(5.99328 5.99605 0)
(5.8111 5.84795 1.12182e-18)
(5.55772 5.58723 0)
(5.16456 5.23389 1.67596e-17)
(4.7091 4.86049 -1.69622e-18)
(4.25993 4.59106 1.89647e-18)
(3.8877 4.38386 2.19201e-17)
(3.55911 4.21364 -7.45557e-18)
(3.26206 4.03533 -9.44705e-18)
(2.96084 3.84511 0)
(2.64371 3.53944 0)
(2.05905 2.88484 0)
(0.950716 1.7456 -9.31478e-18)
(0.368685 1.94269 -5.78488e-18)
(4.9879 4.30417 0)
(6.37901 6.26751 0)
(6.50574 6.1226 1.30947e-17)
(6.2627 6.21712 -1.78184e-17)
(6.16704 6.1877 1.16666e-17)
(6.06216 6.17168 -1.30734e-17)
(5.92255 6.10357 -4.8613e-19)
(5.73268 5.9508 3.76423e-19)
(5.47343 5.68813 9.37288e-19)
(5.07784 5.33913 -1.91741e-17)
(4.62809 4.97739 2.89085e-18)
(4.1833 4.72229 1.67417e-17)
(3.80748 4.53108 -2.17713e-17)
(3.46271 4.38302 -2.4443e-17)
(3.15496 4.23727 8.47612e-18)
(2.87617 4.06357 0)
(2.52202 3.69569 1.33616e-17)
(1.68703 2.76245 1.58558e-17)
(1.05781 2.28958 -1.74945e-17)
(0.671545 2.84581 2.1924e-17)
(4.97149 4.40083 0)
(6.36246 6.4046 2.01989e-17)
(6.50242 6.26212 -3.32192e-18)
(6.21115 6.36457 2.20637e-17)
(6.11407 6.30602 -1.22603e-17)
(6.00455 6.28034 0)
(5.8536 6.20623 0)
(5.65663 6.04869 0)
(5.39215 5.78515 3.22224e-18)
(4.99441 5.44128 6.87889e-19)
(4.55202 5.09201 0)
(4.1138 4.85233 -1.65475e-17)
(3.73911 4.67774 0)
(3.39204 4.54761 1.74449e-17)
(3.06411 4.41618 -1.20281e-17)
(2.70712 4.23888 -9.77345e-18)
(2.21865 3.79326 -2.52079e-17)
(1.4451 3.03105 -1.4106e-17)
(1.03254 3.00232 -2.52083e-17)
(0.881128 3.39752 1.79495e-17)
(4.9064 4.4749 -7.13799e-18)
(6.30521 6.5087 2.88082e-19)
(6.39907 6.36839 -2.76565e-18)
(6.13299 6.45171 -1.72011e-17)
(6.07531 6.41769 0)
(5.94456 6.37988 0)
(5.78725 6.30409 0)
(5.58247 6.14209 3.93852e-20)
(5.31241 5.87836 -4.23659e-18)
(4.91395 5.54047 0)
(4.48055 5.20421 0)
(4.05064 4.98068 0)
(3.67751 4.82601 0)
(3.32134 4.72252 1.29426e-17)
(2.98659 4.62366 3.29792e-17)
(2.64929 4.43882 1.04479e-17)
(2.15348 3.88292 2.40249e-17)
(1.64115 3.38141 -1.95412e-17)
(1.20139 3.67832 8.20113e-18)
(1.05531 3.83032 0)
(4.84769 4.56223 6.85893e-18)
(6.24197 6.61915 -3.73962e-17)
(6.35703 6.47179 -9.14321e-18)
(6.11466 6.5769 -2.70181e-18)
(6.03161 6.51665 2.83098e-18)
(5.88662 6.48162 -1.90242e-17)
(5.72285 6.39923 1.2114e-18)
(5.50955 6.23327 3.81795e-18)
(5.23537 5.9697 0)
(4.83763 5.63863 -1.20862e-18)
(4.41472 5.31534 1.10024e-18)
(3.99482 5.1074 0)
(3.62884 4.97253 0)
(3.28217 4.89093 -1.62048e-17)
(2.95367 4.80241 2.90649e-18)
(2.57028 4.58508 -9.81278e-18)
(1.96682 4.03465 2.17089e-17)
(1.40547 3.79503 1.94122e-17)
(1.06914 4.1189 -3.42308e-17)
(0.996366 4.19972 1.79497e-17)
(4.81319 4.62067 1.29277e-17)
(6.22688 6.75358 3.75713e-17)
(6.38287 6.63333 1.35036e-17)
(6.10034 6.72459 0)
(5.97413 6.62855 0)
(5.83533 6.5901 1.43676e-17)
(5.65369 6.49486 -7.33781e-18)
(5.43536 6.32511 -3.63087e-18)
(5.15727 6.06123 -2.20633e-20)
(4.76281 5.73731 1.34696e-17)
(4.35181 5.42612 -1.98385e-17)
(3.94411 5.23256 0)
(3.58931 5.11828 0)
(3.24999 5.06374 -1.15263e-17)
(2.92207 4.99626 -1.51163e-17)
(2.53586 4.7594 0)
(1.97523 4.22015 -3.17736e-17)
(1.63147 4.20415 -5.93871e-18)
(1.4132 4.63751 3.47977e-17)
(1.11809 4.63969 -1.83582e-17)
(4.78031 4.70792 -2.44916e-17)
(6.20667 6.88023 -1.79088e-17)
(6.30634 6.76211 0)
(5.99852 6.84164 0)
(5.9154 6.74774 0)
(5.77034 6.69552 0)
(5.57893 6.59376 7.71335e-18)
(5.35799 6.41779 -5.03699e-18)
(5.0784 6.15371 0)
(4.68926 5.83682 -1.2138e-17)
(4.29148 5.53639 3.57599e-17)
(3.89881 5.35495 1.53205e-18)
(3.56162 5.25887 2.32788e-18)
(3.24429 5.22579 1.95158e-17)
(2.93158 5.15908 -1.30504e-17)
(2.50629 4.8577 0)
(2.03227 4.49965 1.00501e-17)
(1.57833 4.78202 7.03759e-19)
(1.13361 5.03035 -5.32814e-18)
(0.742198 5.09687 1.10382e-17)
(4.67382 4.75597 1.15912e-17)
(6.09371 6.94397 -1.70167e-17)
(6.19809 6.82753 0)
(5.9361 6.93365 -4.01373e-18)
(5.86624 6.85835 1.50132e-17)
(5.69198 6.79646 0)
(5.50099 6.69304 0)
(5.2761 6.51043 9.21011e-18)
(4.9969 6.24635 -5.54718e-19)
(4.61488 5.93571 1.16713e-17)
(4.23172 5.64468 -1.69754e-17)
(3.85712 5.47335 1.10392e-17)
(3.54179 5.3925 0)
(3.24481 5.37963 -1.06608e-17)
(2.93469 5.3176 6.66217e-18)
(2.53727 5.04488 7.23321e-18)
(2.06779 4.78561 0)
(1.71316 5.0978 5.08506e-18)
(1.29161 5.70472 8.62793e-18)
(1.1648 5.88378 2.56228e-18)
(4.61237 4.84838 -2.18335e-17)
(6.03832 7.11335 2.4593e-17)
(6.15877 7.00964 1.77755e-17)
(5.89121 7.09289 -4.60887e-18)
(5.78819 6.97205 -2.26572e-17)
(5.61191 6.9073 0)
(5.41792 6.79243 6.66206e-18)
(5.1903 6.60357 -3.92687e-18)
(4.91434 6.33881 -1.83449e-19)
(4.54035 6.03341 -1.01533e-17)
(4.17309 5.75023 -8.27139e-19)
(3.81924 5.58619 -1.23792e-17)
(3.52981 5.51531 1.51833e-17)
(3.26284 5.51319 4.86415e-18)
(2.9816 5.45471 -1.13717e-17)
(2.55078 5.14484 1.21765e-17)
(2.27739 4.99952 0)
(1.92453 5.74838 0)
(1.68046 6.29485 1.72207e-18)
(0.49001 6.33728 -5.9163e-18)
(4.53041 4.90664 1.04985e-17)
(5.97875 7.21051 2.33584e-17)
(6.10001 7.12876 -1.76342e-17)
(5.80413 7.21344 1.63242e-17)
(5.70263 7.08885 2.19364e-17)
(5.5289 7.01815 0)
(5.32594 6.89047 -7.07982e-18)
(5.10151 6.69586 -5.37637e-18)
(4.829 6.42922 0)
(4.46441 6.12732 0)
(4.11511 5.85076 0)
(3.78447 5.692 0)
(3.52215 5.62573 -1.73e-17)
(3.28407 5.6268 -6.60417e-18)
(3.01729 5.55451 0)
(2.66352 5.30203 -6.2311e-18)
(2.49631 5.42133 0)
(2.52574 5.77329 -2.74446e-18)
(2.59046 5.7332 2.27801e-18)
(1.42049 5.75761 -1.0759e-19)
(4.42778 4.98805 -2.01245e-17)
(5.88064 7.37123 -1.48139e-17)
(5.9756 7.27048 -1.09157e-17)
(5.69527 7.33736 -1.52215e-17)
(5.61439 7.20328 -1.02744e-17)
(5.43038 7.1239 0)
(5.22869 6.98951 -1.30453e-18)
(5.00788 6.78767 6.89256e-19)
(4.74027 6.51861 -4.69339e-19)
(4.38627 6.21896 0)
(4.05679 5.94792 9.89873e-19)
(3.75135 5.79232 -1.12534e-18)
(3.51834 5.72567 0)
(3.31463 5.71665 8.14204e-18)
(3.07566 5.61403 0)
(2.83959 5.4254 4.49467e-18)
(2.7902 5.50687 -1.05626e-17)
(2.93082 5.39359 2.46657e-18)
(3.17141 4.65574 -2.55136e-18)
(1.20952 4.09124 3.57722e-18)
(4.30048 5.04067 -4.60719e-19)
(5.76045 7.47239 -7.42295e-18)
(5.8845 7.39518 1.51217e-17)
(5.61116 7.46489 -5.95011e-19)
(5.51931 7.32286 -2.7274e-18)
(5.32356 7.23344 0)
(5.12389 7.09033 6.66934e-18)
(4.90623 6.88107 4.65447e-18)
(4.64401 6.60919 1.10829e-18)
(4.30212 6.31061 -7.10599e-18)
(3.99499 6.04441 -1.17196e-17)
(3.71693 5.89028 0)
(3.5137 5.81833 1.11665e-17)
(3.34255 5.78981 -3.43456e-18)
(3.13859 5.64799 -3.72737e-18)
(2.9631 5.45346 0)
(2.89065 5.48282 4.23442e-18)
(2.84671 5.33449 -4.83387e-18)
(2.53863 4.03015 6.84715e-18)
(-0.45533 1.67976 6.03116e-18)
(4.18714 5.12727 1.76484e-17)
(5.65907 7.65119 -7.05148e-18)
(5.77205 7.58087 9.88711e-18)
(5.49148 7.62386 7.4954e-18)
(5.40324 7.44996 5.18051e-18)
(5.20859 7.35105 1.16948e-17)
(5.01129 7.19512 -1.26669e-17)
(4.79776 6.97764 -5.28852e-18)
(4.54215 6.70193 5.67032e-20)
(4.2142 6.40359 3.70471e-20)
(3.92999 6.13954 1.18856e-18)
(3.67897 5.98323 -9.73152e-18)
(3.50458 5.90106 4.47227e-18)
(3.36294 5.84302 -9.05878e-18)
(3.17262 5.65063 5.82447e-18)
(3.00859 5.44112 -3.98659e-18)
(2.88507 5.45037 8.12964e-18)
(2.70061 5.1866 -5.30972e-18)
(2.14968 3.42794 0)
(-0.206235 0.685408 9.54699e-18)
(4.0364 5.17812 0)
(5.52382 7.76892 -2.5009e-17)
(5.64249 7.70951 6.40394e-19)
(5.36698 7.75354 -1.30192e-17)
(5.28332 7.57784 0)
(5.08286 7.46982 -8.5874e-18)
(4.88814 7.30236 1.02821e-17)
(4.68084 7.07666 4.95507e-18)
(4.43265 6.79673 -6.11351e-19)
(4.12013 6.49713 5.49923e-18)
(3.85958 6.23278 9.64243e-18)
(3.63487 6.07048 3.66319e-19)
(3.48468 5.97473 -9.28826e-18)
(3.35708 5.88651 -2.62296e-18)
(3.16688 5.64879 4.74727e-18)
(3.01607 5.41712 -7.68603e-18)
(2.87643 5.38582 -4.31454e-18)
(2.6322 4.99786 5.1525e-18)
(2.02298 3.11334 0)
(-0.00291284 0.312999 0)
(3.88103 5.24303 -1.55698e-17)
(5.37319 7.93087 2.47043e-17)
(5.48895 7.89687 0)
(5.22119 7.91735 0)
(5.14821 7.71533 0)
(4.94628 7.59487 0)
(4.75869 7.41469 -4.61948e-18)
(4.55686 7.17959 -5.38891e-19)
(4.31724 6.89442 -5.74861e-19)
(4.02163 6.59242 8.15244e-19)
(3.78289 6.32369 -9.92053e-18)
(3.58094 6.15081 7.72271e-18)
(3.44936 6.0385 0)
(3.331 5.9214 1.10984e-19)
(3.15188 5.6509 -7.88521e-18)
(3.01204 5.38753 3.6199e-18)
(2.88254 5.31203 -4.0419e-18)
(2.58555 4.82278 -2.38443e-18)
(1.73812 2.70949 1.13665e-17)
(-0.153879 0.0367113 1.3733e-17)
(3.70518 5.29409 7.65525e-18)
(5.21046 8.06308 1.09252e-17)
(5.33468 8.04468 -4.85607e-19)
(5.07133 8.06234 5.91819e-18)
(5.00266 7.8547 0)
(4.79614 7.72338 1.22931e-17)
(4.61578 7.52967 -2.87159e-18)
(4.42198 7.28533 9.00544e-19)
(4.19273 6.99413 -2.49225e-19)
(3.91423 6.68772 7.03933e-19)
(3.69639 6.41246 6.77983e-18)
(3.51466 6.22493 -5.46994e-18)
(3.39818 6.09521 -5.40853e-18)
(3.28714 5.9539 -2.18579e-18)
(3.12153 5.65846 5.58112e-18)
(2.99521 5.36709 -1.01855e-17)
(2.88062 5.23105 5.98683e-18)
(2.4931 4.61078 -7.05481e-18)
(1.44771 2.31945 2.08325e-17)
(-0.231418 -0.223774 -1.48588e-17)
(3.51437 5.33341 -7.17263e-18)
(5.01926 8.20347 0)
(5.14615 8.23455 -7.90769e-18)
(4.89498 8.23311 -1.11511e-17)
(4.84107 8.00251 0)
(4.63308 7.85635 -9.47955e-18)
(4.46522 7.64837 0)
(4.27902 7.39482 -4.27403e-18)
(4.05978 7.09603 1.87084e-19)
(3.7991 6.7837 2.82736e-18)
(3.59901 6.49915 -5.25059e-18)
(3.43352 6.29393 2.64537e-18)
(3.32963 6.14394 1.20448e-17)
(3.22869 5.98173 -4.2631e-18)
(3.07335 5.66864 5.19828e-18)
(2.96026 5.349 3.19551e-18)
(2.85242 5.15913 -7.71028e-18)
(2.42024 4.46519 8.99974e-18)
(1.27977 2.07928 -4.57038e-20)
(-0.184031 -0.269849 1.57375e-18)
(3.30371 5.37086 1.35474e-17)
(4.81565 8.34728 -9.75042e-18)
(4.94695 8.38666 7.94826e-18)
(4.71146 8.38413 5.24409e-18)
(4.66036 8.14679 7.44695e-19)
(4.44875 7.9881 5.23839e-18)
(4.29708 7.76738 0)
(4.12045 7.50537 -2.28088e-19)
(3.9138 7.19822 0)
(3.67073 6.87806 -2.64634e-18)
(3.48686 6.58391 4.94536e-18)
(3.33634 6.36018 -1.02433e-18)
(3.24546 6.18896 -9.23607e-18)
(3.15431 6.00665 -4.19375e-18)
(3.00389 5.68171 2.35598e-18)
(2.90012 5.34398 -3.12382e-18)
(2.8165 5.09875 1.10204e-17)
(2.37715 4.33064 6.10482e-18)
(1.2249 2.01507 2.65412e-18)
(-0.12327 -0.222847 -1.24226e-17)
(3.07332 5.36181 4.04534e-19)
(4.57551 8.45158 5.20823e-18)
(4.71821 8.56613 0)
(4.50688 8.55202 9.2451e-18)
(4.45859 8.295 -1.36143e-17)
(4.25025 8.12087 4.95022e-18)
(4.12221 7.88766 -2.99471e-18)
(3.95139 7.61692 3.04565e-18)
(3.75562 7.30105 -1.266e-18)
(3.53078 6.97178 -4.63127e-19)
(3.35995 6.66609 4.52552e-18)
(3.22092 6.42482 9.02704e-18)
(3.1398 6.23136 5.05696e-20)
(3.0582 6.02712 7.51987e-18)
(2.9171 5.69032 4.87289e-18)
(2.8121 5.33966 -8.70297e-18)
(2.74915 5.05752 7.29448e-18)
(2.33048 4.29606 -3.62183e-18)
(1.28 2.12629 8.08154e-20)
(-0.0344299 -0.0864599 1.22745e-17)
(2.82951 5.36515 2.33918e-17)
(4.33169 8.59695 -4.87093e-18)
(4.46922 8.71633 -1.24074e-17)
(4.27576 8.69853 1.00861e-17)
(4.22083 8.42769 -5.77611e-18)
(4.0329 8.25287 8.73423e-18)
(3.92467 8.00464 4.72165e-18)
(3.7589 7.72577 0)
(3.58028 7.40207 1.23644e-18)
(3.37394 7.06374 -4.05665e-20)
(3.21415 6.74571 -8.80595e-19)
(3.08545 6.48821 -7.80665e-18)
(3.01277 6.27407 -4.46351e-19)
(2.94269 6.04875 -1.63295e-19)
(2.80299 5.69977 7.058e-18)
(2.6818 5.33746 3.24642e-18)
(2.6374 5.03045 -8.63531e-18)
(2.27215 4.30389 -3.78479e-18)
(1.36122 2.38474 -1.24621e-18)
(0.0864299 0.183198 -1.23368e-17)
(2.5563 5.27936 0)
(4.04039 8.63894 4.18895e-18)
(4.19184 8.86813 -5.45215e-18)
(4.02065 8.84418 9.38245e-18)
(3.97842 8.56515 -1.1373e-17)
(3.80944 8.38033 4.38173e-18)
(3.71141 8.1166 0)
(3.5549 7.83216 0)
(3.39191 7.50292 0)
(3.20141 7.15392 -7.33219e-19)
(3.05019 6.82354 6.89055e-19)
(2.92731 6.55056 -1.57853e-18)
(2.85727 6.31765 -5.04374e-18)
(2.78922 6.07066 -3.70154e-18)
(2.64614 5.70647 6.61601e-18)
(2.50398 5.32964 -5.6849e-18)
(2.45133 5.01486 -3.18146e-19)
(2.16625 4.33347 1.01792e-17)
(1.39547 2.66628 -1.32942e-18)
(0.235296 0.520533 0)
(2.26564 5.20374 2.0359e-17)
(3.74727 8.75096 -3.92269e-18)
(3.8787 8.99422 -7.96888e-20)
(3.7353 8.97032 0)
(3.70182 8.68619 -5.04074e-18)
(3.55209 8.49791 4.89625e-19)
(3.46996 8.22394 0)
(3.32746 7.93474 7.62576e-19)
(3.18353 7.6015 -6.02602e-19)
(3.00859 7.24361 0)
(2.86497 6.90116 0)
(2.74459 6.61407 3.42284e-18)
(2.67058 6.36611 4.99851e-18)
(2.60182 6.10193 -1.67484e-19)
(2.45571 5.72525 2.03655e-18)
(2.28711 5.33658 -2.70247e-18)
(2.22182 5.02529 0)
(1.98763 4.40661 6.39361e-18)
(1.38267 2.96564 1.03274e-17)
(0.372739 0.939538 -2.42976e-17)
(1.94763 4.99811 1.63108e-17)
(3.40103 8.70263 -3.53031e-18)
(3.5537 9.10168 4.56279e-18)
(3.44097 9.08146 -1.15701e-17)
(3.42129 8.80388 0)
(3.28646 8.60144 0)
(3.21672 8.32229 0)
(3.08917 8.03227 7.27324e-19)
(2.95964 7.69659 -5.74704e-19)
(2.798 7.33299 0)
(2.65904 6.98044 0)
(2.53681 6.68199 -5.04207e-18)
(2.45306 6.42392 2.36808e-18)
(2.3738 6.15031 -2.7675e-18)
(2.22052 5.76923 -6.11777e-18)
(2.04129 5.37256 0)
(1.9827 5.0674 1.64774e-18)
(1.79061 4.5042 1.99569e-18)
(1.32649 3.25569 -1.96958e-17)
(0.463645 1.34197 2.40315e-17)
(1.60591 4.76039 -1.43007e-17)
(3.06342 8.72148 4.24671e-18)
(3.19008 9.1696 9.99361e-18)
(3.11388 9.1676 6.32147e-18)
(3.10556 8.89792 -5.12455e-18)
(2.99037 8.69692 -3.04662e-18)
(2.93866 8.41552 1.82619e-18)
(2.82706 8.12433 0)
(2.71378 7.78742 0)
(2.56672 7.42207 0)
(2.43185 7.06319 1.59701e-18)
(2.30659 6.75887 4.71001e-18)
(2.20932 6.49859 -2.22592e-18)
(2.12296 6.22871 1.32261e-18)
(1.98526 5.86202 2.93719e-20)
(1.82211 5.47244 0)
(1.76677 5.18228 -3.06098e-18)
(1.5939 4.68001 1.52984e-17)
(1.23805 3.59482 -3.53603e-17)
(0.518587 1.76458 2.0397e-17)
(1.25981 4.36932 1.46988e-17)
(2.67637 8.54449 -1.197e-17)
(2.83458 9.219 0)
(2.785 9.23297 3.10394e-18)
(2.7878 8.98691 2.09387e-18)
(2.68637 8.7729 4.24303e-18)
(2.64762 8.49347 -1.70808e-18)
(2.55149 8.20597 0)
(2.45292 7.87275 0)
(2.31918 7.51038 8.02475e-19)
(2.18762 7.15223 4.53652e-19)
(2.05993 6.84896 -2.42817e-18)
(1.95852 6.59834 -1.79364e-18)
(1.8821 6.34851 -4.08041e-18)
(1.76384 6.0083 8.06938e-18)
(1.59685 5.62627 -1.01207e-17)
(1.53514 5.34201 7.58032e-18)
(1.36363 4.87634 0)
(1.09804 3.87688 5.12435e-19)
(0.503882 2.04295 -1.92944e-17)
(0.869817 3.77514 1.48245e-17)
(2.32556 8.36007 0)
(2.46029 9.17821 0)
(2.44135 9.25756 0)
(2.4517 9.04597 1.57083e-18)
(2.36408 8.83878 -4.19248e-18)
(2.33792 8.56285 -1.53481e-18)
(2.25791 8.27939 0)
(2.17451 7.95243 0)
(2.05673 7.59841 -5.93812e-19)
(1.93232 7.24922 -9.43318e-19)
(1.81222 6.95886 1.23001e-18)
(1.71672 6.72697 -1.20487e-19)
(1.64279 6.4946 -1.51047e-18)
(1.53058 6.17705 3.84275e-18)
(1.35733 5.80436 -4.11868e-18)
(1.30217 5.52373 4.2635e-18)
(1.15173 5.09606 0)
(0.957235 4.18502 -4.78903e-19)
(0.470352 2.3412 -8.96438e-18)
(0.510712 3.01161 -1.37259e-17)
(1.92663 7.97312 4.66309e-18)
(2.10551 9.1629 6.63536e-18)
(2.08981 9.28003 -6.25903e-19)
(2.10148 9.10314 -3.75664e-18)
(2.02503 8.88225 -2.07631e-18)
(2.01268 8.61328 4.2962e-18)
(1.95118 8.33885 -2.17119e-19)
(1.8861 8.02438 0)
(1.78709 7.68526 5.37625e-20)
(1.67578 7.35291 5.77942e-19)
(1.56467 7.07736 -8.31868e-19)
(1.46254 6.85803 0)
(1.37372 6.63989 1.10273e-18)
(1.26286 6.34108 0)
(1.08997 5.98249 9.19372e-19)
(1.04452 5.6966 5.35702e-19)
(0.905475 5.29363 0)
(0.772896 4.44562 0)
(0.389624 2.58313 -7.7349e-18)
(-0.0329334 1.17072 1.12832e-17)
(1.59406 7.30387 -4.18239e-18)
(1.75248 8.9497 2.98922e-18)
(1.73749 9.24006 -4.40134e-18)
(1.74909 9.11794 1.67711e-18)
(1.68182 8.90843 -5.12199e-19)
(1.68125 8.64818 2.31178e-19)
(1.63812 8.3844 -5.98194e-19)
(1.59093 8.08636 -2.81603e-19)
(1.51288 7.76674 1.2374e-19)
(1.41422 7.45397 8.29477e-20)
(1.30547 7.19107 0)
(1.19659 6.98296 3.0988e-19)
(1.10505 6.79158 0)
(1.0128 6.52855 0)
(0.837337 6.18668 0)
(0.793675 5.89208 3.66265e-18)
(0.669833 5.52534 -9.45995e-18)
(0.573272 4.77553 3.2679e-20)
(0.298249 2.94862 6.65626e-18)
(-0.251719 0.224931 2.00719e-18)
(1.0566 6.42229 1.78819e-18)
(1.30201 8.77115 -1.4732e-18)
(1.32101 9.19386 -9.12755e-19)
(1.35743 9.13083 7.37261e-19)
(1.31972 8.91692 4.74112e-19)
(1.33787 8.66303 2.94459e-19)
(1.31844 8.41277 0)
(1.29407 8.13404 -8.98274e-20)
(1.23711 7.83578 -2.76974e-20)
(1.14969 7.54152 -1.89847e-19)
(1.04636 7.29652 0)
(0.940783 7.10943 1.0998e-20)
(0.849384 6.95042 -3.55935e-19)
(0.779729 6.74312 0)
(0.599259 6.43891 0)
(0.537509 6.14687 -2.16292e-19)
(0.411322 5.82576 0)
(0.328394 5.17388 -1.61864e-19)
(0.152767 3.36981 0)
(-0.21718 -0.964278 0)
(0.575195 4.61526 0)
(0.844912 8.10956 0)
(0.897108 9.00801 0)
(0.947217 9.04312 -1.7383e-32)
(0.9488 8.8931 1.19651e-32)
(0.998096 8.64408 0)
(1.01559 8.41266 0)
(1.01988 8.15787 0)
(0.988808 7.88292 0)
(0.923025 7.60967 0)
(0.838944 7.38522 0)
(0.746492 7.21933 0)
(0.659048 7.08247 0)
(0.609891 6.91667 0)
(0.44607 6.66697 0)
(0.385106 6.39724 0)
(0.264678 6.12796 0)
(0.179605 5.57383 0)
(0.063754 3.8014 0)
(-0.138909 -1.41067 0)
(0.0737062 3.85886 0)
(0.378204 7.60982 0)
(0.447747 8.73604 0)
(0.551381 8.88758 0)
(0.597021 8.80816 0)
(0.69515 8.58968 0)
(0.746224 8.38363 0)
(0.780604 8.15491 0)
(0.778453 7.9085 0)
(0.738076 7.66225 0)
(0.676078 7.45984 0)
(0.599467 7.31296 0)
(0.516889 7.19313 0)
(0.484627 7.05406 0)
(0.341312 6.84793 0)
(0.291095 6.60345 0)
(0.18993 6.36988 0)
(0.117594 5.87801 0)
(0.036276 4.14235 0)
(-0.201034 -0.646623 0)
(-0.11674 3.95289 0)
(-0.0665556 7.33545 0)
(0.0513396 8.508 0)
(0.217118 8.71125 0)
(0.306182 8.68043 0)
(0.432504 8.50091 0)
(0.509722 8.32692 0)
(0.569425 8.13276 0)
(0.593347 7.92167 0)
(0.575486 7.70802 0)
(0.533847 7.53086 0)
(0.471912 7.40479 0)
(0.396188 7.30387 0)
(0.380032 7.18964 0)
(0.260753 7.02583 0)
(0.223758 6.81245 0)
(0.138461 6.6102 0)
(0.0795617 6.15677 0)
(0.0134023 4.35516 0)
(-0.126358 -0.482542 0)
(-0.197676 4.1257 0)
(-0.263701 7.1414 0)
(-0.161059 8.23957 0)
(-0.0193965 8.49109 0)
(0.07818 8.5084 0)
(0.224453 8.377 0)
(0.317062 8.24496 0)
(0.393713 8.09165 0)
(0.436425 7.91907 0)
(0.436791 7.74174 0)
(0.412869 7.59046 0)
(0.365406 7.48515 0)
(0.298843 7.4051 0)
(0.297509 7.31029 0)
(0.200249 7.18298 0)
(0.175649 7.00014 0)
(0.102544 6.82522 0)
(0.0552277 6.40549 0)
(0.0121361 4.55035 0)
(-0.138547 0.299676 0)
(-0.216496 4.38503 0)
(-0.293299 6.9595 0)
(-0.217748 7.95817 0)
(-0.1212 8.2385 0)
(-0.0520738 8.30998 0)
(0.083768 8.22968 0)
(0.17322 8.1428 0)
(0.255964 8.03146 0)
(0.310171 7.90101 0)
(0.323435 7.76173 0)
(0.31311 7.63558 0)
(0.280019 7.54956 0)
(0.222787 7.49102 0)
(0.231777 7.40824 0)
(0.151437 7.31077 0)
(0.137399 7.1563 0)
(0.0754951 7.00405 0)
(0.0320249 6.59956 0)
(-0.00929513 4.61927 0)
(-0.114716 0.861267 0)
(-0.190898 4.60738 0)
(-0.264392 6.83587 0)
(-0.187547 7.7336 0)
(-0.128009 8.01266 0)
(-0.0952376 8.11095 0)
(0.0108258 8.07554 0)
(0.0789714 8.03047 0)
(0.158494 7.9623 0)
(0.216848 7.87255 0)
(0.234839 7.76822 0)
(0.23352 7.66615 0)
(0.213812 7.59666 0)
(0.165251 7.55632 0)
(0.179998 7.48289 0)
(0.111059 7.40909 0)
(0.103826 7.28 0)
(0.0494212 7.14542 0)
(0.00877692 6.74903 0)
(-0.0173006 4.60674 0)
(-0.0905369 1.39393 0)
(-0.168947 4.84866 0)
(-0.221161 6.81233 0)
(-0.154641 7.60078 0)
(-0.108523 7.85691 0)
(-0.0899982 7.95446 0)
(-0.00977517 7.94052 0)
(0.0299997 7.92712 0)
(0.0990816 7.89427 0)
(0.151039 7.83753 0)
(0.168139 7.76258 0)
(0.171889 7.68284 0)
(0.163228 7.62608 0)
(0.12027 7.59926 0)
(0.138184 7.53218 0)
(0.0768924 7.47572 0)
(0.0702978 7.3694 0)
(0.0242628 7.25119 0)
(-0.0119645 6.84487 0)
(-0.0232082 4.56167 0)
(-0.0617802 1.82868 0)
(-0.139779 5.0801 0)
(-0.195218 6.83763 0)
(-0.134929 7.54563 0)
(-0.0965463 7.77535 0)
(-0.0790825 7.86041 0)
(-0.0092398 7.84536 0)
(0.0109168 7.84604 0)
(0.066568 7.83521 0)
(0.107239 7.7999 0)
(0.120588 7.74854 0)
(0.125269 7.68851 0)
(0.123845 7.64031 0)
(0.0840812 7.62355 0)
(0.102699 7.5616 0)
(0.0479469 7.51832 0)
(0.0419576 7.43254 0)
(0.00359569 7.32819 0)
(-0.0263873 6.89621 0)
(-0.02673 4.4632 0)
(-0.0353731 2.15708 0)
(-0.104227 5.27796 0)
(-0.158622 6.88716 0)
(-0.115551 7.53089 0)
(-0.0892561 7.74136 0)
(-0.0764683 7.81612 0)
(-0.0110476 7.79311 0)
(0.000134552 7.79303 0)
(0.0481639 7.78958 0)
(0.0777007 7.76738 0)
(0.0882173 7.73187 0)
(0.0903042 7.6865 0)
(0.0921648 7.6447 0)
(0.0539122 7.63505 0)
(0.0731166 7.57876 0)
(0.0245639 7.54429 0)
(0.0163098 7.47752 0)
(-0.0122944 7.38517 0)
(-0.0350264 6.92741 0)
(-0.0256154 4.3373 0)
(-0.0175608 2.38898 0)
(-0.0732628 5.43894 0)
(-0.11994 6.93775 0)
(-0.0914413 7.53123 0)
(-0.0808974 7.7248 0)
(-0.0772148 7.79302 0)
(-0.0181577 7.76558 0)
(-0.011422 7.7652 0)
(0.0342624 7.76458 0)
(0.0560982 7.74544 0)
(0.0649751 7.71687 0)
(0.0630536 7.68082 0)
(0.0671856 7.64217 0)
(0.029092 7.63889 0)
(0.047392 7.59055 0)
(0.00704367 7.56135 0)
(0.0002089 7.51315 0)
(-0.0216491 7.4298 0)
(-0.0424956 6.93476 0)
(-0.022226 4.2021 0)
(-0.00857561 2.54608 0)
(-0.0538562 5.56942 0)
(-0.0916194 6.98362 0)
(-0.0734675 7.53301 0)
(-0.0713028 7.71251 0)
(-0.0770475 7.77798 0)
(-0.0239515 7.75182 0)
(-0.0225177 7.75304 0)
(0.0214288 7.75061 0)
(0.0352485 7.73188 0)
(0.0452872 7.70473 0)
(0.0400348 7.67489 0)
(0.0472113 7.64012 0)
(0.0110146 7.64073 0)
(0.0261243 7.60411 0)
(-0.00305766 7.57907 0)
(-0.00735984 7.5446 0)
(-0.0233996 7.46655 0)
(-0.043852 6.9336 0)
(-0.0183051 4.06831 0)
(-0.00327404 2.65529 0)
(-0.0459073 5.68099 0)
(-0.0751408 7.02627 0)
(-0.0636103 7.53804 0)
(-0.0611339 7.70159 0)
(-0.0705311 7.76487 0)
(-0.0237447 7.74101 0)
(-0.0326614 7.74544 0)
(0.00586836 7.74153 0)
(0.0142192 7.72293 0)
(0.0280879 7.6989 0)
(0.0209389 7.67467 0)
(0.0322388 7.64284 0)
(0.00034525 7.64415 0)
(0.0116974 7.62239 0)
(-0.00911977 7.60068 0)
(-0.0118377 7.57546 0)
(-0.0212696 7.49854 0)
(-0.043333 6.93011 0)
(-0.0130836 3.94823 0)
(0.001372 2.73648 0)
(-0.0411623 5.77151 0)
(-0.0616299 7.05855 0)
(-0.0548173 7.53865 0)
(-0.0499932 7.68836 0)
(-0.0620261 7.74897 0)
(-0.0222545 7.72566 0)
(-0.0428859 7.73356 0)
(-0.00692369 7.73008 0)
(-0.00321536 7.71878 0)
(0.0146517 7.69916 0)
(0.00576363 7.68031 0)
(0.0186782 7.65307 0)
(-0.00354534 7.6515 0)
(0.00484665 7.64354 0)
(-0.0130773 7.62373 0)
(-0.0188018 7.60432 0)
(-0.0211573 7.52639 0)
(-0.0437422 6.92163 0)
(-0.00923544 3.84102 0)
(0.0032382 2.80952 0)
(-0.0394559 5.85489 0)
(-0.0499285 7.0894 0)
(-0.054102 7.5392 0)
(-0.0425699 7.67429 0)
(-0.0546114 7.72845 0)
(-0.0194177 7.7042 0)
(-0.0471803 7.71613 0)
(-0.0151251 7.71878 0)
(-0.0145649 7.71646 0)
(0.00468978 7.70165 0)
(-0.00594034 7.6865 0)
(0.00637738 7.66561 0)
(-0.00669036 7.66068 0)
(-0.00030768 7.66117 0)
(-0.0148781 7.64169 0)
(-0.0250145 7.62779 0)
(-0.0214976 7.54765 0)
(-0.0447086 6.90802 0)
(-0.00665488 3.74056 0)
(0.00352248 2.87967 0)
(-0.0419091 5.93214 0)
(-0.0442725 7.11647 0)
(-0.0560742 7.53966 0)
(-0.0416695 7.66068 0)
(-0.0549062 7.71139 0)
(-0.017862 7.6833 0)
(-0.0439564 7.69985 0)
(-0.0122875 7.70576 0)
(-0.0216505 7.70891 0)
(-0.00304111 7.69987 0)
(-0.0120446 7.68863 0)
(-0.00176795 7.67439 0)
(-0.00958358 7.66943 0)
(-0.00742467 7.67403 0)
(-0.0156881 7.65425 0)
(-0.0290303 7.64393 0)
(-0.0200172 7.56072 0)
(-0.0446801 6.88644 0)
(-0.00462191 3.64246 0)
(0.00483977 2.94841 0)
(-0.0440343 6.01033 0)
(-0.0408106 7.1471 0)
(-0.0590781 7.54261 0)
(-0.0420828 7.65193 0)
(-0.0563691 7.7013 0)
(-0.0203222 7.67583 0)
(-0.0400628 7.69092 0)
(-0.00981045 7.69048 0)
(-0.0226989 7.69698 0)
(-0.00633253 7.69486 0)
(-0.014901 7.68606 0)
(-0.006696 7.67697 0)
(-0.0142266 7.66901 0)
(-0.0158618 7.68071 0)
(-0.0161956 7.66236 0)
(-0.0316476 7.65459 0)
(-0.0179294 7.5673 0)
(-0.0432814 6.86108 0)
(-0.00269915 3.55024 0)
(0.00908112 3.0104 0)
(-0.0428985 6.07818 0)
(-0.0336583 7.17089 0)
(-0.059168 7.54821 0)
(-0.0366559 7.64708 0)
(-0.0537964 7.69623 0)
(-0.0218646 7.67462 0)
(-0.0405208 7.68955 0)
(-0.0112011 7.68523 0)
(-0.0235605 7.68854 0)
(-0.00670392 7.68994 0)
(-0.0144119 7.68097 0)
(-0.0114383 7.67377 0)
(-0.0147157 7.66598 0)
(-0.0202347 7.6828 0)
(-0.0140552 7.66668 0)
(-0.0329347 7.66112 0)
(-0.0143061 7.56939 0)
(-0.0407019 6.83298 0)
(6.10034e-05 3.46894 0)
(0.0135091 3.0589 0)
(-0.0381609 6.14993 0)
(-0.0231442 7.20272 0)
(-0.0533699 7.55396 0)
(-0.028227 7.64473 0)
(-0.0485907 7.69071 0)
(-0.0215432 7.67253 0)
(-0.0411626 7.68769 0)
(-0.0142944 7.68547 0)
(-0.0252299 7.68765 0)
(-0.00855442 7.68772 0)
(-0.0159287 7.67703 0)
(-0.0141215 7.67205 0)
(-0.0138936 7.66578 0)
(-0.021512 7.68425 0)
(-0.0106407 7.66927 0)
(-0.0309942 7.66524 0)
(-0.00930532 7.56936 0)
(-0.0360538 6.80806 0)
(0.00296018 3.40362 0)
(0.0167791 3.09254 0)
(-0.0352803 6.20714 0)
(-0.0140851 7.22491 0)
(-0.0512071 7.56032 0)
(-0.020326 7.64207 0)
(-0.0455029 7.68343 0)
(-0.0188183 7.66977 0)
(-0.0399544 7.68432 0)
(-0.0153192 7.68391 0)
(-0.0274526 7.68757 0)
(-0.0114461 7.68863 0)
(-0.0166141 7.67717 0)
(-0.0156701 7.67325 0)
(-0.012209 7.66671 0)
(-0.0220112 7.68559 0)
(-0.00724766 7.67202 0)
(-0.0290977 7.66868 0)
(-0.00447502 7.56838 0)
(-0.0318126 6.7854 0)
(0.00519842 3.35322 0)
(0.016838 3.11526 0)
(-0.0323232 6.27056 0)
(-0.00942356 7.25556 0)
(-0.0485923 7.5657 0)
(-0.0165568 7.64042 0)
(-0.0440343 7.67734 0)
(-0.0164371 7.66562 0)
(-0.0376688 7.67759 0)
(-0.0151065 7.68022 0)
(-0.0285739 7.68533 0)
(-0.0140097 7.68797 0)
(-0.0164172 7.6771 0)
(-0.0167064 7.67567 0)
(-0.0105025 7.66874 0)
(-0.0221044 7.68545 0)
(-0.00441725 7.67367 0)
(-0.0268921 7.67039 0)
(-0.00109905 7.56635 0)
(-0.0273731 6.76636 0)
(0.00622545 3.31506 0)
(0.0167623 3.1345 0)
(-0.0320189 6.31369 0)
(-0.0059852 7.27224 0)
(-0.0502923 7.56989 0)
(-0.0126604 7.64033 0)
(-0.0451341 7.67259 0)
(-0.0137008 7.66458 0)
(-0.0364538 7.67089 0)
(-0.0129815 7.67689 0)
(-0.0282765 7.68039 0)
(-0.0141469 7.68644 0)
(-0.0160229 7.67628 0)
(-0.0167336 7.67544 0)
(-0.00906467 7.66974 0)
(-0.0222854 7.68436 0)
(-0.00188672 7.6742 0)
(-0.0254461 7.67055 0)
(0.00133558 7.56388 0)
(-0.0243863 6.7494 0)
(0.00678718 3.28573 0)
(0.0162361 3.15134 0)
(-0.0290247 6.36991 0)
(-0.00315019 7.30007 0)
(-0.0477406 7.57552 0)
(-0.00956372 7.64225 0)
(-0.0458417 7.67023 0)
(-0.0117785 7.66415 0)
(-0.0374169 7.66729 0)
(-0.0116822 7.67515 0)
(-0.0275018 7.67622 0)
(-0.0134021 7.6832 0)
(-0.0148524 7.6745 0)
(-0.0166053 7.67426 0)
(-0.00755163 7.66901 0)
(-0.0215669 7.68143 0)
(0.000161536 7.67262 0)
(-0.0233797 7.66876 0)
(0.00309399 7.56062 0)
(-0.0204762 6.73395 0)
(0.00667558 3.26182 0)
(0.0167011 3.16409 0)
(-0.0278922 6.40348 0)
(0.000303884 7.31527 0)
(-0.0485787 7.57958 0)
(-0.00497959 7.64598 0)
(-0.0462633 7.66793 0)
(-0.00869017 7.66605 0)
(-0.0382666 7.66492 0)
(-0.0100536 7.6758 0)
(-0.0274747 7.67352 0)
(-0.0116445 7.6814 0)
(-0.0140341 7.67226 0)
(-0.0160697 7.67294 0)
(-0.00566708 7.6677 0)
(-0.0208047 7.6785 0)
(0.00242477 7.67072 0)
(-0.0217327 7.66722 0)
(0.00519629 7.55753 0)
(-0.0178072 6.72222 0)
(0.00672329 3.24558 0)
(0.0159689 3.17591 0)
(-0.0247376 6.45602 0)
(0.00250959 7.34397 0)
(-0.0465616 7.58666 0)
(-0.00171286 7.64974 0)
(-0.0469101 7.66679 0)
(-0.00568006 7.66478 0)
(-0.0390581 7.66243 0)
(-0.00891193 7.67438 0)
(-0.0282791 7.67232 0)
(-0.0107427 7.67902 0)
(-0.0126616 7.67046 0)
(-0.0152188 7.67089 0)
(-0.003855 7.66645 0)
(-0.0186998 7.6739 0)
(0.00390126 7.66838 0)
(-0.0186108 7.66353 0)
(0.00627268 7.5544 0)
(-0.0137095 6.71016 0)
(0.00599757 3.23129 0)
(0.015481 3.18017 0)
(-0.0235304 6.47917 0)
(0.00361458 7.35745 0)
(-0.0483121 7.59127 0)
(0.000873157 7.65375 0)
(-0.0471146 7.66434 0)
(-0.00163008 7.66542 0)
(-0.0395033 7.65948 0)
(-0.00552701 7.67392 0)
(-0.0285972 7.66964 0)
(-0.00892916 7.67804 0)
(-0.0124174 7.66944 0)
(-0.0140171 7.67021 0)
(-0.00240942 7.66597 0)
(-0.0175174 7.67191 0)
(0.00506225 7.667 0)
(-0.0170924 7.66187 0)
(0.00688493 7.55264 0)
(-0.0123103 6.70499 0)
(0.00577619 3.22594 0)
(0.0121271 3.19273 0)
(-0.0211169 6.53217 0)
(0.00357808 7.3909 0)
(-0.0454925 7.60226 0)
(0.00388689 7.6541 0)
(-0.0467703 7.66447 0)
(0.00247016 7.66066 0)
(-0.0395259 7.65994 0)
(-0.00141153 7.66798 0)
(-0.0276816 7.66833 0)
(-0.00666068 7.67293 0)
(-0.0110689 7.66823 0)
(-0.0124689 7.66662 0)
(-0.00151057 7.66506 0)
(-0.0152773 7.66647 0)
(0.00459165 7.66472 0)
(-0.0142145 7.65725 0)
(0.00552062 7.55021 0)
(-0.00926421 6.69522 0)
(0.00408206 3.21527 0)
(-1.3799 3.91777 -1.39169e-21)
(1.3293 4.88879 8.9906e-18)
(0.539313 4.65098 -8.05022e-18)
(0.933834 4.23529 0)
(0.921301 3.9722 0)
(0.912185 3.70689 -1.17501e-17)
(0.903047 3.44655 1.08314e-17)
(0.739377 3.15786 -1.18144e-17)
(0.470838 2.81757 1.89666e-19)
(0.305335 1.89364 1.27039e-17)
(-0.171624 4.37576 -1.77132e-21)
(0.615786 4.30831 9.44634e-19)
(0.343476 4.09773 0)
(0.498071 3.90029 0)
(0.511139 3.66796 3.56088e-19)
(0.502315 3.47517 2.32471e-17)
(0.447261 3.30535 -1.22062e-17)
(0.352974 3.11465 -1.90955e-19)
(0.251914 2.77534 1.86337e-19)
(0.126561 1.7412 0)
(-0.0865827 3.22435 9.54489e-18)
(0.486852 3.77925 -9.55408e-18)
(0.343428 3.79023 0)
(0.405256 3.59636 1.09272e-17)
(0.382153 3.4687 -7.31968e-21)
(0.348008 3.35514 -1.15056e-17)
(0.295606 3.26194 -1.25642e-17)
(0.22965 3.19209 -1.51458e-21)
(0.168684 2.98025 1.94595e-19)
(0.0556033 2.03091 0)
(-0.117719 2.81558 -4.68086e-18)
(0.216655 3.57286 0)
(0.142699 3.57326 -5.51209e-18)
(0.197716 3.49918 -5.42048e-18)
(0.198148 3.38671 3.67255e-19)
(0.189392 3.2977 -6.45855e-18)
(0.169274 3.23107 6.16976e-18)
(0.13816 3.16732 -1.92463e-19)
(0.103562 3.02203 3.00542e-19)
(0.0524651 2.12718 6.50506e-18)
(-0.0323365 2.51087 -5.06669e-18)
(0.182114 3.33878 0)
(0.133927 3.40526 1.10138e-17)
(0.160279 3.34348 -5.96233e-18)
(0.146479 3.28173 -2.6819e-21)
(0.127934 3.24011 3.47517e-19)
(0.111374 3.21602 -1.60139e-20)
(0.0924723 3.19214 -6.3445e-18)
(0.0885163 3.06841 1.9745e-19)
(0.0212496 2.24173 -1.32749e-17)
(-0.040197 2.34962 0)
(0.0634414 3.24816 -5.35453e-18)
(0.0294723 3.33605 -1.12384e-19)
(0.0620372 3.3026 -3.56831e-19)
(0.0671061 3.26203 3.62822e-19)
(0.066701 3.22357 6.1021e-18)
(0.0679849 3.19427 6.25955e-18)
(0.0605129 3.17623 1.22107e-17)
(0.0614156 3.08332 6.33457e-18)
(0.0263229 2.31427 -3.28234e-21)
(-0.0348464 2.29904 0)
(0.0470065 3.16093 5.45591e-18)
(0.0236011 3.25596 -5.62964e-18)
(0.0453878 3.23409 -3.58789e-19)
(0.0477043 3.20912 7.34996e-19)
(0.0460025 3.19194 8.72031e-22)
(0.0449243 3.18948 -3.94856e-19)
(0.0436839 3.17921 -6.35643e-18)
(0.0561589 3.0995 -6.04558e-18)
(0.00717307 2.39775 -8.76266e-21)
(-0.041434 2.28601 5.36907e-18)
(-0.00170663 3.13228 -2.61885e-19)
(-0.0125204 3.22618 1.78847e-19)
(0.00306093 3.21607 0)
(0.0138785 3.19761 0)
(0.0205505 3.18248 0)
(0.0319403 3.16468 0)
(0.0326815 3.15885 6.49089e-18)
(0.0470211 3.10217 -6.35851e-18)
(0.0186493 2.45218 6.74036e-18)
(-0.04535 2.36426 1.2115e-19)
(-0.0134117 3.10904 5.63606e-18)
(-0.0051284 3.18453 0)
(0.00080423 3.17377 -3.7114e-19)
(0.0102339 3.16001 3.79502e-19)
(0.0173353 3.15191 0)
(0.0215386 3.15355 -1.98599e-19)
(0.0262672 3.14851 -6.30355e-18)
(0.0434015 3.10016 6.65257e-18)
(0.0110076 2.52133 0)
(-0.0370588 2.42202 -6.12095e-20)
(-0.030442 3.10184 -8.39804e-18)
(-0.0226982 3.16141 0)
(-0.0168698 3.15469 0)
(-0.00728816 3.14361 3.80711e-19)
(0.00375349 3.13356 -3.1327e-18)
(0.0190039 3.12428 -3.9852e-19)
(0.024514 3.12424 3.27824e-18)
(0.0420079 3.09267 0)
(0.0211244 2.58022 0)
(-0.0448937 2.49512 -8.36703e-18)
(-0.0343837 3.08638 2.82576e-18)
(-0.0197341 3.12558 0)
(-0.0107005 3.1171 0)
(-0.00111398 3.1086 0)
(0.00832979 3.10456 6.27791e-18)
(0.0147165 3.11036 0)
(0.0221935 3.11179 -3.49209e-18)
(0.0404799 3.08863 2.10602e-19)
(0.0155815 2.64995 3.44861e-18)
(-0.0368232 2.59514 2.8667e-18)
(-0.0418733 3.08005 -2.68443e-19)
(-0.0266311 3.10636 3.1124e-18)
(-0.0185191 3.09765 2.9998e-18)
(-0.00878952 3.09016 0)
(0.00149377 3.08613 -3.14396e-18)
(0.0148604 3.07983 0)
(0.0211619 3.08268 0)
(0.0373289 3.07146 0)
(0.0226314 2.70752 -3.46463e-18)
(-0.0339233 2.6811 -2.70389e-18)
(-0.0390258 3.06447 2.77883e-18)
(-0.0224208 3.07096 -2.9281e-18)
(-0.0125625 3.06109 -4.50794e-18)
(-0.00448494 3.05426 0)
(0.00548785 3.05181 3.95194e-19)
(0.0142067 3.05876 -2.02617e-19)
(0.0227705 3.0627 1.45857e-18)
(0.041711 3.05794 1.81674e-18)
(0.0210015 2.77503 -1.85969e-18)
(-0.0352444 2.77219 2.77669e-18)
(-0.0475026 3.04428 -2.67765e-18)
(-0.0339293 3.04746 1.83596e-19)
(-0.0211352 3.03968 1.11735e-18)
(-0.00970992 3.03535 -1.52278e-18)
(0.00157971 3.03408 0)
(0.0152783 3.03001 1.63104e-18)
(0.0267363 3.03439 4.87083e-21)
(0.0438686 3.03905 -3.43353e-18)
(0.0278258 2.83718 -6.40599e-21)
(-0.0284752 2.86046 -6.99963e-19)
(-0.0436183 3.02422 1.78397e-19)
(-0.0227495 3.01705 -9.16273e-19)
(-0.0111311 3.01363 3.72751e-19)
(-0.00207925 3.01329 1.85089e-18)
(0.00636814 3.01247 -7.66352e-19)
(0.0149025 3.01332 -8.0718e-19)
(0.0231461 3.01699 -8.36981e-19)
(0.042418 3.01827 1.72593e-18)
(0.0254619 2.8968 8.82924e-19)
(-0.0175236 2.93659 5.63998e-19)
(-0.0255828 2.99912 2.48474e-19)
(-0.0153597 3.001 5.08073e-19)
(-0.00862306 3.00125 -1.03922e-18)
(-0.00396516 3.00256 3.47969e-19)
(0.000981443 3.00195 7.17037e-19)
(0.00493019 3.00066 -7.45132e-19)
(0.0102412 2.9992 -7.72213e-19)
(0.0215026 3.00085 9.94929e-20)
(0.0159199 2.95279 7.1283e-19)
)
;

boundaryField
{
    wall-4
    {
        type            noSlip;
    }
    pressure-outlet-7
    {
        type            zeroGradient;
    }
    velocity-inlet-6
    {
        type            fixedValue;
        value           uniform (0 3 0);
    }
    velocity-inlet-5
    {
        type            parabolicVelocity;
        maxValue        10;
        n               (1 0 0);
        y               (0 1 0);
        value           nonuniform List<vector> 
20
(
(0.381518 0 0)
(1.19474 0 0)
(2.1232 0 0)
(3.16908 0 0)
(4.32585 0 0)
(5.57242 0 0)
(6.86447 0 0)
(8.12141 0 0)
(9.20707 0 0)
(9.90123 0 0)
(9.90123 0 0)
(9.20707 0 0)
(8.12141 0 0)
(6.86447 0 0)
(5.57242 0 0)
(4.32585 0 0)
(3.16908 0 0)
(2.1232 0 0)
(1.19474 0 0)
(0.381518 0 0)
)
;
    }
    frontAndBackPlanes
    {
        type            empty;
    }
}


// ************************************************************************* //
