/*--------------------------------*- C++ -*----------------------------------*\
| =========                 |                                                 |
| \\      /  F ield         | OpenFOAM: The Open Source CFD Toolbox           |
|  \\    /   O peration     | Version:  2412                                  |
|   \\  /    A nd           | Website:  www.openfoam.com                      |
|    \\/     M anipulation  |                                                 |
\*---------------------------------------------------------------------------*/
FoamFile
{
    version     2.0;
    format      ascii;
    arch        "LSB;label=32;scalar=64";
    class       volVectorField;
    location    "5";
    object      U;
}
// * * * * * * * * * * * * * * * * * * * * * * * * * * * * * * * * * * * * * //

dimensions      [0 1 -1 0 0 0 0];

internalField   nonuniform List<vector> 
2200
(
(0.374376 -0.000483589 0)
(1.19305 -0.000677803 0)
(2.12233 0.00071174 0)
(3.16855 0.00088678 0)
(4.32536 0.00160367 0)
(5.57239 0.00215394 0)
(6.86379 0.00281806 0)
(8.12051 0.00323983 0)
(9.20616 0.00318048 0)
(9.90097 0.00325579 0)
(9.90061 0.00327047 0)
(9.20656 0.00320272 0)
(8.12108 0.00230806 0)
(6.86399 0.00220777 0)
(5.57205 0.00164251 0)
(4.32526 0.00151531 0)
(3.16817 0.00115965 0)
(2.12219 0.00110126 0)
(1.1922 0.00183033 0)
(0.37249 0.00107169 0)
(0.376296 0.00229449 0)
(1.19042 0.00047394 0)
(2.12325 0.00224627 0)
(3.16949 0.00353805 0)
(4.32604 0.00601374 0)
(5.57304 0.00744887 0)
(6.86535 0.00949813 0)
(8.12194 0.0108136 0)
(9.20748 0.012046 0)
(9.90008 0.0114602 0)
(9.90039 0.009458 0)
(9.2055 0.00749868 0)
(8.11935 0.00658942 0)
(6.86248 0.00491386 0)
(5.57001 0.00416026 0)
(4.32323 0.00314607 0)
(3.16591 0.00239089 0)
(2.11753 0.00143242 0)
(1.18437 0.00235171 0)
(0.370482 -0.00190971 0)
(0.384336 0.00503793 0)
(1.19156 0.00321607 0)
(2.12635 0.00579458 0)
(3.17325 0.00770639 0)
(4.32953 0.0103196 0)
(5.57294 0.0143731 0)
(6.86489 0.0154276 0)
(8.12033 0.0167188 0)
(9.20555 0.018152 0)
(9.89733 0.0174119 0)
(9.89658 0.0151226 0)
(9.20145 0.0124306 0)
(8.11536 0.0100815 0)
(6.85784 0.00762922 0)
(5.56569 0.00504399 0)
(4.31944 0.00346545 0)
(3.16229 0.0021918 0)
(2.11366 0.000414037 0)
(1.1775 -0.000205246 0)
(0.373324 -0.00459138 0)
(0.406033 0.0069038 0)
(1.19747 0.0079657 0)
(2.13385 0.0126902 0)
(3.18028 0.0146434 0)
(4.33406 0.019219 0)
(5.57927 0.0216988 0)
(6.86816 0.0229669 0)
(8.12149 0.0252652 0)
(9.20602 0.0257265 0)
(9.8939 0.0245643 0)
(9.89292 0.0214373 0)
(9.19725 0.0172082 0)
(8.11057 0.0122813 0)
(6.85445 0.00793212 0)
(5.56331 0.00344916 0)
(4.31656 4.6052e-05 0)
(3.16085 -0.000289735 0)
(2.11204 -0.00191459 0)
(1.17296 -0.00309856 0)
(0.387001 -0.00496054 0)
(0.442303 0.00579918 0)
(1.21136 0.0153088 0)
(2.15344 0.0182578 0)
(3.19695 0.0268377 0)
(4.34529 0.0315901 0)
(5.58577 0.030114 0)
(6.87086 0.0332091 0)
(8.1226 0.0333227 0)
(9.20588 0.0337428 0)
(9.89005 0.031317 0)
(9.88855 0.0252249 0)
(9.19155 0.0190708 0)
(8.10511 0.0129513 0)
(6.8477 0.00637513 0)
(5.55726 0.0015813 0)
(4.31301 -0.00404116 0)
(3.15917 -0.00664746 0)
(2.11474 -0.00490032 0)
(1.17294 -0.00950717 0)
(0.407661 -0.00376971 0)
(0.483615 0.00223131 0)
(1.23746 0.0222915 0)
(2.1769 0.0213815 0)
(3.21139 0.0353138 0)
(4.36224 0.0379215 0)
(5.59785 0.0424723 0)
(6.87845 0.0431268 0)
(8.12627 0.0424552 0)
(9.20708 0.0417418 0)
(9.88635 0.0381088 0)
(9.88343 0.0315638 0)
(9.18515 0.0233165 0)
(8.09749 0.0141755 0)
(6.84308 0.00449214 0)
(5.55444 -0.00345472 0)
(4.31198 -0.00709155 0)
(3.15604 -0.0119109 0)
(2.11525 -0.00911407 0)
(1.18173 -0.0161937 0)
(0.437973 -0.000675751 0)
(0.527383 0.000353047 0)
(1.29181 0.0281242 0)
(2.19083 0.0269859 0)
(3.22337 0.0392629 0)
(4.37917 0.0431894 0)
(5.61259 0.0535374 0)
(6.89087 0.0543575 0)
(8.13252 0.0534335 0)
(9.21004 0.0517262 0)
(9.88146 0.0454476 0)
(9.87708 0.0355454 0)
(9.17862 0.024526 0)
(8.09347 0.0117148 0)
(6.83895 0.000656481 0)
(5.54928 -0.00773407 0)
(4.3073 -0.0101137 0)
(3.14917 -0.0143769 0)
(2.10972 -0.0141193 0)
(1.21214 -0.0204662 0)
(0.464956 0.00183479 0)
(0.575951 0.00270131 0)
(1.35556 0.0308988 0)
(2.19321 0.0370688 0)
(3.23781 0.0397233 0)
(4.3897 0.0506803 0)
(5.62315 0.0608627 0)
(6.90155 0.064088 0)
(8.1411 0.0662102 0)
(9.21602 0.0632408 0)
(9.87921 0.0546795 0)
(9.8726 0.0407984 0)
(9.17229 0.025971 0)
(8.08557 0.0114901 0)
(6.82984 0.000288819 0)
(5.53943 -0.0071487 0)
(4.29666 -0.0107437 0)
(3.14207 -0.0141255 0)
(2.09032 -0.0200415 0)
(1.25691 -0.0226065 0)
(0.495058 -7.36397e-05 0)
(0.634318 0.0056933 0)
(1.42772 0.0303764 0)
(2.19695 0.0456541 0)
(3.26241 0.039234 0)
(4.39753 0.0534461 0)
(5.6306 0.0616788 0)
(6.90578 0.0691413 0)
(8.1424 0.0739349 0)
(9.21795 0.073575 0)
(9.8724 0.0639394 0)
(9.86479 0.0467792 0)
(9.16095 0.0280648 0)
(8.07433 0.0122828 0)
(6.8163 0.00484412 0)
(5.52579 -0.00381527 0)
(4.28067 -0.00973278 0)
(3.13263 -0.0101042 0)
(2.06177 -0.0248045 0)
(1.30478 -0.0206411 0)
(0.532408 -0.00302279 0)
(0.69489 0.00816441 0)
(1.49962 0.0281659 0)
(2.20752 0.0541405 0)
(3.28337 0.0395116 0)
(4.40937 0.0602373 0)
(5.64072 0.0642951 0)
(6.90963 0.075382 0)
(8.14518 0.0840413 0)
(9.21823 0.0850896 0)
(9.86223 0.0738972 0)
(9.85199 0.0533107 0)
(9.1473 0.0325983 0)
(8.05488 0.0168919 0)
(6.79666 0.00722024 0)
(5.51222 -0.00125084 0)
(4.26761 -0.0125074 0)
(3.12482 -0.00852901 0)
(2.04277 -0.0308006 0)
(1.35367 -0.0166436 0)
(0.570314 -0.00497489 0)
(0.764567 0.0095248 0)
(1.58637 0.028771 0)
(2.22875 0.0605467 0)
(3.31364 0.0520501 0)
(4.43096 0.0698793 0)
(5.65308 0.0751039 0)
(6.91145 0.0864428 0)
(8.13922 0.0924513 0)
(9.21111 0.0954822 0)
(9.84669 0.0845602 0)
(9.83432 0.0610045 0)
(9.12318 0.0379195 0)
(8.03051 0.0194906 0)
(6.77467 0.00517024 0)
(5.49282 -0.0035623 0)
(4.25573 -0.0214151 0)
(3.1132 -0.0112539 0)
(2.03464 -0.0401957 0)
(1.40132 -0.015722 0)
(0.607356 -0.0067562 0)
(0.829489 0.013041 0)
(1.66543 0.0321589 0)
(2.27127 0.0774899 0)
(3.33605 0.072691 0)
(4.47614 0.0969073 0)
(5.67636 0.100333 0)
(6.92102 0.107663 0)
(8.13423 0.109398 0)
(9.19469 0.11005 0)
(9.81668 0.0969667 0)
(9.79967 0.0710176 0)
(9.08748 0.0439586 0)
(7.99707 0.0208196 0)
(6.75061 -0.00370081 0)
(5.47597 -0.0193169 0)
(4.2587 -0.0339316 0)
(3.10077 -0.0296082 0)
(2.04075 -0.0525485 0)
(1.46205 -0.0201897 0)
(0.654012 -0.00901379 0)
(0.937112 0.0155934 0)
(1.79423 0.0426349 0)
(2.35013 0.0983866 0)
(3.36465 0.1032 0)
(4.52088 0.128598 0)
(5.6955 0.14002 0)
(6.93211 0.139462 0)
(8.12841 0.134744 0)
(9.17953 0.129361 0)
(9.78269 0.111542 0)
(9.76274 0.0803355 0)
(9.04802 0.0463464 0)
(7.96309 0.0114477 0)
(6.72582 -0.0208171 0)
(5.45698 -0.0440304 0)
(4.25935 -0.0559738 0)
(3.07581 -0.0566347 0)
(2.07265 -0.0695991 0)
(1.53389 -0.0261677 0)
(0.712087 -0.0108988 0)
(1.03152 0.0192653 0)
(1.90493 0.0461299 0)
(2.4389 0.114933 0)
(3.39699 0.12935 0)
(4.56343 0.15551 0)
(5.71922 0.175122 0)
(6.94404 0.17299 0)
(8.12562 0.171513 0)
(9.16388 0.159021 0)
(9.74223 0.131822 0)
(9.71821 0.0904091 0)
(9.00245 0.0432794 0)
(7.92566 -0.00296342 0)
(6.69203 -0.0337999 0)
(5.42662 -0.0644524 0)
(4.24326 -0.0708363 0)
(3.05953 -0.0813424 0)
(2.13251 -0.0840065 0)
(1.63032 -0.0310455 0)
(0.790989 -0.0123384 0)
(1.19741 0.0198904 0)
(2.08774 0.0573545 0)
(2.57277 0.129897 0)
(3.45654 0.156936 0)
(4.59929 0.171867 0)
(5.74318 0.200107 0)
(6.9586 0.210044 0)
(8.12942 0.209244 0)
(9.15441 0.192519 0)
(9.70549 0.157048 0)
(9.67624 0.101443 0)
(8.96508 0.0404812 0)
(7.88746 -0.0145478 0)
(6.65794 -0.0453789 0)
(5.40463 -0.0740728 0)
(4.22283 -0.0840308 0)
(3.05542 -0.0973374 0)
(2.20433 -0.0869868 0)
(1.73522 -0.0324545 0)
(0.874667 -0.0130532 0)
(1.31256 0.0209664 0)
(2.23301 0.0539877 0)
(2.70227 0.135772 0)
(3.53012 0.179245 0)
(4.65572 0.205629 0)
(5.7903 0.228219 0)
(6.98262 0.243646 0)
(8.14168 0.250287 0)
(9.15122 0.232861 0)
(9.67512 0.188106 0)
(9.64078 0.111649 0)
(8.92468 0.0376994 0)
(7.8459 -0.0217907 0)
(6.61679 -0.0559792 0)
(5.37915 -0.0790134 0)
(4.19821 -0.0992346 0)
(3.06926 -0.113184 0)
(2.29335 -0.0969142 0)
(1.86043 -0.0360792 0)
(0.973645 -0.0128966 0)
(1.51305 0.0250912 0)
(2.45338 0.071844 0)
(2.87436 0.157403 0)
(3.62677 0.205483 0)
(4.70567 0.239614 0)
(5.83934 0.253497 0)
(6.99497 0.279406 0)
(8.14585 0.286323 0)
(9.14359 0.271134 0)
(9.64385 0.221614 0)
(9.60196 0.129533 0)
(8.87749 0.0459984 0)
(7.78992 -0.0138663 0)
(6.56507 -0.0627604 0)
(5.35817 -0.0898066 0)
(4.16918 -0.125985 0)
(3.08784 -0.123033 0)
(2.38834 -0.0993803 0)
(1.98481 -0.0355112 0)
(1.06145 -0.0117375 0)
(1.66776 0.0225335 0)
(2.64586 0.0665002 0)
(3.05452 0.164779 0)
(3.74285 0.228165 0)
(4.77605 0.281654 0)
(5.89854 0.302096 0)
(7.00962 0.323075 0)
(8.13906 0.316871 0)
(9.10972 0.304483 0)
(9.5777 0.254961 0)
(9.52524 0.158291 0)
(8.78673 0.070615 0)
(7.69876 0.00234313 0)
(6.49543 -0.0701318 0)
(5.32074 -0.102816 0)
(4.13639 -0.14344 0)
(3.12605 -0.138129 0)
(2.5042 -0.109503 0)
(2.13317 -0.0405013 0)
(1.16772 -0.0105759 0)
(1.88527 0.0311697 0)
(2.902 0.0852548 0)
(3.26642 0.188137 0)
(3.88826 0.254798 0)
(4.85458 0.323815 0)
(5.95998 0.347426 0)
(7.02787 0.377185 0)
(8.1204 0.368962 0)
(9.04777 0.350559 0)
(9.46512 0.298721 0)
(9.4032 0.192945 0)
(8.67359 0.0952134 0)
(7.59832 0.0072228 0)
(6.42029 -0.0783221 0)
(5.27288 -0.12001 0)
(4.10736 -0.164131 0)
(3.17515 -0.142709 0)
(2.6323 -0.109349 0)
(2.28063 -0.0371829 0)
(1.25902 -0.00782454 0)
(2.11449 0.026906 0)
(3.15138 0.0846055 0)
(3.50712 0.199152 0)
(4.06285 0.283059 0)
(4.96388 0.36427 0)
(6.03464 0.400832 0)
(7.0677 0.443843 0)
(8.12983 0.445424 0)
(9.00064 0.424728 0)
(9.36143 0.358043 0)
(9.28365 0.221355 0)
(8.5622 0.100851 0)
(7.49367 -0.0037812 0)
(6.33669 -0.084846 0)
(5.20958 -0.134483 0)
(4.09205 -0.181932 0)
(3.24949 -0.156337 0)
(2.77321 -0.114209 0)
(2.44825 -0.0397622 0)
(1.3533 -0.00216788 0)
(2.33542 0.0354495 0)
(3.44986 0.0973894 0)
(3.76642 0.223355 0)
(4.26704 0.312623 0)
(5.09448 0.413494 0)
(6.11564 0.462642 0)
(7.12338 0.509733 0)
(8.16169 0.531272 0)
(8.97132 0.509556 0)
(9.28503 0.432465 0)
(9.19571 0.257281 0)
(8.47169 0.117909 0)
(7.40407 0.00105614 0)
(6.26136 -0.0836632 0)
(5.14121 -0.150211 0)
(4.08623 -0.191858 0)
(3.33175 -0.157264 0)
(2.93366 -0.111762 0)
(2.6214 -0.0295493 0)
(1.41952 0.00375352 0)
(2.65933 0.0325343 0)
(3.7665 0.10821 0)
(4.07602 0.236567 0)
(4.50782 0.351041 0)
(5.26544 0.467389 0)
(6.22825 0.532884 0)
(7.20239 0.58864 0)
(8.19545 0.621006 0)
(8.93209 0.599837 0)
(9.20082 0.509963 0)
(9.08893 0.308516 0)
(8.34852 0.149252 0)
(7.27827 0.0221258 0)
(6.15052 -0.0777498 0)
(5.05799 -0.157944 0)
(4.0884 -0.194364 0)
(3.43055 -0.152529 0)
(3.10099 -0.0946629 0)
(2.80583 -0.0234091 0)
(1.4526 0.0161481 0)
(2.8921 0.0464321 0)
(4.12118 0.115777 0)
(4.39498 0.273354 0)
(4.77872 0.390452 0)
(5.45532 0.529046 0)
(6.34403 0.622041 0)
(7.27424 0.69174 0)
(8.21931 0.732141 0)
(8.85317 0.702652 0)
(9.05796 0.600654 0)
(8.92049 0.376595 0)
(8.18737 0.196816 0)
(7.14139 0.0522218 0)
(6.03741 -0.0714464 0)
(4.98391 -0.167602 0)
(4.11523 -0.190457 0)
(3.55896 -0.150217 0)
(3.28908 -0.0920657 0)
(2.96746 -0.00312073 0)
(1.43917 0.019233 0)
(3.35395 0.0504451 0)
(4.51686 0.154113 0)
(4.78699 0.307669 0)
(5.10186 0.459472 0)
(5.70158 0.628178 0)
(6.50589 0.749794 0)
(7.37903 0.837796 0)
(8.24343 0.87803 0)
(8.74861 0.833864 0)
(8.8969 0.711452 0)
(8.7211 0.450563 0)
(7.99818 0.241803 0)
(6.96954 0.0632001 0)
(5.87841 -0.0895121 0)
(4.89487 -0.164174 0)
(4.14414 -0.18573 0)
(3.68788 -0.131627 0)
(3.48887 -0.0725872 0)
(3.15375 -0.0151699 0)
(1.40803 0.0347195 0)
(3.67739 0.0751906 0)
(4.98259 0.171891 0)
(5.20018 0.379701 0)
(5.45586 0.558894 0)
(5.97388 0.754307 0)
(6.68043 0.91071 0)
(7.48943 1.01746 0)
(8.24374 1.04573 0)
(8.6322 0.985255 0)
(8.7368 0.833802 0)
(8.51026 0.534544 0)
(7.79556 0.304302 0)
(6.79632 0.0920756 0)
(5.75386 -0.0781758 0)
(4.84994 -0.153133 0)
(4.22303 -0.160068 0)
(3.83827 -0.112233 0)
(3.64363 -0.0445838 0)
(3.35639 0.0323048 0)
(1.34148 0.0434903 0)
(4.40957 0.114733 0)
(5.48678 0.276764 0)
(5.68146 0.498017 0)
(5.8675 0.716263 0)
(6.29504 0.942977 -1.19705e-33)
(6.89608 1.11356 6.63751e-36)
(7.61015 1.23001 0)
(8.23053 1.23362 0)
(8.51489 1.15306 0)
(8.57134 0.977476 0)
(8.28307 0.642063 0)
(7.56268 0.389779 0)
(6.56663 0.121328 0)
(5.57124 -0.0645847 0)
(4.77657 -0.113568 0)
(4.25404 -0.104233 0)
(3.97743 -0.0255302 0)
(3.85041 0.0270915 0)
(3.37767 0.0921998 0)
(1.07383 0.0497625 0)
(5.14144 0.281318 -4.1286e-19)
(6.05324 0.412698 3.49418e-19)
(6.14932 0.730594 0)
(6.26355 0.963545 -1.13093e-19)
(6.60602 1.18714 9.1259e-20)
(7.09972 1.35786 -7.03818e-36)
(7.70889 1.46296 0)
(8.17919 1.44692 1.07683e-19)
(8.36735 1.35434 -4.58874e-19)
(8.3578 1.15354 1.08234e-19)
(7.99218 0.785394 0)
(7.248 0.4973 -4.6193e-19)
(6.28193 0.189425 -5.60019e-19)
(5.43719 0.0312008 9.72896e-19)
(4.82479 -0.0182805 -7.67178e-19)
(4.4489 0.0154523 0)
(4.22224 0.0756783 -3.05247e-19)
(4.04264 0.121555 0)
(3.36179 0.128057 -1.57323e-18)
(0.819685 0.0649223 1.90884e-18)
(5.58848 0.543263 -2.87417e-20)
(6.49164 0.715017 -1.97883e-18)
(6.55175 1.02511 4.13843e-19)
(6.59608 1.24479 8.46817e-19)
(6.8569 1.45451 1.91828e-19)
(7.23577 1.62536 -2.7618e-19)
(7.74266 1.72642 0)
(8.0792 1.70294 0)
(8.18697 1.59647 8.09092e-19)
(8.0902 1.37805 0)
(7.65727 0.984609 1.66047e-18)
(6.90153 0.654402 5.04347e-19)
(6.01573 0.34443 -2.09432e-20)
(5.31615 0.206321 -1.19637e-18)
(4.82246 0.18127 0)
(4.54916 0.212687 0)
(4.40772 0.275813 -5.33343e-18)
(4.25798 0.311757 1.3427e-17)
(3.46877 0.271069 -7.97384e-18)
(0.843924 0.0866492 -9.45455e-18)
(5.9196 0.861967 2.34772e-18)
(6.90682 1.17247 -8.58734e-19)
(6.8985 1.41173 -2.47444e-19)
(6.88966 1.56243 -1.57654e-18)
(7.05988 1.75248 3.82816e-19)
(7.33531 1.91394 7.85954e-19)
(7.72573 2.01358 -1.13639e-19)
(7.94939 1.98233 0)
(7.99123 1.85928 -1.83492e-18)
(7.81745 1.61948 2.38367e-18)
(7.34001 1.20966 -4.60491e-18)
(6.61071 0.853143 2.29244e-18)
(5.85186 0.580415 -1.69689e-18)
(5.32847 0.487976 3.68127e-18)
(4.99838 0.484738 0)
(4.76714 0.526603 -1.42656e-18)
(4.60599 0.569311 0)
(4.34927 0.570866 7.96932e-18)
(3.4825 0.427951 -1.887e-17)
(0.974688 0.171912 1.18725e-17)
(6.14582 1.18255 -1.0273e-17)
(7.19366 1.63644 5.57275e-18)
(7.19309 1.79681 8.68232e-19)
(7.12584 1.91764 0)
(7.22036 2.07712 9.317e-19)
(7.41035 2.22699 -1.03549e-18)
(7.67376 2.30937 2.62242e-20)
(7.80342 2.2771 0)
(7.79233 2.13364 1.33144e-18)
(7.5554 1.87127 -1.62924e-18)
(7.04914 1.45666 4.27375e-18)
(6.36631 1.09794 0)
(5.71126 0.864528 -3.62582e-18)
(5.24912 0.772072 1.98989e-18)
(4.92399 0.751372 5.31778e-18)
(4.7351 0.735015 -4.68264e-18)
(4.60162 0.771029 7.67899e-18)
(4.41844 0.805368 -1.70374e-17)
(3.63915 0.623177 1.08147e-17)
(1.1931 0.272607 -1.36352e-17)
(6.28572 1.49009 6.02281e-18)
(7.4355 2.09286 -6.3371e-18)
(7.4084 2.21058 2.72788e-18)
(7.30936 2.28697 -3.85242e-18)
(7.34199 2.41544 2.70436e-18)
(7.44925 2.54997 -4.63266e-19)
(7.58743 2.60715 6.61258e-20)
(7.65255 2.5707 -8.14752e-19)
(7.5882 2.40968 -1.49908e-18)
(7.30482 2.12682 -3.76752e-18)
(6.78305 1.71697 -9.30239e-18)
(6.15286 1.36944 -3.16411e-18)
(5.59927 1.16862 6.94523e-20)
(5.24713 1.0989 -7.28077e-18)
(5.02097 1.09378 -2.1629e-19)
(4.8352 1.1128 6.96868e-18)
(4.69609 1.09408 -2.17511e-18)
(4.45239 1.086 -1.25076e-18)
(3.62499 0.809764 0)
(1.33187 0.371311 2.98719e-17)
(6.35409 1.75934 0)
(7.57193 2.54774 1.82632e-18)
(7.56698 2.60478 0)
(7.44255 2.656 -3.76227e-19)
(7.42145 2.76664 -3.18399e-18)
(7.45084 2.8718 8.17693e-19)
(7.49937 2.90818 -1.00796e-19)
(7.50058 2.85777 1.56981e-18)
(7.38949 2.6805 -1.00483e-18)
(7.07119 2.38228 1.53875e-18)
(6.549 1.98095 5.06072e-18)
(5.97626 1.65191 7.00618e-18)
(5.49993 1.47463 -4.36705e-18)
(5.16133 1.39064 7.95685e-18)
(4.90469 1.34157 -6.36709e-18)
(4.76004 1.29987 0)
(4.63654 1.26279 -1.6786e-17)
(4.44349 1.26014 2.25014e-17)
(3.73994 1.00456 1.71948e-18)
(1.52469 0.497103 -3.20936e-17)
(6.3711 2.0011 -5.3496e-19)
(7.66745 2.95043 -5.19884e-18)
(7.68373 2.95394 -1.45081e-17)
(7.53128 3.0122 8.21209e-18)
(7.46356 3.10373 -1.90171e-18)
(7.42382 3.18792 1.08175e-18)
(7.40648 3.20248 -4.77739e-19)
(7.35045 3.13375 -9.54555e-20)
(7.19735 2.94379 -3.4182e-18)
(6.85229 2.63467 -2.94536e-20)
(6.33867 2.24381 -5.59427e-18)
(5.80557 1.93388 -7.51605e-18)
(5.38567 1.75991 4.89886e-18)
(5.12245 1.67337 -2.88343e-18)
(4.95832 1.63038 6.95956e-18)
(4.80895 1.63532 0)
(4.6685 1.57296 -1.04618e-17)
(4.44053 1.55624 1.54801e-17)
(3.72107 1.21408 2.99822e-17)
(1.60725 0.600002 -3.51737e-17)
(6.35737 2.23145 -2.13441e-17)
(7.70063 3.34849 1.22859e-17)
(7.75973 3.28966 9.37304e-18)
(7.58736 3.34703 -8.89484e-18)
(7.46852 3.43611 4.07443e-19)
(7.3805 3.49572 2.70177e-18)
(7.31282 3.48495 -6.43641e-20)
(7.20665 3.39783 -7.47435e-19)
(7.01706 3.1965 -2.29779e-18)
(6.65234 2.88063 3.79554e-18)
(6.15494 2.49949 5.28839e-18)
(5.66845 2.20288 1.17928e-17)
(5.30465 2.02585 0)
(5.03897 1.92423 2.00628e-19)
(4.81801 1.83428 -1.9294e-17)
(4.68132 1.78766 4.42397e-18)
(4.57549 1.70988 2.25092e-17)
(4.3832 1.70321 -6.53171e-18)
(3.70973 1.39703 1.44338e-17)
(1.62172 0.685126 -1.11761e-18)
(6.33016 2.45813 8.13066e-19)
(7.73433 3.71439 1.1391e-17)
(7.82253 3.58248 7.04665e-18)
(7.59354 3.67489 -1.54789e-17)
(7.44547 3.74416 9.94263e-18)
(7.31863 3.7834 -3.13879e-18)
(7.21027 3.75078 1.5367e-21)
(7.06592 3.6461 1.62011e-18)
(6.84607 3.43614 3.84755e-18)
(6.46746 3.11736 -5.01408e-18)
(5.98839 2.74361 0)
(5.53313 2.45836 -4.59809e-18)
(5.19386 2.27481 5.27427e-18)
(4.96446 2.16647 7.01512e-18)
(4.82646 2.08151 -4.02068e-18)
(4.68857 2.06937 -1.01175e-17)
(4.56709 1.98072 -3.07596e-18)
(4.34932 1.95026 -4.60897e-20)
(3.68709 1.5428 0)
(1.59453 0.761614 0)
(6.22725 2.68893 -1.24219e-17)
(7.73538 4.00372 0)
(7.82207 3.87765 7.90046e-18)
(7.5675 3.98035 -3.62144e-18)
(7.39351 4.03081 -9.89958e-18)
(7.24312 4.04828 2.81232e-18)
(7.10814 3.99636 -8.66558e-20)
(6.933 3.87818 -8.20652e-19)
(6.68629 3.66147 2.58997e-18)
(6.29822 3.34206 -2.06415e-18)
(5.83622 2.97369 2.95658e-18)
(5.40967 2.6941 1.42299e-17)
(5.099 2.49829 5.13923e-19)
(4.86273 2.36632 -7.14585e-18)
(4.66893 2.25207 1.37564e-17)
(4.51996 2.19891 1.71082e-19)
(4.42351 2.08185 3.29637e-18)
(4.22937 2.07217 -1.61216e-17)
(3.6133 1.6822 1.65732e-17)
(1.55015 0.805771 -1.81672e-17)
(6.17577 2.90859 -1.83296e-21)
(7.71064 4.3377 0)
(7.80432 4.15424 0)
(7.51042 4.26005 3.18578e-18)
(7.32233 4.28927 3.79865e-18)
(7.16069 4.28532 -2.0328e-18)
(7.00262 4.22081 1.18262e-18)
(6.80208 4.09236 0)
(6.53408 3.87136 -4.18108e-18)
(6.14019 3.55356 7.34774e-18)
(5.69328 3.19025 8.89204e-18)
(5.28269 2.91414 -5.36521e-18)
(4.9773 2.71407 -6.65462e-18)
(4.75627 2.57714 1.56953e-17)
(4.62516 2.4614 -4.86174e-18)
(4.49674 2.41459 -5.90205e-18)
(4.40293 2.29982 -3.60787e-18)
(4.19257 2.24067 -1.74623e-17)
(3.56327 1.80178 2.3772e-18)
(1.49606 0.844134 1.95874e-17)
(6.04537 3.06872 -4.95538e-18)
(7.65693 4.56693 -6.90466e-18)
(7.74122 4.41713 8.66345e-19)
(7.43092 4.53164 6.31464e-20)
(7.24806 4.52342 1.07915e-18)
(7.07668 4.50008 -5.17522e-18)
(6.89988 4.42531 0)
(6.67637 4.28969 8.04561e-19)
(6.39188 4.06582 -6.32995e-19)
(5.99347 3.75037 1.17651e-17)
(5.55685 3.39227 -2.28573e-18)
(5.15448 3.11592 2.44407e-18)
(4.85832 2.90252 0)
(4.63367 2.74006 -8.55653e-18)
(4.45536 2.59992 1.06081e-17)
(4.31295 2.51934 0)
(4.22674 2.38708 -7.93904e-18)
(4.0357 2.33989 2.31749e-17)
(3.45992 1.90374 2.81862e-18)
(1.41967 0.867914 -2.4189e-17)
(5.95401 3.27404 -1.04374e-17)
(7.58489 4.85424 1.26944e-17)
(7.67592 4.67386 0)
(7.35435 4.76564 7.50566e-18)
(7.17383 4.73466 0)
(6.99296 4.69519 4.82319e-18)
(6.79516 4.61231 0)
(6.55216 4.47001 0)
(6.25677 4.24425 -1.51313e-18)
(5.85379 3.9327 -1.1419e-17)
(5.42396 3.58121 -1.64898e-17)
(5.02627 3.30518 3.04435e-18)
(4.73205 3.08718 1.12602e-17)
(4.51792 2.9228 9.54058e-18)
(4.38514 2.77833 -3.39108e-17)
(4.27118 2.69014 -1.41155e-17)
(4.17921 2.55305 8.18772e-18)
(3.97364 2.4673 0)
(3.36706 1.97922 2.4253e-17)
(1.33496 0.881212 -2.60843e-17)
(5.82263 3.39811 1.13804e-17)
(7.50648 5.09276 -1.37799e-17)
(7.59738 4.91181 0)
(7.28028 5.00195 -3.92153e-19)
(7.10531 4.93461 -2.96649e-18)
(6.91164 4.87828 0)
(6.69445 4.78529 -1.6899e-19)
(6.43588 4.63618 9.73769e-19)
(6.13118 4.40839 -2.24764e-18)
(5.72258 4.10091 1.23815e-18)
(5.29707 3.75616 0)
(4.90201 3.4805 1.20938e-17)
(4.60964 3.2522 -1.06511e-20)
(4.38917 3.06491 5.13622e-18)
(4.21678 2.8981 6.26233e-18)
(4.07961 2.79322 0)
(3.99489 2.65056 -1.38845e-17)
(3.80972 2.54224 2.72162e-17)
(3.24489 2.05874 -2.94641e-17)
(1.2269 0.872949 5.64968e-17)
(5.71733 3.55182 0)
(7.42344 5.28441 0)
(7.52378 5.13682 -6.90776e-18)
(7.21059 5.21161 0)
(7.0386 5.12162 0)
(6.83132 5.05119 6.14849e-18)
(6.59621 4.94763 -2.10191e-19)
(6.32534 4.79023 5.94444e-19)
(6.0127 4.55959 -3.36576e-19)
(5.5988 4.25638 0)
(5.17799 3.9199 -2.60155e-18)
(4.78695 3.64696 -1.00027e-17)
(4.49639 3.41683 -1.246e-17)
(4.28062 3.23222 -5.12389e-18)
(4.13525 3.06178 6.77802e-18)
(4.01786 2.93065 -1.60248e-17)
(3.92388 2.77734 2.97921e-17)
(3.72133 2.65067 5.15308e-19)
(3.117 2.09449 -2.80583e-17)
(1.10185 0.849899 -3.85835e-18)
(5.61389 3.6786 0)
(7.35394 5.5321 -9.93947e-18)
(7.46044 5.34618 7.91363e-18)
(7.14545 5.41342 0)
(6.97353 5.30106 0)
(6.75374 5.21692 -1.34509e-17)
(6.50526 5.10126 0)
(6.22448 4.93496 0)
(5.90412 4.70055 -4.91263e-18)
(5.48602 4.401 2.21271e-18)
(5.06932 4.07241 -2.14197e-17)
(4.67953 3.80253 0)
(4.38347 3.56767 -1.31887e-17)
(4.15202 3.36649 4.4734e-19)
(3.96812 3.17918 -2.11313e-17)
(3.81828 3.04111 8.6743e-18)
(3.72589 2.87358 1.96654e-19)
(3.53846 2.69471 -3.19708e-17)
(2.95759 2.14491 1.51917e-17)
(0.963302 0.80193 4.20101e-18)
(5.51639 3.79548 0)
(7.26751 5.67208 -1.1753e-17)
(7.38295 5.53663 8.15393e-18)
(7.08386 5.60242 1.62094e-17)
(6.90791 5.46938 3.02228e-18)
(6.67876 5.37417 -1.74272e-18)
(6.41882 5.24746 1.13964e-18)
(6.12995 5.07156 7.39592e-19)
(5.80392 4.83267 5.26332e-18)
(5.3832 4.53622 1.50895e-17)
(4.97031 4.21614 1.78127e-17)
(4.58044 3.95125 3.29663e-18)
(4.27898 3.71814 1.91867e-17)
(4.04096 3.51996 1.21728e-17)
(3.87025 3.33433 1.52335e-17)
(3.74367 3.16643 -9.40096e-18)
(3.63583 2.98277 -1.16401e-17)
(3.4251 2.7874 1.37032e-17)
(2.79778 2.13856 -8.35737e-18)
(0.792476 0.746015 1.41708e-17)
(5.44076 3.9191 1.71906e-17)
(7.20722 5.8846 1.86189e-17)
(7.32947 5.72366 4.29721e-18)
(7.0172 5.77461 3.33445e-19)
(6.84401 5.63051 -1.08227e-17)
(6.60692 5.52451 3.89912e-18)
(6.3387 5.3865 -1.28475e-18)
(6.04441 5.20135 -3.42353e-19)
(5.71428 4.95781 -6.08165e-18)
(5.29167 4.66356 -1.66531e-17)
(4.88032 4.35068 1.13975e-18)
(4.48717 4.0905 0)
(4.17528 3.85923 0)
(3.91823 3.65292 -6.24709e-18)
(3.71016 3.45103 -2.42146e-17)
(3.53432 3.28353 2.0147e-17)
(3.41889 3.08589 1.24249e-17)
(3.20742 2.81975 0)
(2.57645 2.15941 2.6941e-17)
(0.595966 0.638182 -1.57783e-17)
(5.36279 4.02818 -8.81951e-18)
(7.14347 6.03168 7.43482e-18)
(7.27315 5.89202 -9.87583e-18)
(6.96029 5.94291 -1.02606e-17)
(6.77962 5.77981 -4.26636e-18)
(6.5363 5.66511 1.0923e-18)
(6.2622 5.5181 0)
(5.96503 5.32455 -8.8666e-19)
(5.63266 5.07639 6.3128e-19)
(5.20808 4.78328 0)
(4.79668 4.47696 0)
(4.3998 4.22287 2.19845e-18)
(4.07991 3.99758 3.18824e-18)
(3.81293 3.79972 -6.59441e-18)
(3.60406 3.60709 1.74661e-17)
(3.45052 3.41223 -2.17062e-17)
(3.31077 3.18875 -2.67884e-17)
(3.05956 2.88895 2.40701e-17)
(2.37045 2.08844 -9.886e-18)
(0.346449 0.516256 5.75293e-18)
(5.28656 4.13188 1.03189e-17)
(7.06462 6.18262 0)
(7.18683 6.047 0)
(6.88253 6.0901 -3.30881e-18)
(6.71534 5.92069 2.66549e-18)
(6.46759 5.79767 -3.78207e-19)
(6.19119 5.64211 -4.10992e-18)
(5.89353 5.4415 -2.33346e-19)
(5.55925 5.18898 1.03353e-17)
(5.1321 4.89596 -1.31587e-18)
(4.71915 4.59464 2.90761e-18)
(4.31853 4.3465 -1.85665e-17)
(3.98916 4.12793 -1.9286e-17)
(3.70389 3.93263 -3.44741e-18)
(3.45882 3.73132 0)
(3.24195 3.5386 -3.37237e-19)
(3.06621 3.30629 1.38e-17)
(2.7846 2.90401 -2.61297e-17)
(2.08792 2.02714 2.02584e-17)
(0.111623 0.167967 1.82134e-17)
(5.21384 4.23502 -2.22616e-17)
(6.9861 6.3258 -8.95542e-18)
(7.12364 6.18161 1.65637e-19)
(6.82091 6.22204 4.38598e-18)
(6.65125 6.04758 0)
(6.39984 5.92188 1.08132e-17)
(6.12203 5.76009 4.83592e-18)
(5.82452 5.55399 -7.41961e-19)
(5.48817 5.29774 -5.14148e-18)
(5.05778 5.00446 -1.26957e-18)
(4.64345 4.70854 1.17455e-18)
(4.24029 4.46868 1.62339e-17)
(3.90274 4.26005 1.87258e-17)
(3.60549 4.07835 3.28172e-18)
(3.35306 3.89924 1.73593e-17)
(3.14752 3.69885 0)
(2.94109 3.42446 0)
(2.57463 2.96597 1.6819e-17)
(1.68415 1.71717 1.52601e-19)
(0.150222 0.670722 -1.79608e-17)
(5.15075 4.32043 1.2019e-17)
(6.93176 6.47481 2.65521e-17)
(7.0868 6.35246 -3.85152e-17)
(6.77227 6.37276 2.19346e-17)
(6.587 6.17178 -2.32265e-18)
(6.33381 6.04125 1.39762e-17)
(6.05457 5.87331 0)
(5.75752 5.66308 8.83967e-19)
(5.41833 5.40421 0)
(4.98508 5.11155 1.59647e-17)
(4.57019 4.82196 -1.61672e-18)
(4.16558 4.59174 1.80755e-18)
(3.82037 4.39593 2.10552e-17)
(3.50542 4.22661 -7.21229e-18)
(3.21632 4.05108 -9.17098e-18)
(2.93466 3.86462 0)
(2.6333 3.61259 0)
(2.11015 3.01291 0)
(1.02484 1.90824 -8.84695e-18)
(0.466973 1.92455 -5.53692e-18)
(5.0899 4.41007 0)
(6.90054 6.6035 0)
(7.02528 6.48109 1.37051e-17)
(6.68783 6.49711 -1.81395e-17)
(6.51856 6.29065 1.16328e-17)
(6.26648 6.15196 -1.27046e-17)
(5.98739 5.98082 -4.51742e-19)
(5.69011 5.76716 3.498e-19)
(5.34829 5.50666 9.01327e-19)
(4.91357 5.21554 -1.82708e-17)
(4.50033 4.93359 2.7545e-18)
(4.09623 4.71545 1.59984e-17)
(3.7443 4.53573 -2.08998e-17)
(3.41703 4.38691 -2.35864e-17)
(3.1186 4.24669 8.19333e-18)
(2.84476 4.08301 0)
(2.50872 3.75341 1.30113e-17)
(1.77779 2.88803 1.5513e-17)
(1.10881 2.34611 -1.67031e-17)
(0.711371 2.85098 2.15611e-17)
(5.0024 4.48467 0)
(6.77184 6.6819 2.125e-17)
(6.89433 6.55851 -3.18244e-18)
(6.59346 6.58694 2.26007e-17)
(6.46017 6.39709 -1.22231e-17)
(6.1987 6.25586 0)
(5.92283 6.08318 0)
(5.62411 5.86666 0)
(5.28 5.60543 3.20337e-18)
(4.84583 5.31719 6.64118e-19)
(4.43574 5.04365 0)
(4.03318 4.83781 -1.58033e-17)
(3.67784 4.67609 0)
(3.34105 4.5491 1.68303e-17)
(3.01828 4.4216 -1.16046e-17)
(2.68128 4.25643 -9.44546e-18)
(2.23828 3.88536 -2.46359e-17)
(1.49497 3.12942 -1.35156e-17)
(1.0818 3.03892 -2.42492e-17)
(0.89839 3.41599 1.74781e-17)
(4.92684 4.55578 -7.47113e-18)
(6.70596 6.79877 5.68999e-19)
(6.85515 6.69321 -3.3946e-18)
(6.57395 6.70829 -1.75647e-17)
(6.40505 6.49618 0)
(6.13709 6.35861 0)
(5.86011 6.18118 0)
(5.5587 5.96272 5.04678e-20)
(5.21331 5.70143 -4.19435e-18)
(4.78128 5.41698 0)
(4.37547 5.15219 0)
(3.9765 4.95997 0)
(3.62011 4.81864 0)
(3.27742 4.71681 1.24565e-17)
(2.95367 4.62514 3.18445e-17)
(2.63329 4.4673 1.01139e-17)
(2.17212 3.96999 2.32714e-17)
(1.65696 3.4454 -1.86976e-17)
(1.22119 3.70339 7.97138e-18)
(1.07099 3.85065 0)
(4.90712 4.62088 7.20484e-18)
(6.69065 6.96202 -3.04776e-17)
(6.8776 6.87051 -1.16276e-17)
(6.53281 6.86637 -2.80057e-18)
(6.33758 6.61035 2.79437e-18)
(6.08214 6.46571 -1.85618e-17)
(5.79741 6.27874 1.17088e-18)
(5.49553 6.05803 3.47789e-18)
(5.14951 5.79682 0)
(4.72117 5.51671 -1.15198e-18)
(4.32001 5.26 1.04865e-18)
(3.9261 5.08034 0)
(3.57413 4.95959 0)
(3.2378 4.88418 -1.55985e-17)
(2.91627 4.80365 2.77133e-18)
(2.55311 4.60903 -9.48471e-18)
(1.98838 4.1208 2.08518e-17)
(1.42907 3.8362 1.86627e-17)
(1.08055 4.14009 -3.31824e-17)
(1.00698 4.21954 1.74267e-17)
(4.83925 4.67971 1.34415e-17)
(6.62973 7.00727 2.88279e-17)
(6.74108 6.93072 1.39086e-17)
(6.40925 6.94117 0)
(6.27754 6.7203 0)
(6.0171 6.56808 1.40046e-17)
(5.73165 6.37918 -7.02916e-18)
(5.43052 6.15518 -3.3151e-18)
(5.08551 5.89411 -1.45801e-20)
(4.66195 5.61768 1.28496e-17)
(4.26643 5.36783 -1.8891e-17)
(3.88109 5.20024 0)
(3.53896 5.1005 0)
(3.21112 5.05162 -1.10621e-17)
(2.89425 4.99627 -1.45593e-17)
(2.5296 4.79795 0)
(1.98811 4.2854 -3.09027e-17)
(1.64504 4.23119 -5.74553e-18)
(1.41568 4.65772 3.3669e-17)
(1.11959 4.65218 -1.77247e-17)
(4.73402 4.73685 -2.5434e-17)
(6.50251 7.11326 -1.84541e-17)
(6.62755 7.02583 0)
(6.35379 7.04525 0)
(6.22481 6.8263 0)
(5.94301 6.6728 0)
(5.66373 6.48205 7.38755e-18)
(5.36264 6.25453 -4.77062e-18)
(5.02051 5.99327 0)
(4.60293 5.71965 -1.15802e-17)
(4.21459 5.47533 3.40639e-17)
(3.8412 5.31782 1.46235e-18)
(3.51499 5.23643 2.23109e-18)
(3.20811 5.21237 1.87183e-17)
(2.90494 5.16085 -1.25152e-17)
(2.51261 4.90322 0)
(2.0334 4.55096 9.73022e-18)
(1.58759 4.80067 7.05002e-19)
(1.13072 5.04996 -5.11482e-18)
(0.738737 5.10979 1.06613e-17)
(4.67777 4.81172 1.20259e-17)
(6.44573 7.23053 -1.80562e-17)
(6.61526 7.19271 0)
(6.31522 7.20181 -4.09441e-18)
(6.14415 6.94415 1.50878e-17)
(5.86738 6.78695 0)
(5.58867 6.58604 0)
(5.28969 6.35537 8.78059e-18)
(4.95211 6.0931 -5.30775e-19)
(4.54145 5.82112 1.11326e-17)
(4.16267 5.58124 -1.61766e-17)
(3.80562 5.4322 1.05534e-17)
(3.50024 5.366 0)
(3.21285 5.3622 -1.02166e-17)
(2.91574 5.32174 6.39483e-18)
(2.54296 5.09308 6.93265e-18)
(2.06718 4.82764 0)
(1.71955 5.11253 4.8733e-18)
(1.28906 5.71674 8.21764e-18)
(1.16689 5.89812 2.45943e-18)
(4.61058 4.88308 -2.27531e-17)
(6.39226 7.36894 2.60476e-17)
(6.52157 7.31871 1.82442e-17)
(6.19624 7.31864 -4.71684e-18)
(6.049 7.06022 -2.27049e-17)
(5.7827 6.90016 0)
(5.50474 6.69075 6.48656e-18)
(5.2127 6.45658 -3.76157e-18)
(4.88035 6.19241 -1.77975e-19)
(4.47831 5.92125 -9.6819e-18)
(4.1117 5.68485 -7.89415e-19)
(3.77381 5.54206 -1.18325e-17)
(3.49201 5.48533 1.45214e-17)
(3.23444 5.49386 4.65055e-18)
(2.96518 5.45721 -1.0869e-17)
(2.56014 5.18686 1.16232e-17)
(2.27628 5.03023 0)
(1.92881 5.75619 0)
(1.68061 6.31884 1.50992e-18)
(0.483317 6.36964 -5.47727e-18)
(4.48495 4.93499 1.0919e-17)
(6.2445 7.4424 2.40595e-17)
(6.37154 7.39528 -1.8102e-17)
(6.08513 7.40538 1.65372e-17)
(5.95977 7.1653 2.19969e-17)
(5.68407 7.004 0)
(5.41556 6.7939 -6.89107e-18)
(5.13005 6.55595 -5.23953e-18)
(4.80432 6.28943 0)
(4.41277 6.018 0)
(4.06108 5.78387 0)
(3.745 5.64483 0)
(3.48918 5.59263 -1.65462e-17)
(3.25906 5.60494 -6.30663e-18)
(3.00484 5.56115 0)
(2.66676 5.34192 -5.97841e-18)
(2.49727 5.44834 0)
(2.52924 5.78399 -2.57533e-18)
(2.5919 5.7561 1.66244e-18)
(1.41999 5.78757 3.9527e-19)
(4.38172 5.00355 -2.07724e-17)
(6.1332 7.59346 -1.53147e-17)
(6.27898 7.55721 -1.12837e-17)
(5.99517 7.54809 -1.54245e-17)
(5.85682 7.28177 -1.03067e-17)
(5.57964 7.11495 0)
(5.32057 6.89777 -1.27624e-18)
(5.04125 6.65504 6.58889e-19)
(4.72334 6.38521 -4.3482e-19)
(4.34439 6.11295 0)
(4.01013 5.88011 9.46923e-19)
(3.71752 5.74291 -1.07643e-18)
(3.48855 5.6901 0)
(3.29329 5.69342 7.77778e-18)
(3.07379 5.62291 0)
(2.84483 5.45482 4.24829e-18)
(2.79208 5.51545 -9.95483e-18)
(2.94176 5.40411 2.31377e-18)
(3.18176 4.66974 -2.33291e-18)
(1.20962 4.11055 3.02325e-18)
(4.2689 5.06798 -4.57113e-19)
(6.01955 7.68943 -7.6815e-18)
(6.15978 7.68268 1.55607e-17)
(5.86958 7.6744 -6.50954e-19)
(5.73605 7.40187 -2.75618e-18)
(5.46585 7.22996 0)
(5.21477 7.00422 6.55872e-18)
(4.9433 6.75671 4.54932e-18)
(4.63444 6.48288 1.03429e-18)
(4.27043 6.20922 -6.7981e-18)
(3.95553 5.97603 -1.12313e-17)
(3.68807 5.83759 0)
(3.48869 5.77999 1.06861e-17)
(3.32678 5.76534 -3.26849e-18)
(3.13711 5.6596 -3.53514e-18)
(2.96853 5.48505 0)
(2.89842 5.51147 4.39676e-18)
(2.86054 5.3442 -4.5475e-18)
(2.54715 4.04234 6.43834e-18)
(-0.459119 1.68434 5.64438e-18)
(4.13248 5.12803 1.82092e-17)
(5.8799 7.84924 -7.26902e-18)
(6.00358 7.82999 1.01125e-17)
(5.72699 7.80256 7.60621e-18)
(5.60871 7.52208 5.21876e-18)
(5.34061 7.34697 1.15879e-17)
(5.09998 7.1142 -1.2475e-17)
(4.83757 6.86149 -5.20208e-18)
(4.53917 6.58335 9.9083e-20)
(4.19194 6.30737 3.9442e-20)
(3.89748 6.0716 1.12684e-18)
(3.65533 5.92819 -9.3379e-18)
(3.48385 5.86078 4.28933e-18)
(3.35201 5.81697 -8.65407e-18)
(3.18565 5.6587 5.53643e-18)
(3.02304 5.46725 -3.75207e-18)
(2.90324 5.47179 8.39633e-18)
(2.71766 5.20036 -4.97606e-18)
(2.1673 3.44928 0)
(-0.209729 0.689307 8.94618e-18)
(3.97985 5.17985 0)
(5.70716 7.93002 -2.56392e-17)
(5.84651 7.95573 6.93261e-19)
(5.586 7.93292 -1.31667e-17)
(5.47219 7.6508 0)
(5.20405 7.46787 -8.51227e-18)
(4.97637 7.22815 1.01533e-17)
(4.72262 6.96996 4.87402e-18)
(4.43603 6.68678 -6.4694e-19)
(4.10717 6.40692 5.2567e-18)
(3.83341 6.16576 9.25147e-18)
(3.61561 6.01257 3.36773e-19)
(3.46912 5.93144 -8.89798e-18)
(3.35366 5.8596 -2.51145e-18)
(3.18398 5.65536 4.26017e-18)
(3.03338 5.43144 -7.31518e-18)
(2.88705 5.3995 -4.05704e-18)
(2.6467 5.01769 4.83899e-18)
(2.0399 3.13787 0)
(-0.00922765 0.318113 0)
(3.83154 5.24608 -1.59998e-17)
(5.55029 8.11685 2.5365e-17)
(5.68235 8.13695 0)
(5.42515 8.08969 0)
(5.31858 7.78709 0)
(5.05577 7.5971 0)
(4.84274 7.34729 -4.57008e-18)
(4.59893 7.08274 -5.33045e-19)
(4.3257 6.79341 -5.7123e-19)
(4.01573 6.50769 7.82171e-19)
(3.76251 6.25892 -9.54552e-18)
(3.56698 6.09172 7.431e-18)
(3.43939 5.99231 0)
(3.33221 5.89369 8.96988e-20)
(3.17325 5.65627 -6.8796e-18)
(3.03822 5.39453 3.45542e-18)
(2.91739 5.31614 -3.79405e-18)
(2.62052 4.84229 -2.22221e-18)
(1.75703 2.73946 1.06888e-17)
(-0.163043 0.0166783 1.28944e-17)
(3.65492 5.29239 7.85096e-18)
(5.34579 8.1908 1.11758e-17)
(5.48936 8.2576 -5.35413e-19)
(5.25152 8.22296 6.00568e-18)
(5.15292 7.92594 0)
(4.89381 7.72791 1.22328e-17)
(4.69796 7.46959 -2.8554e-18)
(4.46431 7.19913 8.95241e-19)
(4.20466 6.90225 -2.44787e-19)
(3.91485 6.60859 6.76972e-19)
(3.68111 6.34961 6.52521e-18)
(3.50499 6.1662 -5.28828e-18)
(3.39247 6.04478 -5.23833e-18)
(3.29489 5.92118 -2.13168e-18)
(3.1494 5.66128 5.14145e-18)
(3.02753 5.3686 -9.72959e-18)
(2.9101 5.22915 5.71741e-18)
(2.52389 4.64044 -6.67761e-18)
(1.49542 2.36105 1.9698e-17)
(-0.240712 -0.241724 -1.40574e-17)
(3.47459 5.34733 -7.35613e-18)
(5.14773 8.39134 0)
(5.28557 8.44714 -8.03979e-18)
(5.05953 8.38663 -1.13161e-17)
(4.96588 8.06684 0)
(4.71695 7.86442 -9.43524e-18)
(4.54071 7.59508 0)
(4.31727 7.31796 -4.2416e-18)
(4.07325 7.01291 1.98507e-19)
(3.80366 6.70948 2.73262e-18)
(3.5879 6.43807 -5.0947e-18)
(3.42805 6.23627 2.55337e-18)
(3.32854 6.09214 1.16596e-17)
(3.24103 5.94299 -4.14191e-18)
(3.10302 5.66265 4.98177e-18)
(2.99774 5.34175 3.06551e-18)
(2.90554 5.14532 -7.42395e-18)
(2.49925 4.49953 8.50036e-18)
(1.37502 2.1913 -5.86723e-20)
(-0.166138 -0.254289 1.49733e-18)
(3.26913 5.37667 1.38672e-17)
(4.90613 8.44002 -9.95879e-18)
(5.06035 8.55773 8.10413e-18)
(4.85337 8.51999 5.31978e-18)
(4.76298 8.20821 7.5304e-19)
(4.52608 8.00019 5.25109e-18)
(4.36827 7.72054 0)
(4.15549 7.43734 -2.15424e-19)
(3.92699 7.12368 0)
(3.67882 6.80937 -2.55764e-18)
(3.47916 6.52332 4.79395e-18)
(3.33314 6.30295 -1.00904e-18)
(3.24439 6.13537 -9.02441e-18)
(3.16627 5.96325 -4.09081e-18)
(3.04173 5.66791 2.28598e-18)
(2.94242 5.32865 -3.04013e-18)
(2.87674 5.07223 1.069e-17)
(2.47014 4.37415 5.50324e-18)
(1.38997 2.20598 2.4267e-18)
(-0.0848677 -0.179294 -1.21056e-17)
(3.05282 5.40081 4.13399e-19)
(4.66925 8.64469 5.32589e-18)
(4.81265 8.75338 0)
(4.61636 8.68504 9.3223e-18)
(4.53356 8.34678 -1.37002e-17)
(4.31743 8.13644 4.96621e-18)
(4.17839 7.84576 -2.98748e-18)
(3.97715 7.55557 3.0102e-18)
(3.7674 7.23404 -1.25061e-18)
(3.53988 6.9084 -4.53949e-19)
(3.35408 6.60649 4.44494e-18)
(3.21801 6.36544 8.85073e-18)
(3.13854 6.17551 2.64089e-20)
(3.07289 5.97764 7.41765e-18)
(2.95085 5.6706 4.78355e-18)
(2.84004 5.31305 -8.57794e-18)
(2.79981 5.01989 7.23268e-18)
(2.41681 4.34347 -3.46166e-18)
(1.46339 2.37048 1.10787e-19)
(0.0450535 0.047491 1.23143e-17)
(2.81085 5.38743 2.38844e-17)
(4.38214 8.64876 -4.9692e-18)
(4.54142 8.83854 -1.25639e-17)
(4.36609 8.80197 1.02104e-17)
(4.29365 8.48244 -5.78767e-18)
(4.09294 8.26657 8.76635e-18)
(3.96898 7.96735 4.70576e-18)
(3.78214 7.67138 0)
(3.58991 7.34249 1.22018e-18)
(3.38267 7.00514 -3.91241e-20)
(3.20887 6.68761 -8.60039e-19)
(3.08097 6.42717 -7.70141e-18)
(3.00712 6.21532 -4.50996e-19)
(2.94575 5.99306 -1.49422e-19)
(2.82286 5.66818 7.04454e-18)
(2.69109 5.30165 3.30081e-18)
(2.65457 4.99005 -8.67029e-18)
(2.33094 4.34785 -3.87654e-18)
(1.53279 2.65136 -1.25875e-18)
(0.206047 0.396766 -1.25984e-17)
(2.55488 5.3518 0)
(4.09721 8.84033 4.26936e-18)
(4.23668 9.03284 -5.52041e-18)
(4.08056 8.95966 9.52354e-18)
(4.02274 8.61193 -1.14403e-17)
(3.8447 8.39241 4.39423e-18)
(3.74059 8.08611 0)
(3.5692 7.78414 0)
(3.3968 7.44893 0)
(3.20845 7.10085 -7.33294e-19)
(3.04331 6.76688 6.89174e-19)
(2.91929 6.48937 -1.58021e-18)
(2.84356 6.25692 -5.03861e-18)
(2.78253 6.01289 -3.72451e-18)
(2.6536 5.67004 6.6669e-18)
(2.48749 5.28756 -5.75819e-18)
(2.42274 4.97473 -3.46888e-19)
(2.17843 4.36804 1.03913e-17)
(1.51318 2.90339 -1.35587e-18)
(0.362433 0.792454 0)
(2.27499 5.27185 2.07812e-17)
(3.76152 8.78262 -3.99706e-18)
(3.92013 9.07814 -7.86759e-20)
(3.78828 9.04967 0)
(3.74338 8.73195 -5.05682e-18)
(3.58064 8.5072 5.00953e-19)
(3.49164 8.19711 0)
(3.3379 7.8918 7.49701e-19)
(3.18335 7.55172 -5.92448e-19)
(3.0121 7.19434 0)
(2.85529 6.84652 0)
(2.73242 6.55506 3.41901e-18)
(2.65024 6.30819 5.00895e-18)
(2.57711 6.04883 -1.84995e-19)
(2.43354 5.69546 2.05611e-18)
(2.25066 5.30156 -2.74013e-18)
(2.18599 4.99295 0)
(1.97785 4.4441 6.51171e-18)
(1.47381 3.19369 1.0527e-17)
(0.495632 1.25211 -2.46749e-17)
(1.9724 5.12431 1.66837e-17)
(3.42529 8.92088 -3.60209e-18)
(3.55626 9.24802 4.63054e-18)
(3.45401 9.18316 -1.17781e-17)
(3.42897 8.84242 0)
(3.29025 8.61411 0)
(3.22449 8.30157 0)
(3.0881 7.99316 7.11899e-19)
(2.95232 7.65004 -5.62523e-19)
(2.79726 7.28659 0)
(2.6468 6.92822 0)
(2.52115 6.6261 -5.06687e-18)
(2.42418 6.37161 2.38039e-18)
(2.3368 6.10913 -2.78721e-18)
(2.2004 5.76272 -6.11983e-18)
(2.02535 5.37221 0)
(1.96974 5.07355 1.63999e-18)
(1.77376 4.57468 2.0105e-18)
(1.38551 3.47392 -1.97204e-17)
(0.56549 1.64305 2.40596e-17)
(1.65314 4.9282 -1.4609e-17)
(3.04745 8.77909 4.3816e-18)
(3.20194 9.23291 1.01805e-17)
(3.12369 9.23049 6.3785e-18)
(3.10948 8.93056 -5.16323e-18)
(2.98686 8.70288 -3.03221e-18)
(2.9358 8.39222 1.80415e-18)
(2.81823 8.08515 0)
(2.70099 7.74245 0)
(2.56084 7.37703 0)
(2.41759 7.01538 1.61812e-18)
(2.29005 6.70885 4.72516e-18)
(2.18733 6.45894 -2.22617e-18)
(2.10737 6.21207 1.32223e-18)
(1.99671 5.88995 4.32275e-20)
(1.82434 5.51307 0)
(1.76574 5.22034 -3.04004e-18)
(1.57515 4.7683 1.51651e-17)
(1.28202 3.78617 -3.50298e-17)
(0.592151 1.9994 2.02072e-17)
(1.30477 4.56689 1.50698e-17)
(2.66993 8.77963 -1.22787e-17)
(2.79094 9.33824 0)
(2.7496 9.31106 3.10789e-18)
(2.76127 9.01293 2.09893e-18)
(2.66069 8.77953 4.21648e-18)
(2.63318 8.47236 -1.6876e-18)
(2.53449 8.16758 0)
(2.43463 7.82815 0)
(2.31012 7.46619 8.55801e-19)
(2.17505 7.10859 4.40382e-19)
(2.05279 6.80929 -2.42828e-18)
(1.95743 6.57351 -1.79246e-18)
(1.88316 6.34459 -4.02822e-18)
(1.77741 6.04254 7.9727e-18)
(1.59286 5.67333 -1.00248e-17)
(1.53533 5.3691 7.51412e-18)
(1.35842 4.94583 0)
(1.14099 4.03893 5.09441e-19)
(0.560868 2.23458 -1.91331e-17)
(0.953234 4.14862 1.51827e-17)
(2.27189 8.52362 0)
(2.41326 9.25102 0)
(2.39268 9.30965 0)
(2.40729 9.05619 1.54825e-18)
(2.32283 8.83234 -4.15568e-18)
(2.31047 8.53385 -1.49731e-18)
(2.23063 8.23662 0)
(2.15252 7.90577 0)
(2.04577 7.55372 -6.22691e-19)
(1.9255 7.20786 -9.46582e-19)
(1.81532 6.92081 1.22728e-18)
(1.7198 6.69494 -1.26804e-19)
(1.63634 6.47877 -1.51422e-18)
(1.53855 6.1912 3.82906e-18)
(1.35594 5.83307 -4.12075e-18)
(1.30902 5.51683 4.26088e-18)
(1.15596 5.12821 0)
(0.995098 4.31904 -4.76098e-19)
(0.519567 2.53829 -8.96566e-18)
(0.586182 3.39056 -1.39674e-17)
(1.88464 8.24273 4.73989e-18)
(2.01077 9.23462 6.60891e-18)
(2.009 9.31523 -6.57513e-19)
(2.0459 9.09988 -3.72178e-18)
(1.97745 8.86872 -2.02596e-18)
(1.98303 8.57953 4.18099e-18)
(1.92376 8.2929 -2.19526e-19)
(1.86407 7.97449 0)
(1.77651 7.6369 4.30132e-20)
(1.66947 7.30578 5.81449e-19)
(1.56246 7.02704 -8.45703e-19)
(1.46087 6.80592 0)
(1.37217 6.60596 1.104e-18)
(1.29432 6.35183 0)
(1.11544 6.0106 9.20794e-19)
(1.06871 5.68424 5.3961e-19)
(0.921579 5.32603 0)
(0.803879 4.59671 0)
(0.430596 2.8102 -7.79864e-18)
(0.180412 2.31772 1.123e-17)
(1.51066 7.77488 -4.15142e-18)
(1.62088 9.06405 2.92522e-18)
(1.63011 9.26335 -4.31815e-18)
(1.66116 9.09755 1.64167e-18)
(1.61162 8.88056 -4.90963e-19)
(1.6384 8.60413 2.22095e-19)
(1.60091 8.33162 -5.79773e-19)
(1.56613 8.03067 -2.68899e-19)
(1.49869 7.71099 1.37264e-19)
(1.40218 7.39407 8.34305e-20)
(1.29901 7.12844 0)
(1.19934 6.9228 3.14738e-19)
(1.11163 6.74047 0)
(1.05271 6.53078 0)
(0.881428 6.23502 0)
(0.827502 5.92182 3.70206e-18)
(0.694919 5.60978 -9.56319e-18)
(0.594922 4.97946 2.19254e-20)
(0.325272 3.19929 6.74062e-18)
(-0.171613 0.666698 1.93241e-18)
(1.08065 6.92529 1.71294e-18)
(1.23275 8.84438 -1.40788e-18)
(1.2477 9.17074 -8.71506e-19)
(1.295 9.07456 7.12601e-19)
(1.25866 8.85754 4.59284e-19)
(1.30222 8.59981 2.80455e-19)
(1.28674 8.34719 0)
(1.26977 8.06843 -8.39183e-20)
(1.21865 7.77114 -2.26541e-20)
(1.1346 7.47582 -2.02386e-19)
(1.04159 7.23025 0)
(0.943493 7.04726 1.02176e-20)
(0.848302 6.887 -3.60334e-19)
(0.793105 6.71328 0)
(0.62906 6.49035 0)
(0.563315 6.22346 -2.18704e-19)
(0.428896 5.96983 0)
(0.338841 5.42848 -1.64002e-19)
(0.165208 3.61418 0)
(-0.223328 -0.225897 0)
(0.587189 5.45294 0)
(0.773376 8.34871 0)
(0.808647 9.00229 0)
(0.87345 8.98921 -1.61174e-32)
(0.892241 8.81836 1.13701e-32)
(0.970093 8.57253 0)
(0.98658 8.33884 0)
(0.996962 8.08319 0)
(0.972208 7.81279 0)
(0.909168 7.54488 0)
(0.83353 7.3188 0)
(0.744053 7.15304 0)
(0.649178 7.01582 0)
(0.60264 6.86387 0)
(0.453612 6.70353 0)
(0.393751 6.49155 0)
(0.270622 6.29549 0)
(0.174116 5.84647 0)
(0.070995 4.05756 0)
(-0.235393 -0.98891 0)
(0.207402 4.82963 0)
(0.24682 7.89375 0)
(0.367577 8.7475 0)
(0.499363 8.82616 0)
(0.553569 8.72167 0)
(0.670172 8.50407 0)
(0.71965 8.30083 0)
(0.761744 8.07773 0)
(0.765666 7.83733 0)
(0.725665 7.59872 0)
(0.668294 7.39285 0)
(0.590937 7.24254 0)
(0.501114 7.12837 0)
(0.466171 6.99001 0)
(0.335205 6.87293 0)
(0.284736 6.70505 0)
(0.182497 6.54926 0)
(0.107473 6.15388 0)
(0.0337073 4.37995 0)
(-0.266757 -0.0373304 0)
(-0.129696 4.93787 0)
(-0.155899 7.63746 0)
(0.0167646 8.49775 0)
(0.189421 8.62827 0)
(0.278464 8.57344 0)
(0.424163 8.39903 0)
(0.496885 8.23669 0)
(0.558814 8.05104 0)
(0.584202 7.84637 0)
(0.564443 7.64258 0)
(0.523192 7.4625 0)
(0.459738 7.3319 0)
(0.377174 7.24508 0)
(0.356383 7.12326 0)
(0.245355 7.04002 0)
(0.208086 6.91296 0)
(0.123776 6.79056 0)
(0.0618499 6.43075 0)
(0.0156667 4.57013 0)
(-0.160257 0.31481 0)
(-0.157466 4.97029 0)
(-0.245751 7.37726 0)
(-0.122394 8.21394 0)
(0.00724938 8.39779 0)
(0.0855026 8.39465 0)
(0.238298 8.27118 0)
(0.31607 8.15044 0)
(0.391403 8.00489 0)
(0.433103 7.84192 0)
(0.429021 7.6751 0)
(0.401292 7.52326 0)
(0.353982 7.41337 0)
(0.279059 7.35273 0)
(0.270826 7.24795 0)
(0.177527 7.18902 0)
(0.152462 7.0942 0)
(0.0888396 6.99767 0)
(0.0375127 6.66036 0)
(0.0111856 4.74058 0)
(-0.135841 0.947403 0)
(-0.15374 5.055 0)
(-0.225584 7.17329 0)
(-0.137552 7.95297 0)
(-0.0631658 8.1586 0)
(-0.0166375 8.20159 0)
(0.117066 8.12557 0)
(0.183008 8.04825 0)
(0.264423 7.94913 0)
(0.31403 7.82729 0)
(0.319158 7.69527 0)
(0.301965 7.57231 0)
(0.271415 7.4808 0)
(0.204323 7.44068 0)
(0.205012 7.35413 0)
(0.127378 7.31171 0)
(0.111193 7.24175 0)
(0.0633643 7.16301 0)
(0.0136689 6.83462 0)
(-0.00858861 4.75674 0)
(-0.111316 1.4578 0)
(-0.145446 5.1964 0)
(-0.205188 7.06065 0)
(-0.123221 7.76126 0)
(-0.0726131 7.96068 0)
(-0.0493665 8.02725 0)
(0.0589511 7.98453 0)
(0.100064 7.94756 0)
(0.177845 7.88794 0)
(0.223659 7.80182 0)
(0.233889 7.70186 0)
(0.223428 7.60749 0)
(0.208045 7.53162 0)
(0.148381 7.50543 0)
(0.156129 7.43687 0)
(0.0908107 7.40387 0)
(0.0754174 7.35239 0)
(0.0388936 7.28459 0)
(-0.00746566 6.95414 0)
(-0.0124209 4.73339 0)
(-0.0820599 1.90552 0)
(-0.136773 5.37475 0)
(-0.179194 7.03193 0)
(-0.112449 7.65358 0)
(-0.0639188 7.83507 0)
(-0.048763 7.90497 0)
(0.0404332 7.87319 0)
(0.05461 7.85942 0)
(0.121521 7.8272 0)
(0.158851 7.77079 0)
(0.171908 7.69873 0)
(0.163814 7.62952 0)
(0.159099 7.56657 0)
(0.106276 7.54799 0)
(0.116504 7.49562 0)
(0.0613418 7.46589 0)
(0.0426103 7.42802 0)
(0.0173383 7.3678 0)
(-0.0263891 7.01537 0)
(-0.0165273 4.67063 0)
(-0.0519141 2.26995 0)
(-0.11453 5.55032 0)
(-0.155414 7.04419 0)
(-0.100904 7.60841 0)
(-0.0585914 7.7697 0)
(-0.0483293 7.83333 0)
(0.0309817 7.7983 0)
(0.028529 7.79278 0)
(0.0872774 7.77701 0)
(0.115507 7.7419 0)
(0.128862 7.69017 0)
(0.119288 7.63945 0)
(0.120219 7.58696 0)
(0.0727308 7.57159 0)
(0.0821749 7.53481 0)
(0.0372111 7.50529 0)
(0.0134439 7.47861 0)
(-0.000148031 7.42392 0)
(-0.0385474 7.04816 0)
(-0.0170243 4.55853 0)
(-0.0269219 2.54112 0)
(-0.0874334 5.70499 0)
(-0.118163 7.07648 0)
(-0.0880035 7.59178 0)
(-0.0562099 7.73632 0)
(-0.0554131 7.79374 0)
(0.018166 7.7561 0)
(0.01028 7.75339 0)
(0.066703 7.74502 0)
(0.0848246 7.71977 0)
(0.0972634 7.67904 0)
(0.0849274 7.6395 0)
(0.0884612 7.59528 0)
(0.0461552 7.58081 0)
(0.0509709 7.55938 0)
(0.0181108 7.52946 0)
(-0.00867042 7.5128 0)
(-0.0114191 7.46222 0)
(-0.0472862 7.05413 0)
(-0.0135033 4.43237 0)
(-0.0114913 2.72922 0)
(-0.0684768 5.83383 0)
(-0.0865428 7.11099 0)
(-0.076993 7.58509 0)
(-0.055778 7.71355 0)
(-0.0641375 7.76939 0)
(0.00487568 7.7347 0)
(-0.00366877 7.73653 0)
(0.0505252 7.72663 0)
(0.0587019 7.70262 0)
(0.0712643 7.668 0)
(0.0574619 7.63591 0)
(0.0623177 7.59929 0)
(0.0261516 7.58445 0)
(0.0244283 7.57828 0)
(0.00631244 7.54959 0)
(-0.0193183 7.54048 0)
(-0.0145766 7.49168 0)
(-0.0496936 7.05114 0)
(-0.0105361 4.30432 0)
(-0.00264742 2.86261 0)
(-0.0612896 5.94165 0)
(-0.0666095 7.14124 0)
(-0.0712955 7.58045 0)
(-0.0525683 7.69479 0)
(-0.0663028 7.75324 0)
(-0.00410515 7.72438 0)
(-0.0167344 7.73059 0)
(0.0315538 7.71325 0)
(0.0336005 7.6915 0)
(0.0494694 7.66307 0)
(0.0360081 7.63594 0)
(0.040462 7.60587 0)
(0.0124681 7.58995 0)
(0.00477568 7.59776 0)
(-0.000401662 7.57193 0)
(-0.024161 7.56627 0)
(-0.0128528 7.51602 0)
(-0.0495341 7.04388 0)
(-0.00654014 4.18753 0)
(0.00456757 2.96253 0)
(-0.0579895 6.03297 0)
(-0.0505646 7.16601 0)
(-0.0660523 7.57389 0)
(-0.0417132 7.67571 0)
(-0.0584966 7.73467 0)
(-0.0101204 7.71059 0)
(-0.0307505 7.72105 0)
(0.0118888 7.70343 0)
(0.0134599 7.68836 0)
(0.0314997 7.66573 0)
(0.018651 7.64122 0)
(0.0217121 7.61724 0)
(0.00499285 7.60098 0)
(-0.00583076 7.61835 0)
(-0.00437945 7.59619 0)
(-0.029242 7.59216 0)
(-0.0118746 7.53823 0)
(-0.0487489 7.03436 0)
(-0.00310805 4.08509 0)
(0.00904083 3.0465 0)
(-0.0550308 6.11465 0)
(-0.0370431 7.18943 0)
(-0.0624487 7.56911 0)
(-0.0310893 7.65749 0)
(-0.0504831 7.71086 0)
(-0.0125884 7.68764 0)
(-0.0379065 7.70291 0)
(-0.00092237 7.69368 0)
(-0.00206395 7.68791 0)
(0.015634 7.66969 0)
(0.00488252 7.64779 0)
(0.00652689 7.63122 0)
(0.000630743 7.61596 0)
(-0.0120513 7.6358 0)
(-0.00601912 7.61615 0)
(-0.0341967 7.61344 0)
(-0.0121134 7.55574 0)
(-0.0486184 7.02077 0)
(-0.00114064 3.99071 0)
(0.0102063 3.1252 0)
(-0.0556488 6.19229 0)
(-0.0299912 7.21146 0)
(-0.0653682 7.5652 0)
(-0.029521 7.64131 0)
(-0.0503065 7.6873 0)
(-0.0138815 7.66399 0)
(-0.0348614 7.68131 0)
(-0.0043864 7.68183 0)
(-0.012374 7.68108 0)
(0.00299212 7.67045 0)
(-0.00363253 7.65295 0)
(-0.00319393 7.64257 0)
(-0.00332413 7.62992 0)
(-0.0174299 7.64806 0)
(-0.00715022 7.62998 0)
(-0.037112 7.62861 0)
(-0.0117878 7.56673 0)
(-0.0481035 7.0019 0)
(-0.000256001 3.8995 0)
(0.0117618 3.19932 0)
(-0.0566188 6.26412 0)
(-0.0260916 7.23162 0)
(-0.0678651 7.56059 0)
(-0.0283826 7.631 0)
(-0.0545727 7.67321 0)
(-0.0168036 7.65511 0)
(-0.0316363 7.66628 0)
(-0.00427093 7.66604 0)
(-0.0173366 7.66897 0)
(-0.0035388 7.66791 0)
(-0.00759529 7.65449 0)
(-0.00938882 7.64923 0)
(-0.00711966 7.63746 0)
(-0.0245336 7.65398 0)
(-0.00843562 7.63822 0)
(-0.0389387 7.63742 0)
(-0.010662 7.57158 0)
(-0.0465289 6.97745 0)
(0.000528629 3.81174 0)
(0.0154022 3.2656 0)
(-0.0538274 6.33341 0)
(-0.0190525 7.25395 0)
(-0.0665283 7.56077 0)
(-0.022877 7.62791 0)
(-0.054089 7.66632 0)
(-0.0170194 7.65483 0)
(-0.0345091 7.66084 0)
(-0.00652324 7.66141 0)
(-0.0187908 7.66092 0)
(-0.00521351 7.66434 0)
(-0.00917373 7.65282 0)
(-0.0136024 7.64826 0)
(-0.00987936 7.6392 0)
(-0.0275106 7.65421 0)
(-0.00801413 7.64178 0)
(-0.0382126 7.64236 0)
(-0.00803386 7.57245 0)
(-0.0431495 6.95218 0)
(0.00220842 3.73319 0)
(0.0196617 3.31582 0)
(-0.0484818 6.39676 0)
(-0.00956477 7.27673 0)
(-0.0628933 7.56267 0)
(-0.0149458 7.62794 0)
(-0.0532209 7.66221 0)
(-0.0158933 7.65398 0)
(-0.0394859 7.6588 0)
(-0.0103486 7.66248 0)
(-0.0216408 7.65956 0)
(-0.00677516 7.66203 0)
(-0.0106788 7.64954 0)
(-0.0161916 7.64703 0)
(-0.0095274 7.64015 0)
(-0.0272877 7.6539 0)
(-0.00580588 7.64408 0)
(-0.0354702 7.64475 0)
(-0.00410538 7.57176 0)
(-0.0382709 6.92803 0)
(0.00427431 3.66849 0)
(0.0215951 3.35037 0)
(-0.042941 6.45703 0)
(-0.00165393 7.30222 0)
(-0.0579972 7.56538 0)
(-0.00819243 7.62934 0)
(-0.0516919 7.65584 0)
(-0.0127097 7.65175 0)
(-0.0403122 7.65456 0)
(-0.0113586 7.66131 0)
(-0.0255784 7.65953 0)
(-0.00974426 7.66216 0)
(-0.0125367 7.64926 0)
(-0.0171302 7.64802 0)
(-0.00804485 7.64184 0)
(-0.0259616 7.65375 0)
(-0.0026557 7.64601 0)
(-0.0316004 7.64668 0)
(-0.000237077 7.5707 0)
(-0.0327944 6.90859 0)
(0.00574828 3.61894 0)
(0.0214049 3.37495 0)
(-0.0396145 6.50668 0)
(0.00277841 7.32203 0)
(-0.0583172 7.56782 0)
(-0.00357185 7.63009 0)
(-0.0527395 7.65023 0)
(-0.00811384 7.64764 0)
(-0.0406919 7.64686 0)
(-0.0106129 7.65895 0)
(-0.028149 7.65665 0)
(-0.0111461 7.66105 0)
(-0.0132853 7.65033 0)
(-0.0171061 7.65014 0)
(-0.0065147 7.64518 0)
(-0.0243411 7.65373 0)
(9.828e-05 7.64775 0)
(-0.028581 7.64724 0)
(0.0026164 7.56975 0)
(-0.028173 6.89148 0)
(0.00627683 3.58113 0)
(0.0201236 3.39448 0)
(-0.0364561 6.55583 0)
(0.00555766 7.34596 0)
(-0.0571571 7.57069 0)
(-0.000290007 7.6326 0)
(-0.0536874 7.64585 0)
(-0.00438741 7.64518 0)
(-0.0412447 7.64067 0)
(-0.00764686 7.65415 0)
(-0.0278897 7.65217 0)
(-0.010608 7.65922 0)
(-0.0129418 7.65013 0)
(-0.0157224 7.65062 0)
(-0.00492125 7.64681 0)
(-0.0221265 7.65285 0)
(0.00180431 7.64826 0)
(-0.0254756 7.64687 0)
(0.00423347 7.5687 0)
(-0.0236471 6.87808 0)
(0.00610396 3.55178 0)
(0.0196318 3.41146 0)
(-0.0341685 6.59397 0)
(0.00825677 7.36262 0)
(-0.0585365 7.5756 0)
(0.00377656 7.63458 0)
(-0.0540479 7.64383 0)
(-0.000134352 7.64394 0)
(-0.0418502 7.63879 0)
(-0.00420502 7.65177 0)
(-0.0273093 7.64845 0)
(-0.00875356 7.65642 0)
(-0.0124887 7.64913 0)
(-0.0147518 7.64962 0)
(-0.00363375 7.64636 0)
(-0.0207477 7.65069 0)
(0.00305267 7.64754 0)
(-0.0230546 7.64525 0)
(0.0053994 7.56733 0)
(-0.0198444 6.86612 0)
(0.00566693 3.52901 0)
(0.0183384 3.42424 0)
(-0.0295204 6.63786 0)
(0.00969876 7.38927 0)
(-0.0547253 7.58274 0)
(0.00685906 7.63636 0)
(-0.052611 7.64291 0)
(0.00301847 7.64236 0)
(-0.0418373 7.63823 0)
(-0.00149105 7.64923 0)
(-0.0272114 7.64712 0)
(-0.00642775 7.65298 0)
(-0.010992 7.64779 0)
(-0.0129125 7.6472 0)
(-0.00209741 7.64533 0)
(-0.017722 7.64767 0)
(0.00409876 7.64632 0)
(-0.0190519 7.64277 0)
(0.00602662 7.56582 0)
(-0.0155145 6.857 0)
(0.00502364 3.51118 0)
(0.0171202 3.43322 0)
(-0.0270895 6.66557 0)
(0.0103897 7.40435 0)
(-0.0553203 7.5896 0)
(0.0102104 7.63579 0)
(-0.0514934 7.64216 0)
(0.00711175 7.63936 0)
(-0.0414153 7.63808 0)
(0.00140878 7.6474 0)
(-0.0272925 7.64613 0)
(-0.0048908 7.65158 0)
(-0.0106378 7.64676 0)
(-0.011798 7.64608 0)
(-0.00134891 7.64493 0)
(-0.0160123 7.64578 0)
(0.00460985 7.64558 0)
(-0.0167235 7.6408 0)
(0.00627626 7.56485 0)
(-0.0126653 6.84998 0)
(0.00437044 3.49969 0)
(0.0142657 3.44131 0)
(-0.0220616 6.70382 0)
(0.0088889 7.43074 0)
(-0.0497222 7.59817 0)
(0.0104122 7.6338 0)
(-0.0485683 7.64182 0)
(0.00841443 7.63531 0)
(-0.0398318 7.63827 0)
(0.00274708 7.64255 0)
(-0.0265618 7.64561 0)
(-0.00366317 7.64854 0)
(-0.00973715 7.64617 0)
(-0.0101217 7.64425 0)
(-0.000797833 7.64437 0)
(-0.0132465 7.64321 0)
(0.00438428 7.64453 0)
(-0.0132652 7.63793 0)
(0.00558802 7.56365 0)
(-0.00934574 6.84462 0)
(0.00343798 3.48924 0)
(0.0125334 3.44483 0)
(-0.0198799 6.72026 0)
(0.00808 7.44307 0)
(-0.048199 7.60446 0)
(0.0113044 7.63132 0)
(-0.0463068 7.64133 0)
(0.0101531 7.63269 0)
(-0.0382263 7.63834 0)
(0.00429894 7.64014 0)
(-0.0256877 7.64475 0)
(-0.00263815 7.64686 0)
(-0.00963786 7.64542 0)
(-0.00901207 7.64336 0)
(-0.000880023 7.64396 0)
(-0.0120205 7.64199 0)
(0.00391374 7.64387 0)
(-0.0118265 7.63658 0)
(0.00491385 7.563 0)
(-0.00798418 6.8418 0)
(0.00282713 3.48495 0)
(0.0082994 3.45414 0)
(-0.0150315 6.75611 0)
(0.00525295 7.47262 0)
(-0.0381272 7.6143 0)
(0.00903619 7.6275 0)
(-0.0393729 7.64232 0)
(0.00874129 7.62787 0)
(-0.0337116 7.64071 0)
(0.0040886 7.63446 0)
(-0.0232875 7.64537 0)
(-0.00193711 7.64208 0)
(-0.00867961 7.64459 0)
(-0.00730634 7.64027 0)
(-0.00117806 7.64292 0)
(-0.00933574 7.63884 0)
(0.00264418 7.64199 0)
(-0.00861304 7.63346 0)
(0.00326091 7.56102 0)
(-0.00538922 6.83789 0)
(0.00166574 3.47623 0)
(-1.39469 3.95309 -1.32849e-21)
(1.33541 4.91404 8.73702e-18)
(0.538574 4.66143 -7.77066e-18)
(0.942649 4.24462 0)
(0.924769 3.97278 0)
(0.932587 3.71624 -1.14953e-17)
(0.919276 3.46304 1.06173e-17)
(0.756623 3.1695 -1.15817e-17)
(0.465384 2.83212 1.85659e-19)
(0.285683 1.8563 1.25178e-17)
(-0.176914 4.41035 -1.7159e-21)
(0.620289 4.31755 9.58956e-19)
(0.344183 4.1036 0)
(0.505245 3.90414 0)
(0.515324 3.67568 3.4906e-19)
(0.516792 3.4746 2.2766e-17)
(0.458039 3.30358 -1.19652e-17)
(0.362335 3.1078 -1.8763e-19)
(0.266116 2.77201 1.82436e-19)
(0.142557 1.74392 0)
(-0.0894437 3.26396 9.32406e-18)
(0.491824 3.78757 -9.3368e-18)
(0.350546 3.79309 0)
(0.415143 3.59845 1.06887e-17)
(0.391011 3.46559 -7.49915e-21)
(0.356767 3.35795 -1.12837e-17)
(0.299674 3.26544 -1.23388e-17)
(0.230811 3.18855 -1.60845e-21)
(0.168468 2.9783 1.9124e-19)
(0.0571416 2.03186 0)
(-0.114062 2.8564 -4.56602e-18)
(0.22241 3.57772 0)
(0.150261 3.57648 -5.40962e-18)
(0.203706 3.50228 -5.31158e-18)
(0.20342 3.39322 3.60192e-19)
(0.194679 3.29939 -6.34355e-18)
(0.173 3.22675 6.05751e-18)
(0.138206 3.16605 -1.88353e-19)
(0.103505 3.01918 2.94424e-19)
(0.0525056 2.1262 6.39334e-18)
(-0.0306942 2.53105 -4.98847e-18)
(0.18763 3.34269 0)
(0.14051 3.40931 1.08433e-17)
(0.163472 3.34747 -5.86985e-18)
(0.149576 3.28514 -2.80084e-21)
(0.129054 3.24712 3.39447e-19)
(0.110682 3.22218 -1.71216e-20)
(0.0937707 3.19145 -6.23397e-18)
(0.0885635 3.06594 1.94974e-19)
(0.0185631 2.23517 -1.3047e-17)
(-0.0395458 2.3593 0)
(0.0656964 3.25111 -5.26469e-18)
(0.0346316 3.33988 -1.07064e-19)
(0.0627529 3.30732 -3.51372e-19)
(0.0687946 3.26462 3.57056e-19)
(0.067819 3.2214 6.00829e-18)
(0.0723042 3.19117 6.13307e-18)
(0.0620506 3.17542 1.22059e-17)
(0.0632634 3.08093 6.38017e-18)
(0.0292422 2.30865 -3.48832e-21)
(-0.031189 2.2989 0)
(0.0477848 3.16146 5.34464e-18)
(0.0267217 3.25736 -5.5203e-18)
(0.0446416 3.23439 -3.52324e-19)
(0.0485729 3.20829 7.2043e-19)
(0.047148 3.1914 8.96321e-22)
(0.0455163 3.18846 -3.87605e-19)
(0.0455605 3.1766 -6.3397e-18)
(0.058463 3.09862 -6.10904e-18)
(0.00904254 2.39633 -7.38601e-21)
(-0.0408974 2.27929 5.27521e-18)
(-0.00349949 3.13198 -2.52925e-19)
(-0.0148091 3.22678 1.74646e-19)
(0.0015516 3.21476 0)
(0.0138082 3.19575 0)
(0.0208534 3.17932 0)
(0.0339881 3.16443 0)
(0.0353519 3.16046 6.37732e-18)
(0.0472917 3.10318 -6.32113e-18)
(0.0185265 2.46051 6.62368e-18)
(-0.0530263 2.34817 1.19861e-19)
(-0.0154138 3.10928 5.45816e-18)
(-0.00957888 3.18303 0)
(-0.000217356 3.17339 -3.62973e-19)
(0.0101473 3.16015 3.72474e-19)
(0.0173349 3.1534 0)
(0.0206076 3.15624 -1.95739e-19)
(0.0256275 3.1505 -6.19327e-18)
(0.0424907 3.10296 6.45399e-18)
(0.00996931 2.52278 0)
(-0.0388878 2.43825 -6.04579e-20)
(-0.029776 3.10366 -8.34403e-18)
(-0.0203079 3.16197 0)
(-0.0154165 3.15548 0)
(-0.00663143 3.1449 3.74479e-19)
(0.00329707 3.13596 -3.07825e-18)
(0.0170769 3.12461 -3.92846e-19)
(0.0216967 3.12339 3.22158e-18)
(0.0385786 3.09133 0)
(0.0203081 2.57844 0)
(-0.0394922 2.49939 -8.22042e-18)
(-0.0325768 3.0877 2.80735e-18)
(-0.0175794 3.12509 0)
(-0.0109035 3.11712 0)
(-0.00321462 3.10873 0)
(0.00612736 3.10372 6.16922e-18)
(0.0148706 3.10816 0)
(0.0219685 3.10949 -3.43173e-18)
(0.0419412 3.08549 2.06966e-19)
(0.0167072 2.64594 3.38891e-18)
(-0.0400583 2.58799 2.81675e-18)
(-0.0411786 3.07702 -2.6382e-19)
(-0.0288678 3.10554 3.05853e-18)
(-0.0192838 3.09729 2.94785e-18)
(-0.00850991 3.0907 0)
(0.00277801 3.08704 -3.09058e-18)
(0.0158136 3.08126 0)
(0.0238763 3.08407 0)
(0.0394372 3.07471 0)
(0.0222257 2.71008 -3.40464e-18)
(-0.0319249 2.68367 -2.65733e-18)
(-0.0403786 3.06652 2.73091e-18)
(-0.0203287 3.07303 -2.87746e-18)
(-0.0115565 3.06203 -4.42996e-18)
(-0.00172874 3.05587 0)
(0.00748876 3.05292 3.88475e-19)
(0.016283 3.05767 -1.99111e-19)
(0.023079 3.06239 1.43354e-18)
(0.0411425 3.05679 1.78558e-18)
(0.0217123 2.77404 -1.82783e-18)
(-0.0344874 2.76834 2.72887e-18)
(-0.0451687 3.04377 -2.63148e-18)
(-0.0334091 3.04575 1.80445e-19)
(-0.0205097 3.03981 1.10159e-18)
(-0.0111712 3.03455 -1.49971e-18)
(0.000630857 3.03301 0)
(0.0128561 3.03214 1.60314e-18)
(0.02464 3.03574 4.89583e-21)
(0.0427863 3.03993 -3.37507e-18)
(0.0267874 2.83649 -6.33199e-21)
(-0.0304473 2.86083 -6.88024e-19)
(-0.0454156 3.02287 1.7532e-19)
(-0.026455 3.01785 -9.00468e-19)
(-0.013742 3.01279 3.69142e-19)
(-0.00307515 3.01219 1.83452e-18)
(0.00537025 3.0118 -7.59336e-19)
(0.0151031 3.01214 -8.00045e-19)
(0.024107 3.01524 -8.22618e-19)
(0.0426632 3.01701 1.69634e-18)
(0.0265182 2.89656 8.67772e-19)
(-0.0164421 2.93912 5.54374e-19)
(-0.024885 3.00088 2.44019e-19)
(-0.0134419 3.00116 4.98932e-19)
(-0.00703931 3.00113 -1.02559e-18)
(-0.00295955 3.00185 3.4407e-19)
(0.00178285 3.00164 7.08401e-19)
(0.00545809 3.00036 -7.38059e-19)
(0.010211 2.99995 -7.59012e-19)
(0.0217373 3.00097 9.77984e-20)
(0.0152413 2.95334 7.00671e-19)
)
;

boundaryField
{
    wall-4
    {
        type            noSlip;
    }
    pressure-outlet-7
    {
        type            zeroGradient;
    }
    velocity-inlet-6
    {
        type            fixedValue;
        value           uniform (0 3 0);
    }
    velocity-inlet-5
    {
        type            parabolicVelocity;
        maxValue        10;
        n               (1 0 0);
        y               (0 1 0);
        value           nonuniform List<vector> 
20
(
(0.381518 0 0)
(1.19474 0 0)
(2.1232 0 0)
(3.16908 0 0)
(4.32585 0 0)
(5.57242 0 0)
(6.86447 0 0)
(8.12141 0 0)
(9.20707 0 0)
(9.90123 0 0)
(9.90123 0 0)
(9.20707 0 0)
(8.12141 0 0)
(6.86447 0 0)
(5.57242 0 0)
(4.32585 0 0)
(3.16908 0 0)
(2.1232 0 0)
(1.19474 0 0)
(0.381518 0 0)
)
;
    }
    frontAndBackPlanes
    {
        type            empty;
    }
}


// ************************************************************************* //
