/*--------------------------------*- C++ -*----------------------------------*\
| =========                 |                                                 |
| \\      /  F ield         | OpenFOAM: The Open Source CFD Toolbox           |
|  \\    /   O peration     | Version:  2412                                  |
|   \\  /    A nd           | Website:  www.openfoam.com                      |
|    \\/     M anipulation  |                                                 |
\*---------------------------------------------------------------------------*/
FoamFile
{
    version     2.0;
    format      ascii;
    arch        "LSB;label=32;scalar=64";
    class       volVectorField;
    location    "9.5";
    object      U;
}
// * * * * * * * * * * * * * * * * * * * * * * * * * * * * * * * * * * * * * //

dimensions      [0 1 -1 0 0 0 0];

internalField   nonuniform List<vector> 
2200
(
(0.381575 0.000472164 0)
(1.19507 0.00167446 0)
(2.12311 0.00274926 0)
(3.16907 0.00389756 0)
(4.32432 0.00536771 0)
(5.5702 0.00668974 0)
(6.86164 0.00790968 0)
(8.11787 0.00900777 0)
(9.20439 0.00935971 0)
(9.90019 0.00962962 0)
(9.90135 0.00975479 0)
(9.20726 0.0102128 0)
(8.12029 0.0095236 0)
(6.86612 0.00884391 0)
(5.5736 0.00637922 0)
(4.32666 0.00543474 0)
(3.16769 0.00408767 0)
(2.12175 0.00297258 0)
(1.1928 0.001936 0)
(0.37773 0.000982032 0)
(0.386883 0.00104026 0)
(1.20057 0.00358477 0)
(2.12867 0.00699727 0)
(3.17433 0.0107255 0)
(4.33239 0.0144704 0)
(5.5789 0.0185917 0)
(6.87078 0.0224249 0)
(8.12737 0.0265963 0)
(9.21193 0.0307259 0)
(9.90171 0.0334045 0)
(9.9003 0.0319048 0)
(9.20411 0.0291914 0)
(8.11879 0.0253422 0)
(6.8572 0.0211399 0)
(5.56479 0.0196028 0)
(4.31746 0.0150602 0)
(3.1625 0.0112631 0)
(2.11509 0.00818005 0)
(1.1834 0.00463579 0)
(0.370696 0.00128275 0)
(0.398161 0.0017424 0)
(1.21304 0.00551129 0)
(2.14045 0.0108783 0)
(3.18467 0.0175217 0)
(4.33946 0.0245777 0)
(5.58378 0.0312473 0)
(6.87283 0.0378953 0)
(8.12656 0.0435764 0)
(9.21275 0.049381 0)
(9.9001 0.0510913 0)
(9.89851 0.0511015 0)
(9.20131 0.0480007 0)
(8.11055 0.0443672 0)
(6.85351 0.0393968 0)
(5.55869 0.0306712 0)
(4.3096 0.0243254 0)
(3.14841 0.0184483 0)
(2.09989 0.0117037 0)
(1.1686 0.00589218 0)
(0.360467 0.00103214 0)
(0.412498 0.00258468 0)
(1.23064 0.00803043 0)
(2.15988 0.016258 0)
(3.20464 0.0245482 0)
(4.35974 0.0341836 0)
(5.60277 0.0432638 0)
(6.89064 0.051967 0)
(8.14223 0.0612739 0)
(9.22516 0.0697319 0)
(9.90148 0.0747623 0)
(9.89685 0.0720211 0)
(9.19337 0.0680266 0)
(8.10215 0.0594055 0)
(6.83621 0.0492643 0)
(5.53951 0.0427758 0)
(4.2903 0.0329846 0)
(3.13205 0.0229103 0)
(2.08228 0.0146507 0)
(1.15082 0.00710213 0)
(0.347553 0.00112359 0)
(0.434595 0.00326195 0)
(1.25726 0.0103688 0)
(2.18247 0.0203091 0)
(3.22442 0.0307202 0)
(4.3753 0.0427778 0)
(5.61548 0.0553015 0)
(6.89968 0.0669455 0)
(8.14731 0.0774735 0)
(9.23185 0.0885883 0)
(9.9001 0.0924244 0)
(9.89226 0.0920484 0)
(9.18637 0.0851635 0)
(8.08876 0.0775629 0)
(6.82635 0.0678037 0)
(5.5269 0.0520224 0)
(4.27318 0.0394132 0)
(3.10961 0.0279924 0)
(2.0597 0.0175613 0)
(1.12692 0.00820869 0)
(0.332491 0.00104613 0)
(0.460582 0.00391584 0)
(1.2899 0.0121152 0)
(2.21635 0.0262378 0)
(3.25647 0.0395654 0)
(4.41133 0.0530424 0)
(5.64737 0.0675908 0)
(6.92694 0.0818388 0)
(8.16954 0.0960078 0)
(9.24839 0.109055 0)
(9.90155 0.11619 0)
(9.89047 0.112353 0)
(9.17551 0.106421 0)
(8.07423 0.092303 0)
(6.80052 0.0753052 0)
(5.49823 0.0637025 0)
(4.24558 0.0477147 0)
(3.08329 0.0334862 0)
(2.02913 0.0203033 0)
(1.09908 0.00939006 0)
(0.316175 0.00153324 0)
(0.492773 0.00441805 0)
(1.33357 0.0145463 0)
(2.25931 0.029189 0)
(3.29664 0.0455332 0)
(4.4345 0.0636326 0)
(5.6676 0.0792307 0)
(6.9429 0.0960161 0)
(8.18049 0.112188 0)
(9.26115 0.128683 0)
(9.9005 0.135001 0)
(9.88355 0.133349 0)
(9.16393 0.122679 0)
(8.05611 0.109878 0)
(6.78583 0.0949946 0)
(5.4795 0.0723251 0)
(4.21838 0.0552459 0)
(3.04829 0.0387535 0)
(1.9948 0.0238431 0)
(1.065 0.0116035 0)
(0.294709 0.0026652 0)
(0.524115 0.00370053 0)
(1.36467 0.0158999 0)
(2.28928 0.0318992 0)
(3.32961 0.0496433 0)
(4.48276 0.069449 0)
(5.71158 0.0933424 0)
(6.98056 0.113363 0)
(8.21111 0.132335 0)
(9.28271 0.15063 0)
(9.90334 0.159548 0)
(9.88212 0.154082 0)
(9.15149 0.144654 0)
(8.03633 0.12575 0)
(6.75084 0.102414 0)
(5.44006 0.0849987 0)
(4.18183 0.0633103 0)
(3.01584 0.0449969 0)
(1.95718 0.0290296 0)
(1.02411 0.0130894 0)
(0.267104 0.00393107 0)
(0.56419 0.00304658 0)
(1.42842 0.0169853 0)
(2.35204 0.0347382 0)
(3.38025 0.0555898 0)
(4.51316 0.0812836 0)
(5.73942 0.102697 0)
(7.00462 0.126902 0)
(8.22887 0.149475 0)
(9.30113 0.171882 0)
(9.90284 0.180448 0)
(9.87317 0.176659 0)
(9.13399 0.162355 0)
(8.01077 0.143276 0)
(6.72987 0.123093 0)
(5.4141 0.095048 0)
(4.14307 0.0728201 0)
(2.96441 0.0526264 0)
(1.90541 0.0336774 0)
(0.976338 0.0145098 0)
(0.234128 0.00535563 0)
(0.594186 0.00349441 0)
(1.46987 0.0196805 0)
(2.39599 0.0368376 0)
(3.43465 0.0621105 0)
(4.57582 0.0873431 0)
(5.7928 0.118543 0)
(7.04833 0.144754 0)
(8.26667 0.171047 0)
(9.32753 0.196188 0)
(9.90701 0.207133 0)
(9.87101 0.199652 0)
(9.11929 0.185671 0)
(7.98611 0.162279 0)
(6.68403 0.132864 0)
(5.36025 0.108239 0)
(4.09317 0.0810489 0)
(2.92175 0.0569391 0)
(1.86166 0.0359545 0)
(0.930772 0.0154197 0)
(0.196675 0.00622042 0)
(0.648851 0.0041386 0)
(1.5532 0.02417 0)
(2.47702 0.0457381 0)
(3.49163 0.0709626 0)
(4.61689 0.102211 0)
(5.83412 0.129866 0)
(7.08651 0.162985 0)
(8.29502 0.192003 0)
(9.35063 0.220655 0)
(9.90677 0.231513 0)
(9.85961 0.225145 0)
(9.09323 0.207137 0)
(7.94775 0.181417 0)
(6.65108 0.154336 0)
(5.32538 0.119789 0)
(4.04639 0.0889022 0)
(2.8641 0.0605022 0)
(1.80524 0.0361195 0)
(0.882638 0.0137097 0)
(0.156937 0.00620378 0)
(0.689078 0.00608184 0)
(1.60742 0.0293373 0)
(2.53629 0.0518968 0)
(3.56758 0.0826664 0)
(4.6923 0.112395 0)
(5.89245 0.149091 0)
(7.13196 0.180044 0)
(8.33496 0.215523 0)
(9.37915 0.248254 0)
(9.91044 0.261804 0)
(9.85397 0.253103 0)
(9.07301 0.234289 0)
(7.91562 0.204199 0)
(6.59368 0.166866 0)
(5.25255 0.132593 0)
(3.97722 0.0965553 0)
(2.80186 0.0632933 0)
(1.74464 0.0329784 0)
(0.840228 0.0114254 0)
(0.122624 0.0055771 0)
(0.774687 0.00778065 0)
(1.72232 0.0361574 0)
(2.6191 0.0695161 0)
(3.62491 0.093556 0)
(4.74256 0.127496 0)
(5.94722 0.162376 0)
(7.18115 0.205991 0)
(8.37496 0.241662 0)
(9.40455 0.276872 0)
(9.90838 0.291196 0)
(9.8379 0.28339 0)
(9.03568 0.261866 0)
(7.86123 0.228095 0)
(6.54305 0.190482 0)
(5.20508 0.145901 0)
(3.91417 0.105846 0)
(2.72302 0.0659251 0)
(1.66504 0.0309051 0)
(0.799169 0.0102469 0)
(0.0913044 0.00515875 0)
(0.836283 0.00949545 0)
(1.80027 0.0379842 0)
(2.70758 0.0709203 0)
(3.72068 0.113447 0)
(4.82894 0.144548 0)
(6.01324 0.187427 0)
(7.23554 0.225832 0)
(8.41857 0.271119 0)
(9.43473 0.310733 0)
(9.90973 0.326725 0)
(9.82539 0.318714 0)
(9.0058 0.295248 0)
(7.81746 0.255983 0)
(6.47103 0.208108 0)
(5.10851 0.162476 0)
(3.81825 0.114981 0)
(2.63591 0.069557 0)
(1.58741 0.0331053 0)
(0.761621 0.0123338 0)
(0.062839 0.00484575 0)
(0.946904 0.0112285 0)
(1.94028 0.0452356 0)
(2.7961 0.0889128 0)
(3.79365 0.117038 0)
(4.90125 0.165526 0)
(6.08385 0.207876 0)
(7.29205 0.257857 0)
(8.47121 0.302054 0)
(9.46304 0.344975 0)
(9.90517 0.364239 0)
(9.80241 0.35589 0)
(8.95663 0.330086 0)
(7.74813 0.286058 0)
(6.40263 0.236173 0)
(5.04695 0.179319 0)
(3.74281 0.127104 0)
(2.54424 0.0804983 0)
(1.49454 0.040767 0)
(0.708873 0.0166988 0)
(0.0269042 0.00501018 0)
(1.03428 0.0106946 0)
(2.06335 0.0458727 0)
(2.91789 0.088788 0)
(3.91641 0.143646 0)
(5.00727 0.183613 0)
(6.17588 0.240108 0)
(7.37559 0.29015 0)
(8.53247 0.343423 0)
(9.49929 0.390288 0)
(9.90582 0.409219 0)
(9.78385 0.400341 0)
(8.91752 0.369223 0)
(7.69306 0.318404 0)
(6.32021 0.256354 0)
(4.9374 0.19769 0)
(3.63142 0.14298 0)
(2.43711 0.0939908 0)
(1.39947 0.0490335 0)
(0.651236 0.0221865 0)
(-0.0129169 0.00596783 0)
(1.14665 0.0161005 0)
(2.1994 0.0508521 0)
(3.02128 0.101302 0)
(4.0078 0.142502 0)
(5.10348 0.20838 0)
(6.26328 0.263144 0)
(7.44297 0.324519 0)
(8.60321 0.384548 0)
(9.53548 0.437496 0)
(9.90391 0.459635 0)
(9.75822 0.445942 0)
(8.86143 0.410527 0)
(7.61539 0.352892 0)
(6.23924 0.287978 0)
(4.86205 0.215175 0)
(3.54726 0.154911 0)
(2.34119 0.106361 0)
(1.29553 0.0542442 0)
(0.571406 0.0276143 0)
(-0.0703691 0.00679884 0)
(1.28146 0.0123054 0)
(2.36754 0.0575153 0)
(3.17952 0.106158 0)
(4.17418 0.168461 0)
(5.24397 0.231015 0)
(6.38774 0.306092 0)
(7.55632 0.371782 0)
(8.68706 0.439415 0)
(9.58011 0.498024 0)
(9.90941 0.518814 0)
(9.73848 0.501568 0)
(8.81242 0.456014 0)
(7.54354 0.39018 0)
(6.13954 0.313404 0)
(4.73112 0.237959 0)
(3.41011 0.168362 0)
(2.21878 0.116538 0)
(1.18757 0.0554027 0)
(0.493406 0.0296679 0)
(-0.131318 0.00804325 0)
(1.38538 0.0197519 0)
(2.50727 0.0599226 0)
(3.30979 0.130043 0)
(4.29426 0.182002 0)
(5.37384 0.262342 0)
(6.50403 0.337795 0)
(7.64913 0.416527 0)
(8.77906 0.497633 0)
(9.62486 0.561459 0)
(9.9123 0.583827 0)
(9.71006 0.560366 0)
(8.74505 0.509428 0)
(7.44798 0.433283 0)
(6.03248 0.349236 0)
(4.6297 0.260838 0)
(3.29652 0.182432 0)
(2.09721 0.118852 0)
(1.07943 0.0555043 0)
(0.405862 0.0320832 0)
(-0.201929 0.0085869 0)
(1.58502 0.0198366 0)
(2.7459 0.0769689 0)
(3.52746 0.140788 0)
(4.50623 0.217503 0)
(5.5411 0.300901 0)
(6.64999 0.389215 0)
(7.78102 0.476871 0)
(8.88569 0.568217 0)
(9.67411 0.639852 0)
(9.91869 0.661743 0)
(9.68138 0.632649 0)
(8.67502 0.568604 0)
(7.3482 0.481891 0)
(5.90201 0.388305 0)
(4.46307 0.291198 0)
(3.12907 0.19744 0)
(1.94366 0.123059 0)
(0.975011 0.057099 0)
(0.322115 0.0325698 0)
(-0.272568 0.0103206 0)
(1.71453 0.0263041 0)
(2.89861 0.0778407 0)
(3.67805 0.166932 0)
(4.66655 0.240653 0)
(5.71659 0.343957 0)
(6.80901 0.443801 0)
(7.91087 0.54166 0)
(8.99542 0.648877 0)
(9.71689 0.72401 0)
(9.91599 0.745895 0)
(9.63859 0.710841 0)
(8.58442 0.639819 0)
(7.21982 0.538413 0)
(5.75638 0.427492 0)
(4.3222 0.322238 0)
(2.97527 0.216332 0)
(1.78279 0.129321 0)
(0.869504 0.061277 0)
(0.234945 0.0363407 0)
(-0.3502 0.0116362 0)
(1.98957 0.0279274 0)
(3.23004 0.106193 0)
(3.98927 0.202312 0)
(4.93801 0.289676 0)
(5.92157 0.401784 0)
(6.98952 0.507969 0)
(8.06525 0.626979 0)
(9.12396 0.749943 0)
(9.76225 0.828576 0)
(9.91203 0.846714 0)
(9.58597 0.802805 0)
(8.48105 0.716286 0)
(7.0887 0.598616 0)
(5.59595 0.477376 0)
(4.12899 0.348647 0)
(2.7809 0.235381 0)
(1.58316 0.137147 0)
(0.753375 0.072629 0)
(0.1262 0.0410179 0)
(-0.441077 0.0154674 0)
(2.17166 0.039985 0)
(3.43424 0.101436 0)
(4.17907 0.213768 0)
(5.13745 0.325239 0)
(6.14816 0.463566 0)
(7.19265 0.593503 0)
(8.23621 0.730301 0)
(9.25112 0.868497 0)
(9.79521 0.945006 0)
(9.8953 0.958616 0)
(9.51482 0.901541 0)
(8.3542 0.798498 0)
(6.9158 0.659931 0)
(5.40484 0.512629 0)
(3.94899 0.378543 0)
(2.58657 0.244779 0)
(1.40829 0.147799 0)
(0.657364 0.0797578 0)
(0.0162337 0.0500148 0)
(-0.545806 0.0197261 0)
(2.56239 0.0406229 0)
(3.85691 0.156633 0)
(4.58093 0.282661 0)
(5.49722 0.400535 0)
(6.42493 0.556271 0)
(7.42996 0.70549 0)
(8.43733 0.867374 0)
(9.3883 1.01634 0)
(9.82942 1.0878 0)
(9.87537 1.09089 0)
(9.4287 1.01408 0)
(8.2061 0.888426 0)
(6.74026 0.722693 0)
(5.20553 0.551612 0)
(3.72091 0.385478 0)
(2.37997 0.25263 0)
(1.21158 0.153074 0)
(0.544657 0.0993116 0)
(-0.107753 0.0626669 0)
(-0.671281 0.0252485 0)
(2.82929 0.0648021 0)
(4.14632 0.147867 0)
(4.8482 0.308317 0)
(5.76334 0.47373 0)
(6.71347 0.672762 0)
(7.68499 0.848865 0)
(8.66705 1.0378 0)
(9.51672 1.19017 0)
(9.84412 1.24941 0)
(9.84092 1.23897 0)
(9.31864 1.1345 0)
(8.03008 0.975312 0)
(6.51718 0.778126 0)
(4.96143 0.576813 0)
(3.49081 0.396834 0)
(2.15067 0.255142 0)
(1.05069 0.155109 0)
(0.445469 0.117543 0)
(-0.295082 0.0758354 0)
(-0.870374 0.0230913 0)
(3.43676 0.0888528 0)
(4.70044 0.267463 0)
(5.37422 0.466899 0)
(6.2393 0.661261 0)
(7.08407 0.86366 -1.33383e-32)
(7.9867 1.05511 4.87811e-33)
(8.91656 1.25721 0)
(9.63723 1.39811 0)
(9.85642 1.441 0)
(9.79903 1.41108 0)
(9.18981 1.2687 0)
(7.82699 1.07269 0)
(6.28264 0.834879 0)
(4.70684 0.598923 0)
(3.21004 0.388794 0)
(1.91438 0.234054 0)
(0.898136 0.12707 0)
(0.328926 0.0907596 0)
(-0.481839 0.0616289 0)
(-1.06023 -0.00147527 0)
(4.03562 0.216885 -1.50717e-18)
(5.1492 0.367908 1.2524e-18)
(5.7473 0.61857 0)
(6.56851 0.834524 -7.24974e-19)
(7.40577 1.07829 5.8979e-19)
(8.275 1.29709 -5.17506e-33)
(9.17984 1.51812 0)
(9.72353 1.63936 -9.05076e-20)
(9.85298 1.66955 1.58311e-19)
(9.72256 1.61396 -5.02739e-21)
(9.00635 1.42842 0)
(7.54577 1.17901 -2.53486e-19)
(5.93494 0.893752 -3.24503e-19)
(4.31933 0.618308 5.6243e-19)
(2.85043 0.387341 -4.56549e-19)
(1.60753 0.189935 0)
(0.745186 0.0742419 -1.69998e-19)
(0.258757 0.0178797 0)
(-0.526952 -0.000341899 -8.8931e-19)
(-1.12873 -0.0346639 1.0327e-18)
(4.40468 0.424107 1.28278e-19)
(5.62722 0.637075 -5.53841e-18)
(6.18222 0.933038 8.25363e-19)
(6.95051 1.15324 3.00378e-18)
(7.70899 1.37552 1.32165e-18)
(8.50765 1.57897 -2.09633e-18)
(9.33926 1.8004 0)
(9.75517 1.91106 0)
(9.81939 1.9342 -2.63976e-19)
(9.61862 1.85488 0)
(8.80748 1.62484 7.9343e-19)
(7.27158 1.3241 2.77067e-19)
(5.63629 0.974387 -2.34961e-20)
(4.03283 0.656477 -6.92095e-19)
(2.5781 0.375389 0)
(1.36347 0.159526 0)
(0.61602 0.057801 -2.89132e-18)
(0.203663 -0.0138398 7.23982e-18)
(-0.430204 -0.0391867 -4.26621e-18)
(-1.13086 -0.123357 -5.03158e-18)
(4.62995 0.674042 5.14674e-18)
(5.80273 0.954561 -2.01505e-18)
(6.34791 1.19671 -7.25542e-19)
(7.10874 1.39547 -5.59326e-18)
(7.86588 1.64868 4.39855e-19)
(8.65946 1.88096 5.79189e-18)
(9.41784 2.10353 -1.65526e-18)
(9.74059 2.20085 0)
(9.75623 2.2126 5.58829e-19)
(9.49458 2.10525 7.47385e-19)
(8.61911 1.82953 -2.25158e-18)
(7.03834 1.47196 1.23422e-18)
(5.39043 1.07139 -1.01244e-18)
(3.79217 0.687961 2.17862e-18)
(2.38451 0.396558 0)
(1.20389 0.176417 -8.18481e-19)
(0.544206 0.0574879 0)
(0.179152 0.000334402 4.31453e-18)
(-0.414202 -0.0805743 -1.01642e-17)
(-1.06303 -0.17154 6.431e-18)
(4.76042 0.919268 -2.11879e-17)
(6.10012 1.35901 1.10962e-17)
(6.62493 1.59494 1.95296e-18)
(7.33623 1.78656 0)
(8.01473 1.98676 3.82016e-18)
(8.74199 2.20359 -4.49484e-18)
(9.43591 2.4126 1.72253e-18)
(9.69223 2.49981 0)
(9.66696 2.50011 -3.99895e-19)
(9.35949 2.36244 -4.43438e-19)
(8.43909 2.03978 2.35847e-18)
(6.83607 1.62988 0)
(5.20058 1.17038 -2.23098e-18)
(3.63529 0.76136 1.19065e-18)
(2.26687 0.409914 3.07547e-18)
(1.16613 0.165542 -2.78035e-18)
(0.525274 0.0374198 4.28866e-18)
(0.191776 -0.0265308 -9.5357e-18)
(-0.303906 -0.0899374 5.98801e-18)
(-0.959012 -0.202984 -7.54482e-18)
(4.80127 1.16215 1.19048e-17)
(6.1112 1.64663 -1.15814e-17)
(6.64858 1.83669 6.33945e-18)
(7.35571 2.02363 -9.74233e-18)
(8.0412 2.2934 7.54789e-18)
(8.76448 2.53312 -1.754e-18)
(9.40864 2.73319 1.04683e-19)
(9.61393 2.80781 1.85639e-18)
(9.55354 2.79024 3.34185e-19)
(9.21224 2.62225 -1.36131e-18)
(8.26509 2.25299 -5.34252e-18)
(6.65806 1.78044 -2.10418e-18)
(5.04724 1.26635 -5.49263e-20)
(3.49513 0.797819 -4.6289e-18)
(2.20356 0.461258 -3.88035e-20)
(1.18903 0.195536 4.19353e-18)
(0.590081 0.0634703 -1.32254e-18)
(0.299258 0.0231906 -7.16717e-19)
(-0.180361 -0.0838603 0)
(-0.889752 -0.231383 1.72022e-17)
(4.8256 1.29519 0)
(6.24126 2.02774 3.26726e-18)
(6.78224 2.20061 0)
(7.4346 2.41219 -3.54236e-19)
(8.06406 2.6377 -8.4188e-18)
(8.74164 2.85953 3.53735e-18)
(9.34371 3.05261 -2.10871e-18)
(9.51354 3.11801 -2.64067e-18)
(9.42671 3.0805 -1.13205e-19)
(9.06341 2.88265 9.28452e-21)
(8.10539 2.46798 3.01658e-18)
(6.51294 1.93519 4.73807e-18)
(4.92906 1.36742 -3.03309e-18)
(3.43945 0.898044 5.24826e-18)
(2.16355 0.494196 -4.19506e-18)
(1.17352 0.206443 0)
(0.611292 0.0721857 -1.03285e-17)
(0.330781 0.0249449 1.38608e-17)
(-0.110504 -0.0866727 1.06764e-18)
(-0.759096 -0.227515 -1.92746e-17)
(4.694 1.47655 -4.06817e-19)
(6.14114 2.25674 -7.76976e-18)
(6.70916 2.39519 -2.77423e-17)
(7.35587 2.63477 1.71934e-17)
(7.99873 2.92083 -5.60324e-18)
(8.67353 3.17167 3.96125e-18)
(9.25038 3.36823 -4.79517e-18)
(9.395 3.42526 1.5415e-18)
(9.29081 3.36595 5.47169e-19)
(8.91524 3.14077 -1.85081e-19)
(7.95989 2.68385 -3.80318e-18)
(6.39013 2.0982 -5.60539e-18)
(4.82667 1.48606 3.51887e-18)
(3.35275 0.959276 -1.94724e-18)
(2.13233 0.563984 4.84504e-18)
(1.27363 0.259095 0)
(0.765707 0.117321 -6.76883e-18)
(0.506501 0.0904327 1.00584e-17)
(0.0900112 -0.0289167 1.90329e-17)
(-0.667945 -0.219113 -2.22503e-17)
(4.64553 1.68925 -3.97291e-17)
(6.18514 2.57471 1.99821e-17)
(6.74268 2.72223 1.78937e-17)
(7.33659 2.99023 -1.8439e-17)
(7.93947 3.23066 3.76189e-19)
(8.57843 3.47163 8.95967e-18)
(9.13399 3.66996 2.12236e-18)
(9.26486 3.72117 6.85787e-19)
(9.1513 3.64333 -5.68902e-19)
(8.7692 3.39427 8.09539e-19)
(7.82152 2.89997 3.18521e-18)
(6.27428 2.26855 8.76789e-18)
(4.7396 1.61161 0)
(3.35585 1.06336 1.77044e-19)
(2.17208 0.605958 -1.40084e-17)
(1.28069 0.312032 3.34411e-18)
(0.799032 0.178507 1.5416e-17)
(0.549791 0.13629 -4.55234e-18)
(0.161131 0.0115967 9.49417e-18)
(-0.594505 -0.221185 -7.69457e-19)
(4.48283 1.80508 4.14202e-19)
(6.05725 2.72171 1.77966e-17)
(6.61228 2.86683 1.30311e-17)
(7.21047 3.18634 -3.05024e-17)
(7.82848 3.4808 2.24844e-17)
(8.46124 3.75053 -9.82161e-18)
(9.0078 3.95848 -2.31269e-18)
(9.128 4.00567 -3.26448e-18)
(9.00727 3.90999 -5.32438e-19)
(8.61916 3.64026 -2.60969e-18)
(7.68212 3.11297 0)
(6.16445 2.4391 -3.70718e-18)
(4.67286 1.74516 4.24369e-18)
(3.32193 1.15563 5.38611e-18)
(2.19563 0.706685 -3.19361e-18)
(1.41784 0.385193 -7.40889e-18)
(0.973047 0.244923 -2.23784e-18)
(0.713102 0.231279 -1.35229e-19)
(0.307702 0.0732715 0)
(-0.518687 -0.201486 0)
(4.38429 1.94504 -1.78721e-17)
(6.01588 2.9839 0)
(6.56832 3.15771 1.41658e-17)
(7.14055 3.47914 -6.07487e-18)
(7.72723 3.74826 -2.33363e-17)
(8.33282 4.0162 6.5435e-18)
(8.86943 4.22911 -2.54173e-18)
(8.98497 4.27459 2.73679e-18)
(8.85931 4.16536 -7.4698e-19)
(8.46722 3.87783 -2.03777e-18)
(7.54549 3.32107 2.00738e-18)
(6.0626 2.60924 1.21649e-17)
(4.61301 1.88022 3.34808e-19)
(3.32175 1.26895 -5.88145e-18)
(2.21913 0.767793 1.07342e-17)
(1.42153 0.470451 2.33212e-20)
(1.00935 0.321824 2.39569e-18)
(0.799398 0.295337 -1.17587e-17)
(0.426297 0.150956 1.19691e-17)
(-0.47508 -0.199695 -1.40892e-17)
(4.19803 2.02427 -8.25668e-21)
(5.86343 3.09981 0)
(6.42591 3.26738 0)
(6.99294 3.6362 6.00608e-18)
(7.59149 3.95789 8.59944e-18)
(8.19401 4.25639 -5.80572e-18)
(8.72591 4.4819 6.75716e-18)
(8.83726 4.52807 0)
(8.70709 4.40798 4.21114e-19)
(8.31342 4.10497 4.37527e-18)
(7.41206 3.52217 7.53661e-18)
(5.96718 2.77719 -4.66452e-18)
(4.56306 2.01847 -5.67021e-18)
(3.30856 1.37943 1.33505e-17)
(2.26719 0.882576 -3.87626e-18)
(1.56142 0.553324 -4.54663e-18)
(1.17081 0.423116 -2.79323e-18)
(0.906476 0.407978 -1.31189e-17)
(0.494583 0.208076 1.87285e-18)
(-0.454434 -0.201656 1.56945e-17)
(4.07666 2.1237 -6.89044e-18)
(5.78449 3.30572 -1.07787e-17)
(6.34069 3.50797 5.3499e-19)
(6.89072 3.87215 -2.2049e-20)
(7.46634 4.1767 3.6345e-18)
(8.04843 4.48032 -1.3166e-17)
(8.57566 4.71458 0)
(8.68537 4.76365 -9.08816e-19)
(8.55469 4.63717 7.15585e-19)
(8.16583 4.32234 7.32446e-18)
(7.28815 3.71724 -1.59727e-18)
(5.88036 2.94462 2.15435e-18)
(4.51188 2.15873 0)
(3.29002 1.49826 -7.28018e-18)
(2.26302 0.960141 8.92579e-18)
(1.55225 0.656072 0)
(1.20604 0.501499 -6.10715e-18)
(1.02577 0.492113 1.79436e-17)
(0.619365 0.300449 2.16771e-18)
(-0.428295 -0.207092 -1.98636e-17)
(3.9031 2.1746 -1.45894e-17)
(5.63406 3.40367 1.80409e-17)
(6.19482 3.60582 0)
(6.73445 3.999 1.38186e-17)
(7.3185 4.34599 0)
(7.89814 4.67887 1.3358e-17)
(8.42365 4.92845 0)
(8.53309 4.98225 0)
(8.4058 4.85182 -5.31229e-19)
(8.02537 4.52939 -7.43057e-18)
(7.1702 3.90574 -1.4229e-17)
(5.79419 3.1107 2.80135e-18)
(4.45835 2.30225 1.04277e-17)
(3.27083 1.61969 8.25968e-18)
(2.31558 1.07694 -2.89986e-17)
(1.67989 0.752265 -1.14039e-17)
(1.33606 0.630039 6.71166e-18)
(1.0733 0.612151 0)
(0.642777 0.349675 1.89444e-17)
(-0.421243 -0.217842 -2.21832e-17)
(3.78278 2.24789 1.56525e-17)
(5.53914 3.5699 -1.936e-17)
(6.08942 3.81122 0)
(6.61852 4.19587 -3.77107e-19)
(7.18512 4.52361 -5.69015e-18)
(7.7477 4.86186 0)
(8.27153 5.12239 -1.6496e-18)
(8.38367 5.1826 2.91591e-19)
(8.26341 5.05183 2.17485e-19)
(7.8938 4.72622 4.53903e-19)
(7.05827 4.08821 0)
(5.70573 3.27302 1.15864e-17)
(4.39711 2.44342 3.22164e-19)
(3.23524 1.74051 4.54036e-18)
(2.28418 1.1708 5.24847e-18)
(1.65261 0.864705 0)
(1.3602 0.714801 -1.12e-17)
(1.17524 0.712181 2.20206e-17)
(0.695662 0.424742 -2.33476e-17)
(-0.418103 -0.233166 4.88588e-17)
(3.62726 2.29149 0)
(5.39433 3.65613 0)
(5.95224 3.90168 -1.05853e-17)
(6.4693 4.30656 0)
(7.03995 4.66535 0)
(7.59857 5.02538 1.51613e-17)
(8.12236 5.29972 -1.75507e-18)
(8.23849 5.36645 8.51129e-19)
(8.12606 5.2361 4.21964e-19)
(7.76576 4.91032 0)
(6.94535 4.26193 -2.46249e-18)
(5.61155 3.43051 -9.62453e-18)
(4.3293 2.58229 -1.1814e-17)
(3.19531 1.85942 -4.79102e-18)
(2.32221 1.29092 5.8779e-18)
(1.76438 0.981923 -1.37107e-17)
(1.46763 0.856014 2.45396e-17)
(1.20157 0.830954 1.67903e-19)
(0.66941 0.463632 -2.2403e-17)
(-0.434828 -0.257581 -3.38643e-18)
(3.51821 2.35235 0)
(5.30483 3.79798 -1.43053e-17)
(5.8462 4.08 1.16888e-17)
(6.35574 4.47883 0)
(6.91263 4.81766 0)
(7.45559 5.17803 -3.2431e-17)
(7.97859 5.46035 0)
(8.09877 5.53346 0)
(7.993 5.40478 1.96524e-19)
(7.6401 5.08086 1.8303e-18)
(6.83181 4.42533 -1.99899e-17)
(5.51362 3.5802 0)
(4.25717 2.71515 -1.31552e-17)
(3.14706 1.97266 2.0735e-19)
(2.27481 1.38987 -1.91971e-17)
(1.71581 1.08777 7.38392e-18)
(1.46388 0.946536 1.10459e-19)
(1.24932 0.926268 -2.63493e-17)
(0.625382 0.479095 1.19205e-17)
(-0.470597 -0.28969 3.61874e-18)
(3.39008 2.38914 0)
(5.17397 3.87154 -1.57434e-17)
(5.72427 4.16247 1.21658e-17)
(6.22201 4.57948 2.68405e-17)
(6.78031 4.94389 6.04301e-18)
(7.31842 5.31881 -3.75619e-18)
(7.84037 5.60926 3.03505e-18)
(7.96324 5.68687 -8.45068e-18)
(7.86206 5.55841 -2.10593e-19)
(7.5137 5.23634 1.08049e-17)
(6.71609 4.57646 1.66918e-17)
(5.4148 3.722 3.2639e-18)
(4.18333 2.84347 1.89276e-17)
(3.0931 2.08447 1.1721e-17)
(2.28616 1.50733 1.37886e-17)
(1.79595 1.2258 -8.17811e-18)
(1.54082 1.09361 -9.71968e-18)
(1.26938 1.00814 1.15081e-17)
(0.569896 0.471963 -6.55772e-18)
(-0.531164 -0.340856 1.19105e-17)
(3.30115 2.4491 2.10016e-17)
(5.09645 3.996 2.51008e-17)
(5.62568 4.3165 6.34568e-18)
(6.11803 4.73101 4.62087e-20)
(6.66576 5.07916 -2.03924e-17)
(7.1904 5.45255 9.22084e-18)
(7.70995 5.7467 -3.24766e-18)
(7.83397 5.8276 4.66741e-20)
(7.73555 5.69927 -3.13942e-19)
(7.39018 5.37888 -1.23309e-17)
(6.60316 4.7161 1.00111e-18)
(5.31951 3.85537 0)
(4.1105 2.96656 0)
(3.03909 2.1953 -6.13058e-18)
(2.23068 1.61109 -2.26525e-17)
(1.72263 1.32227 1.76732e-17)
(1.50942 1.16947 1.07188e-17)
(1.26609 1.08302 0)
(0.511168 0.451528 2.13851e-17)
(-0.548447 -0.455215 -1.29885e-17)
(3.19862 2.48304 -1.10599e-17)
(4.98133 4.06014 9.2431e-18)
(5.52053 4.39003 -1.40167e-17)
(6.00241 4.82156 -1.60034e-17)
(6.54993 5.19325 -7.48448e-18)
(7.07019 5.579 2.68695e-18)
(7.58725 5.8776 0)
(7.71146 5.96029 1.03285e-17)
(7.61461 5.83058 -5.27148e-19)
(7.27069 5.5103 0)
(6.49427 4.84517 0)
(5.22849 3.98041 2.2979e-18)
(4.03963 3.08556 3.12344e-18)
(2.97909 2.30707 -6.62285e-18)
(2.2203 1.73809 1.62639e-17)
(1.76479 1.47706 -1.90312e-17)
(1.53712 1.30071 -2.28054e-17)
(1.23996 1.07747 1.82897e-17)
(0.421105 0.385657 -7.86592e-18)
(-0.431479 -0.548923 4.62307e-18)
(3.12661 2.54409 1.20814e-17)
(4.91781 4.17263 0)
(5.43483 4.52384 0)
(5.91214 4.95441 -5.32252e-18)
(6.45172 5.31485 4.30255e-18)
(6.96166 5.70118 -1.94734e-19)
(7.47582 6.0028 -1.11727e-17)
(7.59991 6.08694 -1.2098e-17)
(7.50397 5.95597 2.47046e-19)
(7.16068 5.6351 -1.22074e-18)
(6.39379 4.96674 2.91792e-18)
(5.14449 4.09801 -2.01103e-17)
(3.97231 3.19946 -2.04962e-17)
(2.92412 2.41948 -3.52767e-18)
(2.15543 1.86419 0)
(1.64651 1.59066 -1.582e-19)
(1.43727 1.38288 1.23098e-17)
(1.16292 1.08604 -2.04579e-17)
(0.417513 0.127531 1.68751e-17)
(-0.369986 -0.573269 1.50193e-17)
(3.04745 2.57522 -2.5826e-17)
(4.82045 4.22862 -1.06407e-17)
(5.34692 4.58964 7.93256e-20)
(5.81479 5.03566 6.19707e-18)
(6.35422 5.41878 0)
(6.86163 5.81943 2.20138e-17)
(7.3734 6.12708 1.38713e-17)
(7.49602 6.21328 -1.31549e-18)
(7.39978 6.08097 2.07887e-19)
(7.0559 5.75883 -1.19888e-18)
(6.29796 5.08734 1.11058e-18)
(5.06383 4.21443 1.76168e-17)
(3.90635 3.31452 1.98735e-17)
(2.8637 2.54034 3.41672e-18)
(2.12222 2.01956 1.70377e-17)
(1.67349 1.76832 0)
(1.37202 1.54517 0)
(0.897384 1.02004 1.39088e-17)
(0.00739075 0.327725 -1.3977e-19)
(-0.197347 0.992916 -1.58004e-17)
(2.99451 2.63805 1.38151e-17)
(4.77119 4.33241 3.29481e-17)
(5.27392 4.70795 -5.10032e-17)
(5.73666 5.15355 3.19345e-17)
(6.2701 5.52987 -4.13715e-18)
(6.76876 5.93514 2.70787e-17)
(7.27638 6.24936 0)
(7.39737 6.3389 1.13063e-17)
(7.30043 6.20697 0)
(6.95621 5.88547 1.28812e-17)
(6.20699 5.21181 -1.76763e-18)
(4.98802 4.3351 1.97653e-18)
(3.8443 3.43604 2.29447e-17)
(2.81201 2.67468 -7.273e-18)
(2.06045 2.19653 -8.74118e-18)
(1.52099 2.0054 0)
(1.12251 1.78817 0)
(0.520162 1.31473 0)
(0.153567 1.42332 -8.23714e-18)
(0.153227 2.50242 -4.86129e-18)
(2.93764 2.66983 0)
(4.68904 4.38152 0)
(5.19914 4.76689 1.80978e-17)
(5.65245 5.22503 -2.67621e-17)
(6.18635 5.62312 1.91185e-17)
(6.68174 6.04504 -2.48995e-17)
(7.1847 6.36872 -1.44778e-18)
(7.30173 6.46262 1.11668e-18)
(7.20338 6.3316 4.11489e-19)
(6.85931 6.01162 -1.47046e-17)
(6.12015 5.33802 2.89146e-18)
(4.91733 4.45885 1.81477e-17)
(3.78603 3.56289 -2.28767e-17)
(2.75776 2.82337 -2.4799e-17)
(2.02236 2.40689 8.39948e-18)
(1.53717 2.22991 0)
(1.06598 1.93794 1.15181e-17)
(0.696007 1.71855 1.35098e-17)
(0.39904 2.58557 -1.63435e-17)
(0.408663 3.00469 1.93167e-17)
(2.89927 2.73295 0)
(4.65103 4.47866 2.54374e-17)
(5.13688 4.87237 -4.67445e-18)
(5.58537 5.33012 3.24146e-17)
(6.11375 5.72258 -2.00849e-17)
(6.59877 6.15045 0)
(7.09486 6.48301 0)
(7.20899 6.5824 0)
(7.10961 6.45368 -1.89263e-18)
(6.76679 6.13716 2.85787e-19)
(6.03852 5.46545 0)
(4.85404 4.58629 -1.79304e-17)
(3.73467 3.69495 0)
(2.72511 2.98215 1.77878e-17)
(2.01094 2.62437 -1.22955e-17)
(1.48078 2.51128 -9.71171e-18)
(0.936512 2.30465 -2.26737e-17)
(0.652249 2.47223 -1.35698e-17)
(0.592138 3.12625 -2.22765e-17)
(0.583909 3.2913 1.91416e-17)
(2.85934 2.76632 -8.3864e-18)
(4.58292 4.52317 1.5925e-19)
(5.07562 4.92767 -4.87685e-18)
(5.5161 5.3961 -2.57103e-17)
(6.04318 5.80783 0)
(6.52128 6.25129 0)
(7.00978 6.59439 0)
(7.11842 6.69977 -5.53702e-19)
(7.01727 6.57371 1.96441e-18)
(6.67597 6.26096 0)
(5.95987 5.59302 0)
(4.79536 4.71627 0)
(3.68883 3.83127 0)
(2.69839 3.15375 1.3673e-17)
(2.01519 2.86682 3.3136e-17)
(1.53323 2.74793 9.65442e-18)
(1.23225 2.57264 2.19115e-17)
(0.972746 3.01546 -1.93843e-17)
(0.845922 3.47705 7.34824e-18)
(0.686519 3.54413 0)
(2.82717 2.82355 8.15783e-18)
(4.55557 4.61636 -5.09043e-17)
(5.02533 5.02807 -1.47903e-17)
(5.46061 5.49665 -3.74109e-18)
(5.97997 5.90228 4.75561e-18)
(6.44397 6.34951 -3.41247e-17)
(6.92354 6.70156 2.35518e-18)
(7.02835 6.8142 1.46697e-17)
(6.92654 6.69221 0)
(6.58796 6.38454 -1.12204e-18)
(5.88421 5.72081 1.02445e-18)
(4.74046 4.84709 0)
(3.65023 3.96967 0)
(2.69887 3.33037 -1.7081e-17)
(2.06781 3.08812 3.38195e-18)
(1.56989 2.98467 -9.50822e-18)
(1.1807 3.01656 2.18981e-17)
(0.929132 3.52505 1.89604e-17)
(0.802105 3.74041 -3.27367e-17)
(0.677654 3.75956 1.70911e-17)
(2.79207 2.84754 1.51874e-17)
(4.49049 4.65373 4.72666e-17)
(4.9666 5.08073 1.8058e-17)
(5.39419 5.56164 0)
(5.90899 5.98543 0)
(6.36219 6.44587 2.57868e-17)
(6.83337 6.80801 -1.55997e-17)
(6.93368 6.9288 -1.34512e-17)
(6.83199 6.81141 -4.53309e-19)
(6.49721 6.50849 9.9115e-18)
(5.80717 5.84909 -2.10218e-17)
(4.68598 4.97821 0)
(3.6185 4.1098 0)
(2.71067 3.51339 -1.26647e-17)
(2.11315 3.33302 -1.56603e-17)
(1.66457 3.28491 0)
(1.36508 3.33102 -3.15029e-17)
(1.21246 3.82179 -5.75079e-18)
(1.07093 4.07483 3.35835e-17)
(0.832134 4.08905 -1.68455e-17)
(2.75261 2.89726 -2.85925e-17)
(4.45842 4.74668 -2.23635e-17)
(4.90706 5.18031 0)
(5.32754 5.66074 0)
(5.83095 6.07687 0)
(6.26894 6.53946 0)
(6.73248 6.91019 1.65744e-17)
(6.83102 7.04059 -1.56579e-17)
(6.73198 6.92935 0)
(6.40327 6.6322 -8.72589e-18)
(5.72804 5.97673 3.81598e-17)
(4.63235 5.10803 1.70666e-18)
(3.59556 4.25019 2.61556e-18)
(2.74173 3.6957 2.16384e-17)
(2.19706 3.55368 -1.42421e-17)
(1.76384 3.49779 0)
(1.48918 3.69525 1.0074e-17)
(1.2904 4.26966 4.58388e-19)
(0.909196 4.35918 -5.457e-18)
(0.576715 4.43912 1.02906e-17)
(2.70973 2.90698 1.34497e-17)
(4.37494 4.76783 -2.11885e-17)
(4.8298 5.22224 0)
(5.23944 5.71522 -5.89529e-18)
(5.73709 6.15211 2.25786e-17)
(6.16453 6.62889 0)
(6.62213 7.01001 0)
(6.71922 7.15021 2.8184e-17)
(6.62395 7.04525 -8.90788e-20)
(6.30246 6.75336 8.23779e-18)
(5.64422 6.10178 -1.81175e-17)
(4.57953 5.23596 1.29824e-17)
(3.58047 4.38949 0)
(2.7839 3.87669 -1.19745e-17)
(2.2741 3.77587 7.26338e-18)
(1.88994 3.78431 8.02965e-18)
(1.67396 4.06835 0)
(1.45105 4.48694 5.22779e-18)
(1.06485 4.8989 9.30222e-18)
(0.953459 5.05928 2.64457e-18)
(2.65359 2.95563 -2.51689e-17)
(4.32498 4.8595 3.01228e-17)
(4.74854 5.316 2.3013e-17)
(5.1488 5.8066 -6.08618e-18)
(5.6338 6.23563 -3.40863e-17)
(6.04738 6.71523 0)
(6.50043 7.10535 1.27873e-17)
(6.5986 7.25559 -1.14561e-17)
(6.50895 7.15707 -9.39719e-19)
(6.19676 6.87109 -7.18523e-18)
(5.55792 6.22346 -7.9206e-19)
(4.52867 5.36033 -1.44959e-17)
(3.57312 4.52483 1.8048e-17)
(2.83762 4.05031 5.59584e-18)
(2.3837 3.9822 -1.29757e-17)
(2.04 3.99553 1.48237e-17)
(1.87907 4.24291 0)
(1.7013 4.98542 0)
(1.40366 5.31895 2.79805e-18)
(0.506303 5.37448 -7.66311e-18)
(2.59386 2.95178 1.1889e-17)
(4.21677 4.86884 2.80133e-17)
(4.64862 5.34819 -2.21744e-17)
(5.03721 5.85057 2.21797e-17)
(5.51629 6.30204 3.24723e-17)
(5.92112 6.79809 0)
(6.37056 7.19909 -1.37645e-17)
(6.47029 7.35832 -1.36524e-17)
(6.38688 7.26455 0)
(6.0851 6.9829 0)
(5.46897 6.33938 0)
(4.48055 5.47963 0)
(3.57076 4.65296 -2.05888e-17)
(2.89837 4.21004 -7.9206e-18)
(2.4901 4.16255 0)
(2.19638 4.20005 -7.41462e-18)
(2.14116 4.64186 0)
(2.20304 4.92879 -3.49271e-18)
(2.23713 4.81772 6.49725e-18)
(1.27174 4.86578 -3.72012e-18)
(2.51411 3.00385 -2.2229e-17)
(4.14666 4.96903 -1.76074e-17)
(4.5464 5.44384 -1.36156e-17)
(4.9253 5.94147 -2.07022e-17)
(5.39128 6.38306 -1.50922e-17)
(5.78379 6.88175 0)
(6.22928 7.29106 -2.6453e-18)
(6.33214 7.45826 2.06569e-18)
(6.25666 7.36842 3.31018e-18)
(5.96785 7.09113 0)
(5.37804 6.45235 1.16665e-18)
(4.43343 5.59555 -1.33256e-18)
(3.57201 4.77598 0)
(2.963 4.35852 9.77622e-18)
(2.60325 4.31958 0)
(2.40809 4.38253 5.81188e-18)
(2.43733 4.68578 -1.34373e-17)
(2.56108 4.64509 3.18128e-18)
(2.72222 3.88088 -3.70224e-18)
(1.10922 3.45454 7.0574e-18)
(2.4402 2.98715 -9.68604e-20)
(4.01487 4.97461 -8.34663e-18)
(4.42436 5.47493 1.89464e-17)
(4.79227 5.98357 -4.00379e-19)
(5.25376 6.45012 -3.71932e-18)
(5.63775 6.96672 0)
(6.07758 7.38726 1.18915e-17)
(6.18224 7.56161 1.08094e-17)
(6.11497 7.47449 -5.50678e-18)
(5.84041 7.20028 -5.29136e-18)
(5.28074 6.56659 -1.36302e-17)
(4.38498 5.71239 0)
(3.57439 4.89907 1.38872e-17)
(3.02825 4.49841 -4.2499e-18)
(2.71754 4.4467 -4.76747e-18)
(2.57089 4.48154 0)
(2.55828 4.70551 6.22571e-18)
(2.5043 4.60693 -6.12943e-18)
(2.21882 3.43298 8.59562e-18)
(-0.339801 1.55045 7.74786e-18)
(2.33717 3.04457 1.93025e-17)
(3.92417 5.08793 -7.79678e-18)
(4.30149 5.58202 1.18648e-17)
(4.66118 6.08507 9.34621e-18)
(5.10863 6.53925 6.94121e-18)
(5.48008 7.05742 1.79611e-17)
(5.91437 7.48643 -2.22846e-17)
(6.02126 7.66765 -1.11799e-17)
(5.96369 7.58335 6.12539e-18)
(5.70647 7.31252 -1.8473e-19)
(5.17954 6.68338 1.11686e-18)
(4.33282 5.8285 -1.22433e-17)
(3.57276 5.01907 5.752e-18)
(3.08464 4.63057 -1.13196e-17)
(2.80046 4.55046 9.09793e-18)
(2.66402 4.54667 -4.98069e-18)
(2.60217 4.70119 1.15946e-17)
(2.39177 4.5214 -6.69579e-18)
(1.91294 2.98195 0)
(-0.179209 0.68812 1.21072e-17)
(2.25892 3.0192 0)
(3.77282 5.09284 -2.82856e-17)
(4.15982 5.61583 2.83804e-19)
(4.50815 6.13016 -1.68237e-17)
(4.95094 6.61155 0)
(5.31443 7.14853 -1.30611e-17)
(5.74177 7.58918 1.78486e-17)
(5.85014 7.77824 1.0478e-17)
(5.8028 7.69709 -5.99697e-18)
(5.56372 7.42826 4.30815e-18)
(5.06994 6.80146 1.14077e-17)
(4.27305 5.94303 3.57191e-19)
(3.5626 5.13621 -1.16885e-17)
(3.11975 4.75761 -3.31956e-18)
(2.84709 4.64296 8.17937e-18)
(2.70369 4.58896 -9.44555e-18)
(2.61752 4.68011 -5.41798e-18)
(2.36128 4.41729 6.52607e-18)
(1.81446 2.75057 0)
(0.0016851 0.318449 0)
(2.13317 3.07674 -1.6634e-17)
(3.66233 5.21396 2.69418e-17)
(4.0163 5.73415 0)
(4.35616 6.24353 0)
(4.78365 6.70979 0)
(5.13481 7.24643 0)
(5.55668 7.69495 -7.72607e-18)
(5.66781 7.89195 -7.28212e-19)
(5.63192 7.81456 -8.69989e-19)
(5.41293 7.54759 8.67288e-19)
(4.95205 6.92089 -1.19971e-17)
(4.20303 6.05646 9.824e-18)
(3.53824 5.25015 0)
(3.13352 4.88116 1.1407e-19)
(2.86263 4.73626 -1.14124e-17)
(2.73405 4.63054 4.48886e-18)
(2.65142 4.66246 -5.15281e-18)
(2.34228 4.30439 -3.0195e-18)
(1.61312 2.47387 1.4333e-17)
(-0.119662 0.0959144 1.72841e-17)
(2.05807 3.05142 7.79213e-18)
(3.49285 5.21814 1.21468e-17)
(3.85415 5.76401 -3.07069e-19)
(4.18099 6.2862 7.26209e-18)
(4.60281 6.78383 0)
(4.94677 7.34097 1.79398e-17)
(5.36093 7.80167 -4.56995e-18)
(5.47395 8.00844 1.52522e-18)
(5.44931 7.93546 -1.64458e-19)
(5.24953 7.66929 7.58112e-19)
(4.81999 7.04016 8.33788e-18)
(4.11982 6.17031 -7.07818e-18)
(3.4999 5.3662 -6.96092e-18)
(3.1247 5.003 -2.79458e-18)
(2.86029 4.83099 7.1238e-18)
(2.73569 4.68014 -1.27698e-17)
(2.65469 4.63971 6.44035e-18)
(2.30193 4.1907 -8.79499e-18)
(1.36526 2.16573 2.61247e-17)
(-0.202322 -0.165426 -1.85726e-17)
(1.90484 3.0904 -7.29691e-18)
(3.35994 5.33759 0)
(3.68671 5.88885 -8.98278e-18)
(4.00398 6.4061 -1.35522e-17)
(4.40953 6.8861 0)
(4.74102 7.44147 -1.37111e-17)
(5.14897 7.90953 0)
(5.2654 8.12525 -7.31204e-18)
(5.25226 8.0566 1.52505e-18)
(5.07272 7.79174 2.16612e-18)
(4.67501 7.16047 -6.48021e-18)
(4.01968 6.28338 3.45314e-18)
(3.44203 5.48442 1.54171e-17)
(3.09829 5.12674 -5.38552e-18)
(2.84027 4.93244 6.5173e-18)
(2.72225 4.7434 3.98292e-18)
(2.63917 4.6418 -7.94536e-18)
(2.25492 4.08726 1.07315e-17)
(1.23252 2.01329 -4.65772e-20)
(-0.126639 -0.195283 1.95947e-18)
(1.83246 3.07321 1.34402e-17)
(3.16908 5.33524 -1.04552e-17)
(3.50179 5.90314 8.51717e-18)
(3.80404 6.43601 6.3194e-18)
(4.2017 6.95337 5.25857e-19)
(4.52566 7.53242 6.93256e-18)
(4.92371 8.01421 0)
(5.04207 8.24098 -6.86706e-20)
(5.03932 8.17665 0)
(4.87831 7.9127 -2.0272e-18)
(4.51073 7.28007 6.10184e-18)
(3.90097 6.39798 -1.36929e-18)
(3.36891 5.60911 -1.17934e-17)
(3.05534 5.25864 -5.22996e-18)
(2.80916 5.03327 2.97401e-18)
(2.675 4.81877 -3.86168e-18)
(2.60289 4.66169 1.28829e-17)
(2.19334 4.04727 7.42777e-18)
(1.12271 1.91665 3.16534e-18)
(-0.0653645 -0.135974 -1.53393e-17)
(1.64654 3.0692 1.41635e-19)
(3.00999 5.44435 5.11614e-18)
(3.30647 6.02849 0)
(3.59704 6.55315 1.11522e-17)
(3.97792 7.04911 -1.71168e-17)
(4.28905 7.6262 6.43101e-18)
(4.67865 8.11696 -4.28597e-18)
(4.80042 8.35377 5.38502e-18)
(4.80759 8.29394 -2.80754e-18)
(4.66609 8.03142 -5.10362e-19)
(4.32926 7.39878 5.62212e-18)
(3.76171 6.51347 1.16452e-17)
(3.27506 5.73952 1.13446e-19)
(2.99361 5.39702 9.32333e-18)
(2.75401 5.14527 5.9752e-18)
(2.60072 4.8962 -1.0582e-17)
(2.52626 4.71198 8.8034e-18)
(2.13884 4.04653 -4.90138e-18)
(1.07544 1.91078 4.71312e-20)
(-0.0125292 -0.0318938 1.48474e-17)
(1.57524 3.05927 2.26655e-17)
(2.79403 5.42296 -4.62288e-18)
(3.09525 6.01451 -1.36984e-17)
(3.36988 6.56064 1.11128e-17)
(3.74015 7.09984 -7.52625e-18)
(4.04214 7.70332 1.13849e-17)
(4.41795 8.21009 7.00397e-18)
(4.54132 8.46034 0)
(4.55704 8.40686 2.90609e-18)
(4.43322 8.14731 -2.22166e-19)
(4.12479 7.51554 -1.06769e-18)
(3.60231 6.6316 -9.96148e-18)
(3.16644 5.88085 -4.67127e-19)
(2.91322 5.54759 -1.95074e-19)
(2.67275 5.26849 8.44352e-18)
(2.50187 4.99218 3.70775e-18)
(2.4195 4.78462 -1.02116e-17)
(2.04704 4.09684 -5.00036e-18)
(1.02766 1.97902 -1.4835e-18)
(0.0595096 0.115241 -1.42623e-17)
(1.34655 2.98523 0)
(2.60388 5.50943 4.1016e-18)
(2.87284 6.13236 -6.18428e-18)
(3.13076 6.66315 1.01923e-17)
(3.48351 7.1773 -1.4119e-17)
(3.7718 7.77958 5.38611e-18)
(4.13549 8.29778 0)
(4.26265 8.56048 0)
(4.28586 8.51484 0)
(4.18058 8.26052 -7.97e-19)
(3.90171 7.63245 7.53474e-19)
(3.42263 6.75314 -1.99578e-18)
(3.03291 6.02974 -6.16924e-18)
(2.80431 5.70319 -4.34278e-18)
(2.56448 5.39956 7.69151e-18)
(2.37789 5.10193 -6.56091e-18)
(2.29134 4.87479 -2.52488e-19)
(1.95085 4.17291 1.17808e-17)
(1.01196 2.11585 -1.44131e-18)
(0.105751 0.260473 0)
(1.28786 2.97283 1.89489e-17)
(2.36734 5.45619 -3.83764e-18)
(2.63331 6.07866 -1.73265e-19)
(2.8768 6.64334 0)
(3.21713 7.20613 -6.24313e-18)
(3.49374 7.83627 3.25127e-19)
(3.83765 8.37191 0)
(3.96561 8.6509 1.23743e-18)
(3.99482 8.61587 -9.73078e-19)
(3.90615 8.36978 0)
(3.65375 7.74763 0)
(3.22038 6.87886 4.27641e-18)
(2.8782 6.19081 5.96522e-18)
(2.67321 5.87326 -1.84703e-19)
(2.43622 5.54696 2.29898e-18)
(2.24815 5.23057 -3.0342e-18)
(2.17265 4.99126 0)
(1.87653 4.30863 6.80279e-18)
(1.04678 2.39566 1.09034e-17)
(0.165555 0.460064 -2.57287e-17)
(0.991885 2.7576 1.47054e-17)
(2.14251 5.48661 -3.35412e-18)
(2.39456 6.17137 4.96391e-18)
(2.61185 6.71148 -1.24361e-17)
(2.93173 7.25037 0)
(3.19363 7.88559 0)
(3.51859 8.43651 0)
(3.65001 8.73249 1.15735e-18)
(3.68364 8.7101 -9.08804e-19)
(3.61203 8.47522 0)
(3.38561 7.86169 0)
(2.99712 7.00854 -5.98162e-18)
(2.69634 6.36066 2.69342e-18)
(2.5131 6.05004 -3.26383e-18)
(2.28668 5.70364 -6.73786e-18)
(2.10002 5.36853 0)
(2.02346 5.11306 1.75795e-18)
(1.77131 4.45053 2.11666e-18)
(1.05326 2.67134 -2.05872e-17)
(0.223923 0.662318 2.51526e-17)
(0.923452 2.803 -1.29453e-17)
(1.90159 5.39247 3.47982e-18)
(2.13215 6.06855 9.81531e-18)
(2.34123 6.66273 7.23688e-18)
(2.64821 7.25339 -5.73021e-18)
(2.8933 7.91499 -3.82083e-18)
(3.18837 8.48348 2.49858e-18)
(3.3161 8.79981 0)
(3.35259 8.79351 0)
(3.29559 8.5742 0)
(3.09155 7.97246 1.7801e-18)
(2.74941 7.14246 5.54365e-18)
(2.48922 6.53985 -2.52565e-18)
(2.32743 6.23739 1.49489e-18)
(2.10967 5.87209 1.46667e-20)
(1.91938 5.51602 0)
(1.83765 5.25044 -3.29416e-18)
(1.63103 4.62843 1.6243e-17)
(1.05371 3.03116 -3.75664e-17)
(0.298946 0.998054 2.1645e-17)
(0.682642 2.22946 1.34425e-17)
(1.66687 5.31534 -1.09841e-17)
(1.9005 6.1113 0)
(2.06976 6.67229 3.3754e-18)
(2.34816 7.24874 2.4253e-18)
(2.57407 7.92822 5.30953e-18)
(2.84082 8.51592 -2.33774e-18)
(2.96712 8.85473 0)
(3.00492 8.86604 0)
(2.96171 8.66633 4.37914e-19)
(2.77812 8.07944 5.62756e-19)
(2.48027 7.28135 -2.7795e-18)
(2.25267 6.72567 -2.07467e-18)
(2.10276 6.42707 -4.5853e-18)
(1.88505 6.04493 8.94857e-18)
(1.68998 5.66746 -1.12145e-17)
(1.60482 5.38886 8.33711e-18)
(1.44125 4.79301 0)
(0.985057 3.32752 5.64335e-19)
(0.330544 1.31975 -2.10019e-17)
(0.535536 2.23204 1.32971e-17)
(1.41348 5.04744 0)
(1.66773 5.93016 0)
(1.82087 6.59469 0)
(2.06857 7.21892 1.96465e-18)
(2.26667 7.9214 -5.02342e-18)
(2.49083 8.52715 -2.0977e-18)
(2.6035 8.88968 0)
(2.63905 8.92356 0)
(2.6068 8.74733 -4.00913e-19)
(2.44248 8.18112 -1.1057e-18)
(2.18589 7.42483 1.41743e-18)
(1.98082 6.91811 -1.44786e-19)
(1.83954 6.62557 -1.71215e-18)
(1.63125 6.2365 4.36513e-18)
(1.44835 5.84966 -4.64546e-18)
(1.37371 5.57354 4.79759e-18)
(1.24376 5.0287 0)
(0.905789 3.74774 -5.27617e-19)
(0.349081 1.76083 -9.9641e-18)
(0.32991 1.03863 -1.23911e-17)
(1.24743 4.89524 4.24782e-18)
(1.47086 5.90248 6.62692e-18)
(1.56765 6.5131 -2.54735e-19)
(1.77841 7.14844 -4.14069e-18)
(1.94955 7.88939 -2.68761e-18)
(2.13227 8.51859 5.81965e-18)
(2.23287 8.90763 -2.24299e-19)
(2.26314 8.96536 0)
(2.23992 8.81663 1.73802e-19)
(2.09357 8.27652 6.91114e-19)
(1.87264 7.5711 -9.24604e-19)
(1.68616 7.11796 0)
(1.55827 6.84342 1.26239e-18)
(1.36552 6.46181 0)
(1.19015 6.07619 1.03777e-18)
(1.11174 5.80105 5.998e-19)
(1.00133 5.28918 0)
(0.750317 4.13412 0)
(0.316015 2.15407 -8.64232e-18)
(0.0254524 0.126969 9.96878e-18)
(0.949177 3.96965 -3.71389e-18)
(1.30225 5.62572 2.94942e-18)
(1.37195 6.43938 -4.69619e-18)
(1.52573 7.09797 1.86068e-18)
(1.64705 7.84468 -6.55328e-19)
(1.7734 8.48797 3.47522e-19)
(1.8513 8.90204 -8.2655e-19)
(1.87434 8.98845 -4.2271e-19)
(1.85868 8.86988 7.26591e-20)
(1.73364 8.36907 1.12392e-19)
(1.55058 7.72812 0)
(1.38531 7.33215 3.43558e-19)
(1.273 7.08276 0)
(1.09574 6.71812 0)
(0.925094 6.33638 0)
(0.841526 6.071 4.08006e-18)
(0.736827 5.60865 -1.05342e-17)
(0.572692 4.5974 5.7432e-20)
(0.256161 2.63919 7.39948e-18)
(-0.0668485 -0.508961 1.77388e-18)
(0.635152 3.16173 1.64352e-18)
(1.13416 5.2743 -1.3452e-18)
(1.20791 6.22435 -1.04749e-18)
(1.28855 6.96355 8.48722e-19)
(1.34513 7.75873 6.13226e-19)
(1.41589 8.42732 4.17123e-19)
(1.47352 8.87143 0)
(1.48404 8.98975 -1.52313e-19)
(1.47694 8.90627 -6.35705e-20)
(1.37865 8.45551 -1.72931e-19)
(1.23173 7.88556 0)
(1.08337 7.54367 6.444e-21)
(0.987126 7.32854 -3.88379e-19)
(0.822055 6.99158 0)
(0.646841 6.62417 0)
(0.555967 6.37273 -2.39826e-19)
(0.447847 5.9529 0)
(0.325164 5.04081 -1.78954e-19)
(0.13299 3.05997 0)
(0.120878 -1.15666 0)
(0.227661 0.762591 0)
(1.0202 4.73832 0)
(1.0542 6.17306 0)
(1.03142 6.90544 -2.16845e-32)
(1.03259 7.67422 1.64674e-32)
(1.05917 8.34491 0)
(1.1071 8.81103 0)
(1.12231 8.96435 0)
(1.13448 8.91564 0)
(1.07564 8.52878 0)
(0.966154 8.01616 0)
(0.843585 7.71223 0)
(0.766171 7.5241 0)
(0.623404 7.21991 0)
(0.459199 6.87082 0)
(0.380609 6.64137 0)
(0.283551 6.27953 0)
(0.186934 5.49183 0)
(0.0485911 3.55119 0)
(0.285637 -1.86165 0)
(0.00926109 -0.812005 0)
(0.785635 3.48043 0)
(0.819134 5.92403 0)
(0.743112 6.87871 0)
(0.695573 7.62737 0)
(0.705697 8.28085 0)
(0.768478 8.75724 0)
(0.802694 8.93411 0)
(0.842108 8.91057 0)
(0.822189 8.57102 0)
(0.751039 8.11129 0)
(0.653851 7.84315 0)
(0.595154 7.6747 0)
(0.478315 7.39643 0)
(0.33429 7.06392 0)
(0.273265 6.8495 0)
(0.193143 6.51762 0)
(0.117896 5.78471 0)
(0.0209384 3.84399 0)
(0.209858 -2.68217 0)
(0.00323102 -1.11659 0)
(0.134842 3.26075 0)
(0.289642 5.86137 0)
(0.271836 6.88098 0)
(0.301415 7.61866 0)
(0.356786 8.24364 0)
(0.448412 8.70304 0)
(0.510502 8.89336 0)
(0.576942 8.89052 0)
(0.592899 8.58996 0)
(0.557345 8.19189 0)
(0.484381 7.96065 0)
(0.443143 7.81532 0)
(0.354536 7.56476 0)
(0.235596 7.25109 0)
(0.195283 7.04905 0)
(0.131921 6.74066 0)
(0.0803353 6.04811 0)
(0.00386397 4.06498 0)
(0.0588895 -2.8611 0)
(-0.251483 0.24113 0)
(-0.366693 3.86162 0)
(-0.35617 5.98717 0)
(-0.246812 6.92873 0)
(-0.106499 7.62441 0)
(0.0107329 8.20709 0)
(0.144349 8.64654 0)
(0.243326 8.84004 0)
(0.342464 8.85402 0)
(0.390688 8.58421 0)
(0.389933 8.24821 0)
(0.33858 8.05661 0)
(0.314252 7.93394 0)
(0.253594 7.70935 0)
(0.159486 7.41282 0)
(0.138064 7.22148 0)
(0.0881865 6.9253 0)
(0.0492828 6.24746 0)
(-0.00141525 4.21577 0)
(-0.161316 -1.98556 0)
(-0.349127 0.90883 0)
(-0.512163 4.13682 0)
(-0.563616 5.9103 0)
(-0.494495 6.83101 0)
(-0.395109 7.53185 0)
(-0.27211 8.11724 0)
(-0.120152 8.55365 0)
(0.00923256 8.76398 0)
(0.136783 8.79652 0)
(0.217655 8.55652 0)
(0.249182 8.28531 0)
(0.21625 8.12769 0)
(0.209769 8.02817 0)
(0.174487 7.82702 0)
(0.100781 7.54431 0)
(0.0926124 7.35777 0)
(0.0522745 7.0722 0)
(0.0266472 6.40572 0)
(-0.016771 4.26893 0)
(-0.0931285 -1.43845 0)
(-0.360904 1.52905 0)
(-0.501403 4.28814 0)
(-0.588568 5.78962 0)
(-0.550886 6.65994 0)
(-0.515086 7.35519 0)
(-0.430571 7.9597 0)
(-0.303293 8.41028 0)
(-0.171098 8.65014 0)
(-0.0318567 8.71484 0)
(0.0798579 8.51288 0)
(0.135008 8.29965 0)
(0.118932 8.17698 0)
(0.125673 8.09695 0)
(0.110421 7.91223 0)
(0.0518488 7.63976 0)
(0.0532124 7.45673 0)
(0.018644 7.17242 0)
(0.00487217 6.4969 0)
(-0.0225511 4.24941 0)
(-0.0906481 -0.515727 0)
(-0.321124 2.07951 0)
(-0.439142 4.46422 0)
(-0.530734 5.76503 0)
(-0.525708 6.54594 0)
(-0.541776 7.20315 0)
(-0.493314 7.79519 0)
(-0.401132 8.2474 0)
(-0.286032 8.5141 0)
(-0.150903 8.61121 0)
(-0.0220179 8.45654 0)
(0.0450192 8.29368 0)
(0.0426213 8.19995 0)
(0.0587304 8.1367 0)
(0.0561708 7.96483 0)
(0.00922386 7.70012 0)
(0.0175507 7.51944 0)
(-0.0103836 7.23806 0)
(-0.018957 6.54667 0)
(-0.0280438 4.19003 0)
(-0.0545398 0.0197825 0)
(-0.270022 2.56767 0)
(-0.369605 4.67962 0)
(-0.469265 5.81219 0)
(-0.461278 6.51154 0)
(-0.515799 7.105 0)
(-0.495199 7.66376 0)
(-0.438254 8.10191 0)
(-0.344621 8.38112 0)
(-0.220979 8.49719 0)
(-0.0909602 8.38478 0)
(-0.0231928 8.26668 0)
(-0.0129806 8.196 0)
(0.00358215 8.14689 0)
(0.0109261 7.98502 0)
(-0.0219613 7.73116 0)
(-0.0119985 7.55086 0)
(-0.0374704 7.26857 0)
(-0.0337258 6.54076 0)
(-0.0361092 4.06715 0)
(-0.0440176 0.617636 0)
(-0.237571 3.06249 0)
(-0.323823 4.94445 0)
(-0.417137 5.94039 0)
(-0.41131 6.55164 0)
(-0.469786 7.07586 0)
(-0.463875 7.57642 0)
(-0.431384 7.98726 0)
(-0.36103 8.26116 0)
(-0.254023 8.38077 0)
(-0.13387 8.30374 0)
(-0.0717743 8.22364 0)
(-0.0541959 8.17248 0)
(-0.0372634 8.13296 0)
(-0.0222251 7.98534 0)
(-0.049345 7.73698 0)
(-0.0337378 7.55903 0)
(-0.0549846 7.27417 0)
(-0.0444082 6.5154 0)
(-0.0387945 3.91105 0)
(-0.019665 1.05958 0)
(-0.188847 3.49887 0)
(-0.273557 5.22344 0)
(-0.366205 6.11546 0)
(-0.36468 6.65376 0)
(-0.432696 7.10207 0)
(-0.425979 7.54081 0)
(-0.406014 7.90901 0)
(-0.349635 8.15776 0)
(-0.259648 8.26819 0)
(-0.156696 8.2205 0)
(-0.102133 8.17052 0)
(-0.0820694 8.13662 0)
(-0.064148 8.10623 0)
(-0.0443818 7.97055 0)
(-0.0670058 7.73026 0)
(-0.0474698 7.55432 0)
(-0.0648546 7.26488 0)
(-0.0500417 6.46526 0)
(-0.0366715 3.74429 0)
(-0.0038341 1.40032 0)
(-0.142308 3.85074 0)
(-0.219928 5.48071 0)
(-0.311622 6.30251 0)
(-0.321117 6.78654 0)
(-0.395495 7.17185 0)
(-0.391759 7.55016 0)
(-0.37753 7.87005 0)
(-0.326881 8.08098 0)
(-0.24914 8.17232 0)
(-0.16389 8.14503 0)
(-0.117116 8.11739 0)
(-0.0962323 8.09728 0)
(-0.0808862 8.07587 0)
(-0.0568681 7.94855 0)
(-0.0769858 7.71654 0)
(-0.0540125 7.54228 0)
(-0.0680858 7.24744 0)
(-0.050657 6.40698 0)
(-0.0328699 3.57676 0)
(0.00432416 1.65074 0)
(-0.103265 4.14851 0)
(-0.169263 5.72031 0)
(-0.257201 6.48587 0)
(-0.277391 6.92393 0)
(-0.357685 7.25632 0)
(-0.358059 7.58253 0)
(-0.350093 7.85765 0)
(-0.302452 8.02955 0)
(-0.234265 8.09894 0)
(-0.162777 8.08353 0)
(-0.121015 8.07007 0)
(-0.100701 8.05825 0)
(-0.0881369 8.04323 0)
(-0.0622386 7.92398 0)
(-0.0796677 7.69917 0)
(-0.0531753 7.52747 0)
(-0.0655121 7.22589 0)
(-0.0469837 6.34247 0)
(-0.0290558 3.41895 0)
(0.00809771 1.82088 0)
(-0.0743628 4.36995 0)
(-0.128684 5.91668 0)
(-0.209588 6.649 0)
(-0.235849 7.05345 0)
(-0.317148 7.3436 0)
(-0.323081 7.62262 0)
(-0.320165 7.85648 0)
(-0.277325 7.99524 0)
(-0.218293 8.04776 0)
(-0.156834 8.03951 0)
(-0.119718 8.03255 0)
(-0.0989078 8.0253 0)
(-0.0892004 8.01514 0)
(-0.0605728 7.90323 0)
(-0.0767148 7.68434 0)
(-0.0487569 7.51158 0)
(-0.0605461 7.20392 0)
(-0.0424618 6.28371 0)
(-0.0256458 3.27707 0)
(0.00940761 1.93346 0)
(-0.0518772 4.55601 0)
(-0.0944931 6.09078 0)
(-0.165884 6.79389 0)
(-0.194693 7.16756 0)
(-0.276717 7.42314 0)
(-0.286015 7.66084 0)
(-0.289384 7.8566 0)
(-0.252294 7.96835 0)
(-0.202351 8.00882 0)
(-0.149972 8.00597 0)
(-0.115738 8.00278 0)
(-0.0947831 7.99867 0)
(-0.0851984 7.99158 0)
(-0.0557504 7.88663 0)
(-0.0714994 7.67417 0)
(-0.0453583 7.49827 0)
(-0.0558868 7.18288 0)
(-0.0379148 6.22693 0)
(-0.0226393 3.15356 0)
(0.00957155 1.99863 0)
(-0.03578 4.67729 0)
(-0.0696013 6.22077 0)
(-0.129463 6.91372 0)
(-0.156304 7.26529 0)
(-0.234124 7.49163 0)
(-0.246923 7.69235 0)
(-0.256045 7.85582 0)
(-0.226634 7.94861 0)
(-0.185837 7.98169 0)
(-0.140683 7.9818 0)
(-0.109633 7.98044 0)
(-0.0862107 7.97852 0)
(-0.0786771 7.97476 0)
(-0.0475968 7.87409 0)
(-0.0652766 7.66664 0)
(-0.0398647 7.48639 0)
(-0.0508615 7.16512 0)
(-0.0340407 6.17817 0)
(-0.0196678 3.04483 0)
(0.00813346 2.03867 0)
(-0.0241632 4.79052 0)
(-0.0516941 6.34248 0)
(-0.102281 7.02271 0)
(-0.124032 7.34897 0)
(-0.19462 7.5468 0)
(-0.205506 7.71273 0)
(-0.220784 7.84764 0)
(-0.200273 7.92557 0)
(-0.168802 7.95715 0)
(-0.131682 7.96141 0)
(-0.102766 7.9626 0)
(-0.0780137 7.96194 0)
(-0.0715456 7.95989 0)
(-0.0415576 7.86475 0)
(-0.0595427 7.66335 0)
(-0.0362293 7.47985 0)
(-0.0464882 7.15176 0)
(-0.0311794 6.13368 0)
(-0.0185052 2.94699 0)
(0.00488475 2.06332 0)
(-0.0185315 4.86014 0)
(-0.0428598 6.42875 0)
(-0.0857303 7.11192 0)
(-0.103944 7.42205 0)
(-0.16358 7.595 0)
(-0.168635 7.72752 0)
(-0.185636 7.83634 0)
(-0.171869 7.90425 0)
(-0.148089 7.93564 0)
(-0.118581 7.94433 0)
(-0.0935078 7.94865 0)
(-0.0670843 7.9489 0)
(-0.0639815 7.94817 0)
(-0.0341708 7.85785 0)
(-0.054312 7.66173 0)
(-0.0323314 7.47218 0)
(-0.0434429 7.14009 0)
(-0.0307829 6.09425 0)
(-0.0181343 2.85279 0)
(0.00121928 2.09072 0)
(-0.0165639 4.94484 0)
(-0.0380793 6.51672 0)
(-0.0748105 7.19355 0)
(-0.0895258 7.48606 0)
(-0.141829 7.63685 0)
(-0.139217 7.74086 0)
(-0.154259 7.8245 0)
(-0.142872 7.88055 0)
(-0.125706 7.91187 0)
(-0.10399 7.92456 0)
(-0.0834935 7.93197 0)
(-0.0584758 7.93249 0)
(-0.0570567 7.93198 0)
(-0.0285272 7.84926 0)
(-0.0486239 7.66189 0)
(-0.0298488 7.46835 0)
(-0.0420703 7.13169 0)
(-0.0304947 6.05636 0)
(-0.0168781 2.7571 0)
(-0.00168745 2.11606 0)
(-0.0171572 4.9952 0)
(-0.0379636 6.57318 0)
(-0.0677292 7.25433 0)
(-0.0809107 7.53949 0)
(-0.124846 7.67419 0)
(-0.117406 7.75664 0)
(-0.130593 7.82139 0)
(-0.118454 7.86695 0)
(-0.102263 7.89298 0)
(-0.0860711 7.90574 0)
(-0.0713487 7.91458 0)
(-0.0475613 7.91546 0)
(-0.0497635 7.91665 0)
(-0.0199389 7.8404 0)
(-0.0408184 7.66046 0)
(-0.023546 7.46249 0)
(-0.0364698 7.12439 0)
(-0.0287335 6.0224 0)
(-0.0141843 2.66556 0)
(-0.00218221 2.15443 0)
(-0.018085 5.07265 0)
(-0.0371719 6.63942 0)
(-0.0614098 7.31174 0)
(-0.0711275 7.58474 0)
(-0.110019 7.70435 0)
(-0.0992762 7.76961 0)
(-0.111552 7.81889 0)
(-0.0986396 7.85537 0)
(-0.0842173 7.87662 0)
(-0.070468 7.88573 0)
(-0.0601041 7.89306 0)
(-0.0377558 7.894 0)
(-0.0412022 7.89675 0)
(-0.0129988 7.82927 0)
(-0.0315347 7.66195 0)
(-0.0182124 7.46409 0)
(-0.0311389 7.12458 0)
(-0.0247839 5.99461 0)
(-0.0105294 2.58286 0)
(-0.00170372 2.18505 0)
(-0.0180899 5.11531 0)
(-0.0375172 6.67727 0)
(-0.0553566 7.34987 0)
(-0.0638546 7.61916 0)
(-0.0962969 7.73008 0)
(-0.0844341 7.78158 0)
(-0.0975468 7.82234 0)
(-0.0841393 7.85354 0)
(-0.0692864 7.86919 0)
(-0.0575331 7.87356 0)
(-0.0491669 7.8788 0)
(-0.0260595 7.8792 0)
(-0.0315607 7.88269 0)
(-0.00273076 7.82147 0)
(-0.0211566 7.66415 0)
(-0.00749171 7.4636 0)
(-0.0219028 7.12587 0)
(-0.0201213 5.97566 0)
(-0.00676684 2.52028 0)
(-0.000242435 2.22761 0)
(-0.0170948 5.18911 0)
(-0.034907 6.73094 0)
(-0.0482248 7.3902 0)
(-0.0543035 7.64888 0)
(-0.0820272 7.74805 0)
(-0.07048 7.78729 0)
(-0.0839341 7.81985 0)
(-0.0718603 7.84645 0)
(-0.0603251 7.85907 0)
(-0.0474209 7.86021 0)
(-0.0403362 7.86319 0)
(-0.0164976 7.86214 0)
(-0.0225718 7.86528 0)
(0.00511434 7.81057 0)
(-0.0116508 7.66848 0)
(-0.000714911 7.47356 0)
(-0.0148968 7.13814 0)
(-0.0154745 5.96423 0)
(-0.00338907 2.46824 0)
(0.00127233 2.24897 0)
(-0.0147208 5.2244 0)
(-0.0332282 6.7582 0)
(-0.0425039 7.41281 0)
(-0.0487461 7.66737 0)
(-0.071981 7.76166 0)
(-0.0599041 7.79139 0)
(-0.0742814 7.81909 0)
(-0.0633467 7.84398 0)
(-0.0526197 7.85556 0)
(-0.0400644 7.85536 0)
(-0.0333758 7.85545 0)
(-0.00786257 7.8523 0)
(-0.0142441 7.85469 0)
(0.0139363 7.80477 0)
(-0.00173437 7.67232 0)
(0.00755274 7.47982 0)
(-0.00740091 7.14771 0)
(-0.0106038 5.96047 0)
(-0.00144802 2.43926 0)
(0.00160418 2.28026 0)
(-0.0133942 5.29141 0)
(-0.0303918 6.80511 0)
(-0.0377656 7.44318 0)
(-0.0434668 7.68667 0)
(-0.0608171 7.77013 0)
(-0.0501069 7.78892 0)
(-0.0631456 7.81173 0)
(-0.0525912 7.83328 0)
(-0.0457872 7.84545 0)
(-0.0330492 7.84611 0)
(-0.0289402 7.84568 0)
(-0.0023455 7.84068 0)
(-0.00825078 7.84078 0)
(0.0177808 7.79511 0)
(0.00360313 7.67805 0)
(0.0111365 7.49634 0)
(-0.00236113 7.17152 0)
(-0.00757973 5.9616 0)
(-0.000679674 2.41042 0)
(0.00269119 2.29191 0)
(-0.0124813 5.32315 0)
(-0.0308285 6.82786 0)
(-0.0371118 7.45721 0)
(-0.0437397 7.69557 0)
(-0.0578642 7.77628 0)
(-0.0448978 7.79064 0)
(-0.0568741 7.8095 0)
(-0.0458849 7.83026 0)
(-0.0394179 7.84118 0)
(-0.0269012 7.84135 0)
(-0.0248838 7.83944 0)
(0.00166012 7.83388 0)
(-0.0046325 7.83322 0)
(0.0207026 7.78904 0)
(0.00833326 7.68074 0)
(0.0140616 7.50585 0)
(-0.00031433 7.18494 0)
(-0.00702789 5.96403 0)
(-0.000230676 2.39945 0)
(0.00124785 2.32408 0)
(-0.0127537 5.4036 0)
(-0.0288968 6.88363 0)
(-0.0346693 7.48912 0)
(-0.0410738 7.71421 0)
(-0.0500518 7.78589 0)
(-0.0391008 7.79092 0)
(-0.0484793 7.80511 0)
(-0.0363182 7.8197 0)
(-0.0331367 7.82769 0)
(-0.0195327 7.82655 0)
(-0.0208746 7.82095 0)
(0.00390386 7.81535 0)
(-0.00333415 7.81353 0)
(0.0191381 7.7741 0)
(0.00854905 7.68566 0)
(0.012718 7.53102 0)
(0.00029346 7.22037 0)
(-0.00562409 5.96848 0)
(0.000398438 2.37785 0)
(-1.07335 3.28176 -1.43593e-21)
(1.07521 4.23162 8.23229e-18)
(0.377834 4.14202 -7.56384e-18)
(0.68021 3.84129 0)
(0.632846 3.64298 0)
(0.567269 3.44733 -1.00075e-17)
(0.526077 3.34661 9.96648e-18)
(0.411482 3.17979 -1.0054e-17)
(0.249254 2.93732 1.55156e-19)
(0.282963 2.41512 1.03837e-17)
(-0.0925962 3.73695 -1.66085e-21)
(0.468871 3.87328 5.22047e-19)
(0.21615 3.75761 0)
(0.34563 3.61874 0)
(0.321282 3.46936 3.00348e-19)
(0.295739 3.34547 1.96423e-17)
(0.251283 3.22832 -1.00985e-17)
(0.170273 3.14089 -1.52103e-19)
(0.0996535 2.92797 1.4909e-19)
(-0.000242141 1.95577 0)
(-0.0447547 2.79568 8.26437e-18)
(0.348224 3.48901 -8.32126e-18)
(0.209723 3.55569 0)
(0.24859 3.4406 9.24476e-18)
(0.222546 3.35454 -3.95908e-21)
(0.19059 3.28894 -9.63955e-18)
(0.145077 3.25307 -1.01898e-17)
(0.106545 3.20294 -4.05534e-22)
(0.0799066 3.0524 1.58249e-19)
(0.000976401 2.14114 0)
(-0.0796712 2.48128 -4.09677e-18)
(0.141411 3.37378 0)
(0.0774146 3.42929 -4.60446e-18)
(0.119135 3.38373 -4.63689e-18)
(0.107975 3.31519 3.05965e-19)
(0.0997049 3.26478 -5.34651e-18)
(0.0880588 3.22103 4.94796e-18)
(0.0643058 3.20099 -1.54688e-19)
(0.0618744 3.08165 2.41927e-19)
(0.0206101 2.19887 5.34428e-18)
(-0.0216441 2.31653 -4.21369e-18)
(0.106132 3.22014 0)
(0.0703587 3.32702 9.20009e-18)
(0.0909031 3.29273 -5.03383e-18)
(0.0725973 3.25573 -1.4132e-21)
(0.0650433 3.23179 2.97466e-19)
(0.0554579 3.2269 -1.12468e-20)
(0.0493521 3.2088 -5.22219e-18)
(0.0603222 3.10079 1.56657e-19)
(0.00483489 2.28398 -1.09188e-17)
(-0.0282116 2.23116 0)
(0.0291844 3.16981 -4.43327e-18)
(0.00404638 3.28853 -1.09864e-19)
(0.0294778 3.26973 -2.98935e-19)
(0.0279223 3.24499 3.0263e-19)
(0.0329894 3.22362 5.03312e-18)
(0.0385466 3.20177 5.14021e-18)
(0.0354148 3.19378 1.03546e-17)
(0.0510293 3.10772 5.01008e-18)
(0.0147527 2.33687 -1.31471e-20)
(-0.0349952 2.21613 0)
(0.016091 3.11977 4.52828e-18)
(0.00151806 3.23337 -4.73702e-18)
(0.0181209 3.22026 -2.99888e-19)
(0.0191759 3.2042 6.19351e-19)
(0.024908 3.19198 5.34716e-22)
(0.0295105 3.19205 -3.26843e-19)
(0.031114 3.18526 -5.33334e-18)
(0.0487783 3.11115 -5.0443e-18)
(0.00608947 2.4102 -1.50194e-20)
(-0.0492017 2.25377 4.71484e-18)
(-0.0150338 3.10591 -2.17572e-19)
(-0.0231373 3.21015 1.49223e-19)
(-0.0110618 3.20543 0)
(-0.000379258 3.19047 0)
(0.00875198 3.18056 0)
(0.0201639 3.17 0)
(0.0267972 3.16415 5.37846e-18)
(0.04276 3.10881 -5.46694e-18)
(0.0158765 2.45778 5.58136e-18)
(-0.0420078 2.33825 9.94147e-20)
(-0.0248264 3.09584 4.64452e-18)
(-0.0134404 3.17606 0)
(-0.00821996 3.16866 -3.07152e-19)
(0.00252069 3.15805 3.14825e-19)
(0.0110343 3.15072 0)
(0.0198144 3.15051 -1.65172e-19)
(0.0227816 3.15021 -5.22316e-18)
(0.0422759 3.10276 5.51271e-18)
(0.0113818 2.52844 0)
(-0.0452909 2.39932 -5.07454e-20)
(-0.0342276 3.09226 -6.98553e-18)
(-0.0284728 3.15461 0)
(-0.0199972 3.15061 0)
(-0.0111338 3.14115 3.16584e-19)
(-0.000393781 3.13536 -2.59791e-18)
(0.0117978 3.13047 -3.31643e-19)
(0.0208589 3.12676 2.72043e-18)
(0.0390438 3.09619 0)
(0.0193601 2.57993 0)
(-0.0403367 2.50627 -6.94524e-18)
(-0.0366522 3.08472 2.37153e-18)
(-0.0183107 3.12535 0)
(-0.0115399 3.11652 0)
(-0.00196354 3.10925 0)
(0.00736341 3.10463 5.20804e-18)
(0.0164769 3.10591 0)
(0.0204344 3.11106 -2.89768e-18)
(0.0387541 3.08787 1.74833e-19)
(0.0153191 2.6526 2.86404e-18)
(-0.0374709 2.58153 2.37988e-18)
(-0.0404846 3.07713 -2.22927e-19)
(-0.0301326 3.10358 2.58527e-18)
(-0.021163 3.09639 2.49095e-18)
(-0.0119553 3.08953 0)
(-0.000661092 3.08636 -2.6086e-18)
(0.0119769 3.08415 0)
(0.0211941 3.08293 0)
(0.038188 3.0726 0)
(0.0223526 2.70577 -2.87734e-18)
(-0.0354775 2.68969 -2.24765e-18)
(-0.0421407 3.06397 2.3101e-18)
(-0.0219721 3.07171 -2.43265e-18)
(-0.0122275 3.06133 -3.7447e-18)
(-0.00290487 3.05635 0)
(0.00676598 3.05373 3.28211e-19)
(0.0167567 3.05641 -1.68404e-19)
(0.0236378 3.06365 1.21284e-18)
(0.0415045 3.05999 1.51062e-18)
(0.0205971 2.77982 -1.54642e-18)
(-0.0344626 2.76437 2.30814e-18)
(-0.0476934 3.04351 -2.22589e-18)
(-0.0346021 3.0464 1.52663e-19)
(-0.0222754 3.04019 9.2654e-19)
(-0.0115794 3.03638 -1.26676e-18)
(0.000179107 3.03529 0)
(0.0136462 3.03426 1.35689e-18)
(0.0263249 3.03452 4.91044e-21)
(0.0447732 3.03724 -2.85597e-18)
(0.0289525 2.83275 -6.52661e-21)
(-0.0295246 2.86401 -5.82913e-19)
(-0.0430266 3.02265 1.48481e-19)
(-0.0212537 3.01709 -7.62636e-19)
(-0.0104641 3.01497 3.06302e-19)
(-0.00191551 3.01443 1.53551e-18)
(0.00620375 3.01336 -6.37314e-19)
(0.0148814 3.01315 -6.74199e-19)
(0.0224056 3.01809 -6.90486e-19)
(0.0416499 3.02136 1.43619e-18)
(0.0245441 2.90038 7.342e-19)
(-0.0171723 2.93361 4.69671e-19)
(-0.0263895 2.99975 2.06894e-19)
(-0.0166909 3.00148 4.22813e-19)
(-0.00962402 3.00203 -8.56518e-19)
(-0.00425744 3.00278 2.88912e-19)
(0.000755978 3.00215 5.96185e-19)
(0.0050175 3.00079 -6.22758e-19)
(0.0113096 2.99917 -6.38114e-19)
(0.0214656 2.99757 8.28857e-20)
(0.0168204 2.94914 5.93732e-19)
)
;

boundaryField
{
    wall-4
    {
        type            noSlip;
    }
    pressure-outlet-7
    {
        type            zeroGradient;
    }
    velocity-inlet-6
    {
        type            fixedValue;
        value           uniform (0 3 0);
    }
    velocity-inlet-5
    {
        type            parabolicVelocity;
        maxValue        10;
        n               (1 0 0);
        y               (0 1 0);
        value           nonuniform List<vector> 
20
(
(0.381518 0 0)
(1.19474 0 0)
(2.1232 0 0)
(3.16908 0 0)
(4.32585 0 0)
(5.57242 0 0)
(6.86447 0 0)
(8.12141 0 0)
(9.20707 0 0)
(9.90123 0 0)
(9.90123 0 0)
(9.20707 0 0)
(8.12141 0 0)
(6.86447 0 0)
(5.57242 0 0)
(4.32585 0 0)
(3.16908 0 0)
(2.1232 0 0)
(1.19474 0 0)
(0.381518 0 0)
)
;
    }
    frontAndBackPlanes
    {
        type            empty;
    }
}


// ************************************************************************* //
