/*--------------------------------*- C++ -*----------------------------------*\
| =========                 |                                                 |
| \\      /  F ield         | OpenFOAM: The Open Source CFD Toolbox           |
|  \\    /   O peration     | Version:  2412                                  |
|   \\  /    A nd           | Website:  www.openfoam.com                      |
|    \\/     M anipulation  |                                                 |
\*---------------------------------------------------------------------------*/
FoamFile
{
    version     2.0;
    format      ascii;
    arch        "LSB;label=32;scalar=64";
    class       volVectorField;
    location    "8";
    object      U;
}
// * * * * * * * * * * * * * * * * * * * * * * * * * * * * * * * * * * * * * //

dimensions      [0 1 -1 0 0 0 0];

internalField   nonuniform List<vector> 
2200
(
(0.380344 0.0001935 0)
(1.19476 0.0011823 0)
(2.12304 0.00198272 0)
(3.16878 0.00305754 0)
(4.32472 0.00380443 0)
(5.57089 0.00520293 0)
(6.86359 0.0063164 0)
(8.12021 0.00716893 0)
(9.20581 0.00776949 0)
(9.90034 0.00808679 0)
(9.90046 0.00834379 0)
(9.20675 0.00818131 0)
(8.12193 0.007292 0)
(6.86506 0.00589924 0)
(5.57247 0.00533584 0)
(4.32499 0.00388874 0)
(3.16806 0.00320813 0)
(2.12217 0.00252706 0)
(1.19269 0.00168948 0)
(0.377004 0.00116756 0)
(0.384343 0.000799549 0)
(1.19834 0.00244308 0)
(2.12691 0.0050617 0)
(3.17242 0.00787176 0)
(4.33048 0.0116422 0)
(5.57706 0.0145216 0)
(6.86823 0.0171097 0)
(8.12459 0.0202945 0)
(9.20998 0.0235201 0)
(9.90141 0.024807 0)
(9.90098 0.0233429 0)
(9.20535 0.0214494 0)
(8.11729 0.0194861 0)
(6.85939 0.0174041 0)
(5.5669 0.0139689 0)
(4.32084 0.0119983 0)
(3.16372 0.00881663 0)
(2.11583 0.00629942 0)
(1.18398 0.00397892 0)
(0.370657 0.000953198 0)
(0.392735 0.00181159 0)
(1.2074 0.00418809 0)
(2.13602 0.00859688 0)
(3.18173 0.013246 0)
(4.33589 0.0185179 0)
(5.58084 0.0240966 0)
(6.87075 0.0297104 0)
(8.12558 0.0338434 0)
(9.21147 0.0377193 0)
(9.89992 0.0396042 0)
(9.89793 0.0394954 0)
(9.20081 0.0372562 0)
(8.11372 0.0332841 0)
(6.85517 0.0282917 0)
(5.56131 0.023784 0)
(4.31192 0.0178857 0)
(3.15216 0.0133758 0)
(2.10438 0.00842478 0)
(1.1731 0.00434944 0)
(0.363302 0.000157218 0)
(0.404579 0.00279904 0)
(1.21963 0.00637072 0)
(2.14883 0.0129392 0)
(3.19284 0.0193893 0)
(4.35096 0.0269975 0)
(5.5949 0.033333 0)
(6.88342 0.0400925 0)
(8.13637 0.0470682 0)
(9.21981 0.0536982 0)
(9.9001 0.0563523 0)
(9.8968 0.0540957 0)
(9.19674 0.0499543 0)
(8.10454 0.0441116 0)
(6.8426 0.037943 0)
(5.54726 0.0306487 0)
(4.29888 0.0236035 0)
(3.1417 0.0161791 0)
(2.09263 0.0100164 0)
(1.16032 0.00463681 0)
(0.355702 -0.000227937 0)
(0.426024 0.00401776 0)
(1.24325 0.00907882 0)
(2.17095 0.0177569 0)
(3.21465 0.0263731 0)
(4.36364 0.0343121 0)
(5.60454 0.0434693 0)
(6.88994 0.0519442 0)
(8.13949 0.059983 0)
(9.22453 0.0673349 0)
(9.89896 0.0709966 0)
(9.89309 0.0694336 0)
(9.18879 0.0650345 0)
(8.09608 0.0578142 0)
(6.83447 0.0483816 0)
(5.5378 0.0374851 0)
(4.28692 0.0284402 0)
(3.12331 0.0199572 0)
(2.07312 0.0114917 0)
(1.14245 0.00545871 0)
(0.347748 -0.000354753 0)
(0.451988 0.00437092 0)
(1.26901 0.0109766 0)
(2.19689 0.0227607 0)
(3.23852 0.0320137 0)
(4.39215 0.0432678 0)
(5.62944 0.0539202 0)
(6.91087 0.0639421 0)
(8.15649 0.073402 0)
(9.23636 0.0839139 0)
(9.89907 0.0875797 0)
(9.8901 0.0847223 0)
(9.1819 0.0776405 0)
(8.08384 0.0672794 0)
(6.81597 0.0559459 0)
(5.51674 0.0454563 0)
(4.265 0.0330307 0)
(3.10548 0.022464 0)
(2.05332 0.0135296 0)
(1.12292 0.00635202 0)
(0.339073 0.000669665 0)
(0.479096 0.00269412 0)
(1.29741 0.0113056 0)
(2.22274 0.0212765 0)
(3.26399 0.0351996 0)
(4.41055 0.0493221 0)
(5.64565 0.0628738 0)
(6.92352 0.0756473 0)
(8.1643 0.0879704 0)
(9.24563 0.0978523 0)
(9.898 0.102894 0)
(9.88631 0.0992107 0)
(9.17187 0.0923656 0)
(8.07097 0.0808334 0)
(6.80437 0.0668959 0)
(5.50341 0.0498956 0)
(4.24863 0.0365946 0)
(3.08341 0.0263946 0)
(2.03222 0.016752 0)
(1.09812 0.0073092 0)
(0.324494 0.00260163 0)
(0.502023 0.00114927 0)
(1.32629 0.0126965 0)
(2.25913 0.0235912 0)
(3.30001 0.039648 0)
(4.44983 0.0586563 0)
(5.68125 0.0751129 0)
(6.95405 0.0895885 0)
(8.18893 0.102396 0)
(9.26303 0.116696 0)
(9.89965 0.120636 0)
(9.88136 0.116198 0)
(9.16152 0.104892 0)
(8.05538 0.0904078 0)
(6.78004 0.0732299 0)
(5.47648 0.0580881 0)
(4.22182 0.0428185 0)
(3.05784 0.0302462 0)
(2.00307 0.020612 0)
(1.06966 0.00761919 0)
(0.303078 0.00444348 0)
(0.532434 0.00159613 0)
(1.38036 0.017183 0)
(2.30847 0.0275122 0)
(3.34215 0.046935 0)
(4.47699 0.0653791 0)
(5.70451 0.0843605 0)
(6.97254 0.101431 0)
(8.20151 0.117738 0)
(9.27575 0.132007 0)
(9.89843 0.138007 0)
(9.87801 0.130946 0)
(9.14989 0.120582 0)
(8.03739 0.104118 0)
(6.76384 0.0863014 0)
(5.45618 0.0644733 0)
(4.19495 0.0469515 0)
(3.02641 0.0326623 0)
(1.97469 0.0202725 0)
(1.04486 0.00635505 0)
(0.280147 0.0050874 0)
(0.564198 0.00351755 0)
(1.42011 0.0229732 0)
(2.34638 0.0365301 0)
(3.37709 0.0547489 0)
(4.52162 0.0747634 0)
(5.74584 0.0959179 0)
(7.00891 0.116806 0)
(8.23178 0.135686 0)
(9.29739 0.153648 0)
(9.90134 0.158065 0)
(9.87108 0.150854 0)
(9.13432 0.135115 0)
(8.01517 0.115545 0)
(6.72744 0.0922071 0)
(5.41697 0.0734548 0)
(4.15837 0.0528846 0)
(2.99492 0.032377 0)
(1.94566 0.0161032 0)
(1.02888 0.00288124 0)
(0.261243 0.00473953 0)
(0.625416 0.00487893 0)
(1.50809 0.0289486 0)
(2.40537 0.0472457 0)
(3.4242 0.0647526 0)
(4.54825 0.082798 0)
(5.76817 0.104752 0)
(7.02692 0.128952 0)
(8.24612 0.151472 0)
(9.31147 0.171436 0)
(9.89899 0.177611 0)
(9.86521 0.168061 0)
(9.11734 0.15392 0)
(7.98727 0.132825 0)
(6.70199 0.109943 0)
(5.38353 0.0811116 0)
(4.11515 0.0585649 0)
(2.943 0.0346116 0)
(1.89694 0.0126569 0)
(1.01496 -0.000137715 0)
(0.247713 0.0042773 0)
(0.672486 0.00684228 0)
(1.56341 0.0303278 0)
(2.44095 0.0530384 0)
(3.46246 0.0722735 0)
(4.60031 0.0902544 0)
(5.81428 0.117828 0)
(7.065 0.145537 0)
(8.27638 0.170657 0)
(9.33283 0.193161 0)
(9.89898 0.201651 0)
(9.85307 0.192952 0)
(9.09145 0.175083 0)
(7.95207 0.149683 0)
(6.64739 0.118959 0)
(5.32459 0.0953628 0)
(4.05936 0.0668626 0)
(2.89308 0.0375317 0)
(1.84573 0.012187 0)
(1.007 0.000554253 0)
(0.23888 0.003869 0)
(0.759308 0.00732492 0)
(1.67821 0.0341408 0)
(2.51255 0.0624537 0)
(3.52067 0.0803963 0)
(4.63627 0.104717 0)
(5.84475 0.131212 0)
(7.08931 0.160294 0)
(8.297 0.187548 0)
(9.34667 0.214755 0)
(9.89178 0.223992 0)
(9.83875 0.215809 0)
(9.06538 0.19776 0)
(7.9144 0.171729 0)
(6.61237 0.14201 0)
(5.28314 0.10326 0)
(4.00639 0.0736235 0)
(2.82905 0.0436851 0)
(1.7835 0.0168685 0)
(0.993946 0.00402244 0)
(0.224355 0.00397615 0)
(0.811214 0.00844541 0)
(1.74381 0.0317973 0)
(2.56242 0.0616328 0)
(3.58614 0.0890992 0)
(4.71409 0.118018 0)
(5.90808 0.153958 0)
(7.14141 0.183853 0)
(8.33454 0.213006 0)
(9.36812 0.24185 0)
(9.88654 0.255233 0)
(9.82017 0.245064 0)
(9.02887 0.225582 0)
(7.86677 0.192669 0)
(6.54687 0.151353 0)
(5.21471 0.114781 0)
(3.94721 0.0782219 0)
(2.77435 0.050693 0)
(1.72661 0.021305 0)
(0.975417 0.00947439 0)
(0.203994 0.00382957 0)
(0.909968 0.00968916 0)
(1.87462 0.0376064 0)
(2.64303 0.0733357 0)
(3.65486 0.0978113 0)
(4.76467 0.137791 0)
(5.95646 0.171879 0)
(7.18079 0.204944 0)
(8.36663 0.240095 0)
(9.38691 0.273899 0)
(9.87817 0.284635 0)
(9.7983 0.27571 0)
(8.99422 0.250187 0)
(7.82301 0.214629 0)
(6.50839 0.173184 0)
(5.17197 0.122136 0)
(3.89092 0.0833501 0)
(2.71226 0.0590276 0)
(1.65843 0.0244659 0)
(0.94466 0.0139665 0)
(0.171301 0.00383288 0)
(0.97178 0.00992192 0)
(1.95705 0.0366827 0)
(2.73199 0.0739417 0)
(3.76091 0.114055 0)
(4.86551 0.160876 0)
(6.03959 0.203002 0)
(7.24939 0.240566 0)
(8.42125 0.278662 0)
(9.4151 0.312792 0)
(9.87386 0.326446 0)
(9.77944 0.30993 0)
(8.95413 0.281935 0)
(7.76839 0.23677 0)
(6.43228 0.183437 0)
(5.08591 0.135736 0)
(3.80817 0.0894611 0)
(2.64669 0.0653858 0)
(1.59947 0.0227279 0)
(0.916021 0.0163399 0)
(0.140399 0.00392148 0)
(1.08175 0.0152307 0)
(2.09143 0.0458238 0)
(2.82654 0.0963066 0)
(3.84953 0.121522 0)
(4.93517 0.180597 0)
(6.11055 0.227475 0)
(7.31097 0.273349 0)
(8.46872 0.319633 0)
(9.44449 0.358564 0)
(9.87031 0.367523 0)
(9.75574 0.350466 0)
(8.91151 0.311857 0)
(7.71226 0.260514 0)
(6.37957 0.208456 0)
(5.03122 0.150691 0)
(3.74032 0.100633 0)
(2.57173 0.0704811 0)
(1.5366 0.0224364 0)
(0.876166 0.0190206 0)
(0.0973334 0.00432944 0)
(1.19013 0.0117478 0)
(2.22876 0.0494346 0)
(2.96461 0.102418 0)
(3.97878 0.147981 0)
(5.04678 0.205432 0)
(6.20258 0.25695 0)
(7.38743 0.311493 0)
(8.54089 0.368105 0)
(9.48127 0.410581 0)
(9.87047 0.422523 0)
(9.73764 0.395309 0)
(8.86625 0.351997 0)
(7.64731 0.290796 0)
(6.28681 0.224569 0)
(4.92016 0.170155 0)
(3.63399 0.114723 0)
(2.46742 0.0716456 0)
(1.47437 0.0235806 0)
(0.843291 0.0187446 0)
(0.0598058 0.00540382 0)
(1.30083 0.0215398 0)
(2.37915 0.0560438 0)
(3.08832 0.128147 0)
(4.09797 0.157795 0)
(5.15874 0.237066 0)
(6.30739 0.292677 0)
(7.47632 0.359504 0)
(8.60463 0.422171 0)
(9.51619 0.469612 0)
(9.86704 0.477973 0)
(9.70691 0.449629 0)
(8.80759 0.396072 0)
(7.56579 0.324785 0)
(6.20409 0.25716 0)
(4.84669 0.190726 0)
(3.55114 0.124357 0)
(2.36723 0.0711352 0)
(1.41565 0.0243315 0)
(0.803095 0.0214419 0)
(0.0118623 0.00610877 0)
(1.48358 0.0183154 0)
(2.56959 0.0699999 0)
(3.26109 0.136945 0)
(4.24833 0.195853 0)
(5.29646 0.265877 0)
(6.42455 0.334258 0)
(7.56857 0.408721 0)
(8.69325 0.484978 0)
(9.5542 0.537335 0)
(9.86199 0.550167 0)
(9.67526 0.511208 0)
(8.74289 0.450832 0)
(7.481 0.370297 0)
(6.08871 0.281942 0)
(4.7105 0.206247 0)
(3.42075 0.132749 0)
(2.23764 0.0739905 0)
(1.35793 0.0270973 0)
(0.768569 0.0209655 0)
(-0.0351443 0.00861739 0)
(1.61372 0.0278921 0)
(2.76021 0.072865 0)
(3.43566 0.165203 0)
(4.40025 0.219401 0)
(5.44703 0.311169 0)
(6.55686 0.385906 0)
(7.67813 0.47695 0)
(8.77569 0.558321 0)
(9.58274 0.617404 0)
(9.84458 0.62623 0)
(9.6223 0.583199 0)
(8.65096 0.510572 0)
(7.35865 0.417244 0)
(5.96909 0.32158 0)
(4.60265 0.22522 0)
(3.3208 0.137772 0)
(2.12083 0.0731033 0)
(1.29736 0.0307848 0)
(0.729376 0.0256738 0)
(-0.0918608 0.0103602 0)
(1.87719 0.027787 0)
(3.01195 0.0973626 0)
(3.66189 0.178609 0)
(4.61082 0.269479 0)
(5.63718 0.364486 0)
(6.71465 0.460994 0)
(7.80477 0.555152 0)
(8.8779 0.651427 0)
(9.61009 0.713278 0)
(9.82187 0.722389 0)
(9.56059 0.66524 0)
(8.55038 0.582196 0)
(7.24077 0.471222 0)
(5.81783 0.347816 0)
(4.42649 0.240772 0)
(3.15653 0.145503 0)
(1.9892 0.0778668 0)
(1.24506 0.0384828 0)
(0.675728 0.0287888 0)
(-0.163131 0.0156635 0)
(2.05591 0.0380823 0)
(3.25308 0.0997504 0)
(3.89922 0.21897 0)
(4.8107 0.302838 0)
(5.83381 0.42927 0)
(6.88282 0.537391 0)
(7.93922 0.65777 0)
(8.98263 0.766005 0)
(9.62943 0.829144 0)
(9.78678 0.828751 0)
(9.47821 0.757973 0)
(8.4186 0.651453 0)
(7.07788 0.523017 0)
(5.6589 0.390981 0)
(4.28444 0.253654 0)
(3.02814 0.158648 0)
(1.88234 0.0810785 0)
(1.20225 0.0423252 0)
(0.632572 0.0361396 0)
(-0.247363 0.0188001 0)
(2.42605 0.0409069 0)
(3.60599 0.138867 0)
(4.21181 0.252657 0)
(5.09943 0.379573 0)
(6.08559 0.515389 0)
(7.08445 0.656271 0)
(8.10765 0.786195 0)
(9.104 0.908343 0)
(9.64569 0.967498 0)
(9.75207 0.95616 0)
(9.3924 0.861677 0)
(8.28526 0.733772 0)
(6.91881 0.57699 0)
(5.47849 0.418321 0)
(4.07883 0.280703 0)
(2.83115 0.171907 0)
(1.74772 0.0897079 0)
(1.14117 0.0621898 0)
(0.571653 0.0453753 0)
(-0.353594 0.0249427 0)
(2.67846 0.0604442 0)
(3.91561 0.144126 0)
(4.52675 0.306362 0)
(5.38461 0.452495 0)
(6.35466 0.63458 0)
(7.31146 0.791522 0)
(8.29607 0.944741 0)
(9.21982 1.07662 0)
(9.65759 1.12434 0)
(9.70733 1.09977 0)
(9.28375 0.976869 0)
(8.1172 0.818411 0)
(6.72433 0.629509 0)
(5.27804 0.453106 0)
(3.90044 0.305466 0)
(2.65663 0.181772 0)
(1.65826 0.106909 0)
(1.10878 0.08251 0)
(0.474474 0.0670201 0)
(-0.496424 0.0370006 0)
(3.25145 0.0800835 0)
(4.3992 0.242498 0)
(4.95603 0.43515 0)
(5.77359 0.611411 0)
(6.67595 0.79616 -1.17067e-32)
(7.56532 0.977238 4.27228e-33)
(8.51818 1.14812 0)
(9.33657 1.27885 0)
(9.65044 1.31083 0)
(9.65506 1.26259 0)
(9.16308 1.1062 0)
(7.94207 0.90672 0)
(6.51428 0.684992 0)
(5.05637 0.490692 0)
(3.66669 0.314626 0)
(2.44999 0.173605 0)
(1.54668 0.10049 0)
(1.05733 0.0783868 0)
(0.318793 0.0702007 0)
(-0.750829 0.0188732 0)
(3.80936 0.207579 -1.32534e-18)
(4.83205 0.328957 1.10506e-18)
(5.3504 0.584272 0)
(6.13193 0.804631 -6.36953e-19)
(6.99561 1.01894 5.14608e-19)
(7.83495 1.21024 -4.53222e-33)
(8.74853 1.39332 0)
(9.41888 1.51056 -7.08403e-20)
(9.62933 1.52782 9.46647e-20)
(9.57402 1.45527 5.22038e-21)
(8.98604 1.25738 0)
(7.67763 1.0253 -2.76897e-19)
(6.19755 0.761383 -3.48094e-19)
(4.71687 0.508645 6.00001e-19)
(3.40486 0.319904 -4.90574e-19)
(2.20008 0.152089 0)
(1.44658 0.0763784 -1.84432e-19)
(1.03002 0.0433005 0)
(0.254859 0.0206462 -9.68338e-19)
(-0.874983 -0.0214212 1.13089e-18)
(4.14655 0.403286 1.10821e-19)
(5.21415 0.583966 -4.85252e-18)
(5.69291 0.870877 7.16708e-19)
(6.43221 1.06709 2.61345e-18)
(7.23769 1.27106 1.13726e-18)
(8.01692 1.46993 -1.80547e-18)
(8.89602 1.6639 0)
(9.43586 1.77075 0)
(9.56805 1.78199 -1.23995e-19)
(9.44746 1.69214 0)
(8.77548 1.45707 9.22815e-19)
(7.40263 1.17268 3.0275e-19)
(5.92307 0.854265 -3.54744e-20)
(4.47358 0.552589 -7.69956e-19)
(3.16017 0.305521 0)
(2.04615 0.148586 0)
(1.40453 0.0711377 -3.16248e-18)
(1.03696 0.0248793 8.17518e-18)
(0.430742 0.0130021 -4.83272e-18)
(-0.80531 -0.0822654 -5.69228e-18)
(4.36864 0.639801 4.47949e-18)
(5.48528 0.909705 -1.73803e-18)
(5.91832 1.1339 -6.29376e-19)
(6.62176 1.3336 -4.83215e-18)
(7.39395 1.55265 3.92342e-19)
(8.13523 1.76077 4.9379e-18)
(8.95755 1.95349 -1.40555e-18)
(9.39538 2.05209 0)
(9.47072 2.05311 1.81957e-19)
(9.29313 1.9396 1.02404e-18)
(8.56803 1.66157 -2.63775e-18)
(7.16752 1.32767 1.42306e-18)
(5.68211 0.952321 -1.1597e-18)
(4.25572 0.621642 2.46976e-18)
(3.01332 0.379767 0)
(2.00719 0.200316 -9.11828e-19)
(1.40806 0.128021 0)
(1.10291 0.105356 4.99878e-18)
(0.483397 0.0185285 -1.18115e-17)
(-0.694139 -0.103765 7.41535e-18)
(4.49695 0.876558 -1.84488e-17)
(5.66566 1.25254 9.56747e-18)
(6.10261 1.47511 1.68276e-18)
(6.77151 1.643 0)
(7.49586 1.85693 3.24206e-18)
(8.19628 2.06809 -3.81869e-18)
(8.96161 2.26108 1.4189e-18)
(9.32524 2.35017 0)
(9.35643 2.33819 -1.08368e-19)
(9.13783 2.19617 -6.46544e-19)
(8.38365 1.87264 2.75738e-18)
(6.97376 1.48659 0)
(5.51327 1.06869 -2.55923e-18)
(4.13393 0.712936 1.36417e-18)
(2.89394 0.433267 3.62501e-18)
(1.97725 0.227536 -3.1411e-18)
(1.44878 0.148271 5.07327e-18)
(1.17211 0.124941 -1.1192e-17)
(0.658661 0.0667143 7.08024e-18)
(-0.504723 -0.0935037 -8.83341e-18)
(4.55141 1.08012 1.08333e-17)
(5.77869 1.58986 -9.96433e-18)
(6.19908 1.75097 5.4409e-18)
(6.83636 1.94022 -8.334e-18)
(7.5341 2.16872 6.42322e-18)
(8.20492 2.38893 -1.47435e-18)
(8.92015 2.57752 8.04247e-20)
(9.22893 2.6554 1.35519e-18)
(9.23241 2.62715 -1.0221e-20)
(8.98595 2.45658 -1.82918e-18)
(8.21645 2.09053 -6.20966e-18)
(6.81183 1.65821 -2.39341e-18)
(5.36854 1.20115 -4.68198e-20)
(4.0134 0.820584 -5.40326e-18)
(2.87558 0.536581 -7.2861e-20)
(2.05057 0.321549 5.02059e-18)
(1.57575 0.260591 -1.55831e-18)
(1.33397 0.261218 -8.42911e-19)
(0.813368 0.132264 0)
(-0.404574 -0.0923742 2.028e-17)
(4.5554 1.26943 0)
(5.83421 1.9013 2.81311e-18)
(6.26645 2.05538 0)
(6.86344 2.24805 -3.17234e-19)
(7.52906 2.47899 -7.16343e-18)
(8.17016 2.70418 2.9773e-18)
(8.84727 2.89327 -1.72372e-18)
(9.11786 2.96089 -1.84556e-18)
(9.0965 2.91421 -2.9565e-19)
(8.83186 2.72079 2.58078e-19)
(8.05427 2.31552 3.4874e-18)
(6.6649 1.84147 5.40079e-18)
(5.26042 1.34668 -3.48409e-18)
(3.95393 0.93501 6.11757e-18)
(2.82226 0.591389 -4.90292e-18)
(2.04662 0.396928 0)
(1.63252 0.317073 -1.21827e-17)
(1.39543 0.30952 1.63275e-17)
(0.920888 0.184886 1.25994e-18)
(-0.2016 -0.048871 -2.2735e-17)
(4.53733 1.44484 -3.48031e-19)
(5.83778 2.18582 -6.76418e-18)
(6.26654 2.30381 -2.39812e-17)
(6.8414 2.52618 1.47066e-17)
(7.48462 2.7728 -4.74193e-18)
(8.10316 3.01083 3.32128e-18)
(8.74667 3.20199 -3.89664e-18)
(8.98465 3.26207 1.21065e-18)
(8.94122 3.19533 -3.38694e-19)
(8.65848 2.97836 -2.44978e-19)
(7.88734 2.53996 -4.37873e-18)
(6.51903 2.02437 -6.35622e-18)
(5.15095 1.49081 4.03713e-18)
(3.87726 1.03877 -2.26926e-18)
(2.86625 0.707884 5.6236e-18)
(2.19523 0.497632 0)
(1.83547 0.43204 -7.9529e-18)
(1.61492 0.443601 1.18004e-17)
(1.15573 0.303984 2.24161e-17)
(-0.0634015 0.0103314 -2.61852e-17)
(4.46864 1.61394 -3.42012e-17)
(5.83338 2.44869 1.73342e-17)
(6.27041 2.57462 1.54741e-17)
(6.79893 2.8175 -1.57732e-17)
(7.41455 3.06623 3.44415e-19)
(8.01157 3.3051 7.52628e-18)
(8.62276 3.50203 1.65474e-18)
(8.83501 3.55678 3.38073e-19)
(8.77366 3.47078 -1.11865e-18)
(8.4777 3.22863 1.4991e-18)
(7.72277 2.75909 3.78477e-18)
(6.3885 2.20428 9.95956e-18)
(5.08037 1.63445 0)
(3.87706 1.15786 2.17311e-19)
(2.87986 0.774666 -1.61941e-17)
(2.21736 0.595676 3.83308e-18)
(1.88795 0.544 1.80252e-17)
(1.67465 0.553219 -5.31598e-18)
(1.25299 0.408013 1.11783e-17)
(0.017973 0.0406404 -9.08109e-19)
(4.38295 1.77666 4.20532e-19)
(5.76493 2.64746 1.53323e-17)
(6.20922 2.75836 1.12331e-17)
(6.71618 3.05149 -2.612e-17)
(7.32267 3.32285 1.91579e-17)
(7.89813 3.58235 -8.23993e-18)
(8.48101 3.78993 -1.78446e-18)
(8.67346 3.84125 -2.10041e-18)
(8.60077 3.73755 5.64114e-19)
(8.29989 3.47157 -3.39297e-18)
(7.56498 2.9718 0)
(6.26999 2.38159 -4.17741e-18)
(4.9996 1.77833 4.78444e-18)
(3.82635 1.273 6.17292e-18)
(2.93836 0.920567 -3.63929e-18)
(2.38955 0.737537 -8.57335e-18)
(2.10632 0.685641 -2.60292e-18)
(1.8832 0.725201 -1.49216e-19)
(1.42027 0.527624 0)
(0.113639 0.0943806 0)
(4.29994 1.92382 -1.54676e-17)
(5.74257 2.89884 0)
(6.16801 3.00785 1.22127e-17)
(6.63059 3.31122 -5.22305e-18)
(7.21441 3.58369 -1.97991e-17)
(7.77105 3.84595 5.58008e-18)
(8.32929 4.06278 -1.97106e-18)
(8.50963 4.11267 1.87022e-18)
(8.43356 3.99489 1.77747e-19)
(8.13284 3.70898 -2.1707e-18)
(7.41617 3.18152 2.38178e-18)
(6.16098 2.55997 1.35638e-17)
(4.93863 1.9307 4.21112e-19)
(3.83379 1.40115 -6.64579e-18)
(2.96999 1.01734 1.2331e-17)
(2.40548 0.867852 6.06003e-20)
(2.14651 0.818284 2.78874e-18)
(1.96214 0.840538 -1.3738e-17)
(1.52619 0.653858 1.39859e-17)
(0.155083 0.120995 -1.65089e-17)
(4.17705 2.03156 -9.71154e-21)
(5.62975 3.03074 0)
(6.06459 3.14537 0)
(6.50847 3.49364 5.10789e-18)
(7.09498 3.79776 7.30202e-18)
(7.63519 4.0877 -4.84281e-18)
(8.17321 4.31777 5.44502e-18)
(8.34705 4.36812 0)
(8.27023 4.23979 -8.78509e-19)
(7.97082 3.93867 5.43031e-18)
(7.26942 3.3872 8.38485e-18)
(6.0534 2.73755 -5.18057e-18)
(4.86181 2.08449 -6.37394e-18)
(3.79202 1.5341 1.50282e-17)
(3.0278 1.18746 -4.4329e-18)
(2.57853 1.03424 -5.24263e-18)
(2.33695 1.00076 -3.22798e-18)
(2.1029 1.038 -1.52863e-17)
(1.61052 0.766915 2.15462e-18)
(0.166277 0.143194 1.84911e-17)
(4.09482 2.16191 -5.98253e-18)
(5.58159 3.26487 -9.27007e-18)
(5.99024 3.37915 4.9827e-19)
(6.39797 3.7133 3.14184e-21)
(6.96616 4.00953 3.02137e-18)
(7.49355 4.31115 -1.09831e-17)
(8.01494 4.55249 0)
(8.18592 4.60543 -4.4001e-19)
(8.1099 4.47019 3.46407e-19)
(7.81096 4.15851 8.96974e-18)
(7.12293 3.58781 -1.8345e-18)
(5.9458 2.91445 2.38865e-18)
(4.79224 2.2417 0)
(3.7869 1.67598 -8.20247e-18)
(3.0445 1.31231 1.01185e-17)
(2.56643 1.18141 0)
(2.36026 1.13074 -7.09059e-18)
(2.1827 1.16464 2.07959e-17)
(1.68113 0.884579 2.52352e-18)
(0.165862 0.147794 -2.32086e-17)
(3.96845 2.24321 -1.26409e-17)
(5.4629 3.37326 1.55988e-17)
(5.87507 3.496 0)
(6.26986 3.86693 1.17291e-17)
(6.83568 4.18297 0)
(7.34968 4.50965 1.11016e-17)
(7.85601 4.76538 0)
(8.02522 4.82321 0)
(7.94806 4.68391 -8.48848e-19)
(7.64933 4.36512 -8.94521e-18)
(6.97466 3.77986 -1.58317e-17)
(5.83699 3.08761 3.09474e-18)
(4.70866 2.39623 1.1528e-17)
(3.74188 1.82404 9.29448e-18)
(3.08558 1.49741 -3.27521e-17)
(2.71517 1.36366 -1.30856e-17)
(2.50221 1.32705 7.67384e-18)
(2.24467 1.34748 0)
(1.69148 0.974069 2.20249e-17)
(0.141195 0.148641 -2.54438e-17)
(3.89758 2.34719 1.35818e-17)
(5.40151 3.57904 -1.67566e-17)
(5.7895 3.71409 0)
(6.15757 4.06262 -3.39825e-19)
(6.7046 4.36252 -4.81231e-18)
(7.20502 4.69318 0)
(7.69758 4.95771 -1.24861e-18)
(7.86526 5.02175 5.13133e-19)
(7.78733 4.88094 -5.51714e-19)
(7.4893 4.55804 7.24791e-19)
(6.82705 3.96252 0)
(5.72536 3.25667 1.26955e-17)
(4.62262 2.54887 2.77306e-19)
(3.70864 1.97174 5.08668e-18)
(3.07781 1.64271 5.96515e-18)
(2.66874 1.51653 0)
(2.50385 1.44669 -1.29109e-17)
(2.30991 1.46972 2.5404e-17)
(1.6998 1.06659 -2.68908e-17)
(0.0986268 0.131738 5.60292e-17)
(3.78552 2.42709 0)
(5.28973 3.67778 0)
(5.67804 3.8141 -9.08423e-18)
(6.03561 4.1993 0)
(6.57746 4.51447 0)
(7.06506 4.85989 1.24756e-17)
(7.54274 5.13175 -1.31795e-18)
(7.70754 5.20194 8.01885e-19)
(7.62889 5.06197 1.92025e-19)
(7.33162 4.73711 0)
(6.68005 4.13403 -2.70991e-18)
(5.61049 3.41833 -1.05288e-17)
(4.53111 2.69921 -1.29842e-17)
(3.65695 2.1244 -5.28864e-18)
(3.10002 1.82687 6.63658e-18)
(2.78199 1.72312 -1.55735e-17)
(2.58174 1.65823 2.81809e-17)
(2.2986 1.62425 3.07756e-19)
(1.64587 1.11472 -2.53967e-17)
(0.0357761 0.105056 -3.89439e-18)
(3.72511 2.51272 0)
(5.22735 3.86215 -1.23302e-17)
(5.58857 4.00942 1.00752e-17)
(5.9321 4.37472 0)
(6.45653 4.67597 0)
(6.93134 5.01948 -2.66791e-17)
(7.39419 5.2923 0)
(7.55437 5.36602 0)
(7.47641 5.22821 -1.62534e-18)
(7.17944 4.90346 2.11421e-18)
(6.53578 4.29519 -2.22387e-17)
(5.49376 3.57156 0)
(4.43917 2.84554 -1.4266e-17)
(3.60953 2.27976 2.94573e-19)
(3.06476 1.98099 -2.13727e-17)
(2.70404 1.86653 8.44023e-18)
(2.54168 1.77627 1.59678e-19)
(2.32262 1.7234 -3.03918e-17)
(1.56217 1.14431 1.34917e-17)
(-0.0371526 0.0584109 4.17948e-18)
(3.63297 2.58737 0)
(5.12511 3.95498 -1.36315e-17)
(5.48964 4.0978 1.04342e-17)
(5.82516 4.49257 2.28179e-17)
(6.3416 4.81409 5.0625e-18)
(6.80672 5.16889 -3.05404e-18)
(7.25392 5.44252 2.44972e-18)
(7.40696 5.5166 -5.48245e-18)
(7.32981 5.38069 1.7422e-18)
(7.03175 5.05718 1.33087e-17)
(6.39453 4.44556 1.85489e-17)
(5.37736 3.71592 3.56585e-18)
(4.35091 2.98674 2.05842e-17)
(3.56127 2.44182 1.27857e-17)
(3.06338 2.16499 1.53685e-17)
(2.77535 2.07754 -9.32544e-18)
(2.58519 1.98653 -1.11576e-17)
(2.27067 1.86119 1.32098e-17)
(1.45684 1.13527 -7.49753e-18)
(-0.140988 0.0107027 1.37785e-17)
(3.58828 2.66709 1.84046e-17)
(5.06883 4.11937 2.17022e-17)
(5.41287 4.27452 5.4234e-18)
(5.73427 4.64872 5.8012e-20)
(6.23673 4.96007 -1.71433e-17)
(6.69106 5.31318 7.55812e-18)
(7.12293 5.585 -2.62381e-18)
(7.26795 5.65678 3.51621e-20)
(7.19053 5.52094 -2.63512e-18)
(6.89072 5.19922 -1.49797e-17)
(6.25934 4.58644 1.1441e-18)
(5.26502 3.85205 0)
(4.26606 3.12241 0)
(3.50978 2.60645 -6.64691e-18)
(3.00517 2.3383 -2.49573e-17)
(2.66784 2.21162 2.01662e-17)
(2.49906 2.08164 1.21242e-17)
(2.22321 1.92653 0)
(1.30911 1.1153 2.45805e-17)
(-0.24437 -0.0796001 -1.50576e-17)
(3.52068 2.74427 -9.649e-18)
(4.97974 4.20152 8.0604e-18)
(5.3304 4.35283 -1.20342e-17)
(5.64384 4.75227 -1.3657e-17)
(6.13796 5.08491 -6.31599e-18)
(6.58483 5.44967 2.20994e-18)
(7.00147 5.72145 0)
(7.13727 5.78929 6.53835e-18)
(7.05842 5.65119 -2.08338e-19)
(6.75658 5.33058 0)
(6.13163 4.71828 0)
(5.16163 3.98282 2.45762e-18)
(4.18682 3.25494 3.37372e-18)
(3.45778 2.76785 -7.13301e-18)
(2.98139 2.52975 1.79484e-17)
(2.70138 2.42515 -2.18202e-17)
(2.49381 2.27918 -2.5916e-17)
(2.11156 2.00765 2.35e-17)
(1.09192 1.01928 -9.21509e-18)
(-0.3053 -0.260732 5.39939e-18)
(3.49547 2.8258 1.06307e-17)
(4.93334 4.34897 0)
(5.26689 4.51065 0)
(5.56695 4.89144 -4.52846e-18)
(6.05029 5.21583 3.65961e-18)
(6.48868 5.5809 -1.86419e-19)
(6.89052 5.8523 -8.85447e-18)
(7.01817 5.91672 -7.87951e-18)
(6.93675 5.77466 4.6014e-18)
(6.63261 5.4536 -1.3741e-18)
(6.01464 4.84305 3.18277e-18)
(5.06486 4.10667 -2.12783e-17)
(4.11623 3.3885 -2.16725e-17)
(3.39961 2.93095 -3.77017e-18)
(2.90907 2.713 0)
(2.56497 2.58277 -2.58583e-19)
(2.3358 2.35753 1.38448e-17)
(1.97665 1.98379 -2.51886e-17)
(1.01124 0.887961 1.93941e-17)
(-0.252466 -0.450389 1.75333e-17)
(3.44871 2.90428 -2.24273e-17)
(4.85961 4.42313 -9.30523e-18)
(5.19965 4.58149 6.95859e-20)
(5.49213 4.98395 5.32329e-18)
(5.96722 5.32891 0)
(6.39927 5.70671 1.82337e-17)
(6.78624 5.98015 1.08782e-17)
(6.90622 6.0428 -1.0409e-18)
(6.82137 5.89654 -2.12766e-18)
(6.51479 5.57398 -1.34137e-18)
(5.90421 4.96689 1.24175e-18)
(4.9732 4.22936 1.8619e-17)
(4.04877 3.52741 2.10246e-17)
(3.34138 3.10271 3.62544e-18)
(2.87105 2.91295 1.84221e-17)
(2.56232 2.80406 0)
(2.28712 2.57502 0)
(1.73094 2.05666 1.6079e-17)
(0.457276 0.684201 -3.84529e-20)
(-0.103987 0.560789 -1.7632e-17)
(3.43914 2.98738 1.19967e-17)
(4.82231 4.55748 2.86379e-17)
(5.14822 4.72569 -4.40965e-17)
(5.42699 5.11117 2.74051e-17)
(5.89275 5.44898 -3.47843e-18)
(6.31627 5.82896 2.24534e-17)
(6.68725 6.1043 0)
(6.79988 6.16793 7.518e-18)
(6.71132 6.01923 0)
(6.40217 5.69501 1.5563e-17)
(5.79959 5.09357 -1.85722e-18)
(4.88693 4.35838 2.07708e-18)
(3.97722 3.67253 2.39972e-17)
(3.28505 3.29336 -7.79112e-18)
(2.80301 3.13301 -9.55674e-18)
(2.404 3.02293 0)
(2.01999 2.7397 0)
(1.24246 1.9236 0)
(0.43309 1.31758 -9.02606e-18)
(0.236289 2.3327 -5.6453e-18)
(3.40875 3.06539 0)
(4.76152 4.62584 0)
(5.09254 4.79059 1.5664e-17)
(5.36216 5.19485 -2.29503e-17)
(5.81998 5.55219 1.62249e-17)
(6.23587 5.94519 -2.06114e-17)
(6.59076 6.22371 -1.08626e-18)
(6.69612 6.28934 8.44296e-19)
(6.60542 6.14077 6.86955e-19)
(6.29374 5.81453 -1.77868e-17)
(5.69938 5.2192 3.0878e-18)
(4.80224 4.48951 1.87438e-17)
(3.90893 3.82546 -2.3897e-17)
(3.23876 3.49341 -2.61634e-17)
(2.76632 3.36951 8.93764e-18)
(2.40008 3.27809 0)
(1.94853 2.90985 1.29476e-17)
(1.15543 2.1355 1.60646e-17)
(0.612069 2.2815 -1.84118e-17)
(0.533563 2.9338 2.17227e-17)
(3.40746 3.14682 0)
(4.73154 4.74989 2.2289e-17)
(5.05034 4.92337 -4.046e-18)
(5.3063 5.31184 2.79108e-17)
(5.75513 5.66151 -1.70472e-17)
(6.16072 6.05656 0)
(6.4989 6.33725 0)
(6.59699 6.40625 0)
(6.50425 6.26014 4.15727e-19)
(6.19099 5.93322 4.97371e-19)
(5.60132 5.34178 0)
(4.71812 4.6188 -1.85225e-17)
(3.84933 3.98551 0)
(3.2051 3.70325 1.87253e-17)
(2.73315 3.61318 -1.29269e-17)
(2.28441 3.51551 -1.03263e-17)
(1.65517 3.07014 -2.20738e-17)
(1.06178 2.60233 -1.47352e-17)
(0.716039 3.03859 -2.55145e-17)
(0.729202 3.32356 2.06269e-17)
(3.38555 3.22097 -7.45219e-18)
(4.68237 4.81335 1.89817e-19)
(5.00506 4.98504 -4.22994e-18)
(5.25245 5.39206 -2.21145e-17)
(5.69155 5.75727 0)
(6.08771 6.16358 0)
(6.40902 6.44665 0)
(6.49992 6.51914 -3.05359e-19)
(6.40533 6.37651 -8.57316e-19)
(6.09125 6.05069 0)
(5.50332 5.46102 0)
(4.63617 4.74597 0)
(3.79853 4.15119 0)
(3.17958 3.9167 1.41994e-17)
(2.71416 3.8566 3.5098e-17)
(2.28288 3.74406 1.08012e-17)
(1.73189 3.2277 2.25604e-17)
(1.38816 3.06389 -2.13639e-17)
(1.00774 3.55068 8.168e-18)
(0.891832 3.66269 0)
(3.38731 3.29443 7.22979e-18)
(4.65952 4.92945 -4.4623e-17)
(4.96988 5.10899 -1.2947e-17)
(5.20449 5.50502 -3.25216e-18)
(5.63358 5.86204 4.00502e-18)
(6.01715 6.26841 -2.82041e-17)
(6.32087 6.55277 1.90482e-18)
(6.40514 6.62944 1.02679e-17)
(6.30799 6.49036 0)
(5.99269 6.16626 -1.24798e-18)
(5.40694 5.5787 1.13798e-18)
(4.55995 4.87279 0)
(3.75777 4.31896 0)
(3.1717 4.13362 -1.77531e-17)
(2.7262 4.09362 3.39227e-18)
(2.26258 3.93796 -1.01847e-17)
(1.62278 3.45888 2.29502e-17)
(1.16856 3.599 2.058e-17)
(0.948404 3.91708 -3.46536e-17)
(0.868965 3.96888 1.81639e-17)
(3.36414 3.3648 1.33769e-17)
(4.61308 4.98777 4.1482e-17)
(4.92499 5.1671 1.57734e-17)
(5.15154 5.58369 0)
(5.56916 5.95748 0)
(5.94026 6.37347 2.13228e-17)
(6.22708 6.65991 -1.22349e-17)
(6.30529 6.73944 -9.48412e-18)
(6.20617 6.60311 -2.69115e-19)
(5.89029 6.2803 1.25729e-17)
(5.31058 5.69619 -2.21467e-17)
(4.48884 5.00133 0)
(3.72632 4.48959 0)
(3.17691 4.34949 -1.29458e-17)
(2.74411 4.32787 -1.63977e-17)
(2.26573 4.14083 0)
(1.75705 3.74944 -3.27696e-17)
(1.45698 3.97298 -6.15607e-18)
(1.2912 4.35851 3.60297e-17)
(1.01009 4.37212 -1.88289e-17)
(3.36077 3.43387 -2.52493e-17)
(4.58353 5.10415 -1.96529e-17)
(4.88307 5.29534 0)
(5.09455 5.7 0)
(5.49854 6.06325 0)
(5.85658 6.47839 0)
(6.12655 6.76536 1.29552e-17)
(6.19934 6.84761 -1.11874e-17)
(6.0987 6.71394 0)
(5.78416 6.39255 -1.12105e-17)
(5.21421 5.81244 4.01454e-17)
(4.42254 5.12997 1.7572e-18)
(3.7054 4.65997 2.65289e-18)
(3.19978 4.56207 2.20286e-17)
(2.79048 4.54292 -1.45949e-17)
(2.27808 4.28858 0)
(1.86174 4.07195 1.0722e-17)
(1.44859 4.53163 5.89162e-19)
(1.07317 4.71058 -5.77052e-18)
(0.683417 4.79767 1.13953e-17)
(3.32071 3.49734 1.19547e-17)
(4.52101 5.15536 -1.87015e-17)
(4.82184 5.34504 0)
(5.02217 5.77239 -5.07542e-18)
(5.41422 6.15654 1.93209e-17)
(5.76199 6.5832 0)
(6.01581 6.87023 0)
(6.08421 6.95335 2.00784e-17)
(5.98352 6.82184 -3.54643e-19)
(5.6731 6.50228 1.10128e-17)
(5.11659 5.92606 -1.90986e-17)
(4.35982 5.25726 1.3014e-17)
(3.69325 4.82801 0)
(3.23072 4.76245 -1.21265e-17)
(2.82984 4.7413 7.44195e-18)
(2.3667 4.52614 8.23239e-18)
(1.94712 4.40227 0)
(1.63037 4.80541 5.52845e-18)
(1.22454 5.35127 9.70814e-18)
(1.09737 5.53438 2.79724e-18)
(3.30172 3.56584 -2.241e-17)
(4.4731 5.27817 2.66904e-17)
(4.76105 5.4759 2.01984e-17)
(4.94437 5.88669 -5.32312e-18)
(5.3237 6.25943 -2.91388e-17)
(5.65929 6.68488 0)
(5.89818 6.97135 1.01048e-17)
(5.96288 7.05566 -8.22423e-18)
(5.86303 6.92642 -5.91029e-19)
(5.5593 6.60901 -9.60044e-18)
(5.0189 6.03588 -8.91218e-19)
(4.30012 5.38068 -1.45637e-17)
(3.68695 4.98939 1.78787e-17)
(3.2693 4.94807 5.61542e-18)
(2.90291 4.92737 -1.3074e-17)
(2.42959 4.67659 1.47539e-17)
(2.14799 4.60932 0)
(1.85391 5.42422 0)
(1.6016 5.90039 2.52585e-18)
(0.506278 5.94028 -7.43374e-18)
(3.24222 3.62387 1.06743e-17)
(4.39221 5.32999 2.48217e-17)
(4.68188 5.5216 -1.95457e-17)
(4.85325 5.95489 1.93111e-17)
(5.22137 6.35001 2.78134e-17)
(5.54744 6.78715 0)
(5.77231 7.07235 -1.08365e-17)
(5.83433 7.15535 -9.87868e-18)
(5.73747 7.02709 0)
(5.44291 6.71117 0)
(4.92162 6.14031 0)
(4.24419 5.49903 0)
(3.68509 5.14128 -2.03769e-17)
(3.31144 5.11151 -7.80278e-18)
(2.9638 5.07156 0)
(2.5687 4.8634 -7.32371e-18)
(2.39053 5.04841 0)
(2.42759 5.42898 -3.39593e-18)
(2.4823 5.37499 5.0272e-18)
(1.37187 5.39944 -2.40241e-18)
(3.20747 3.69569 -2.00797e-17)
(4.32633 5.46809 -1.5628e-17)
(4.60392 5.66475 -1.20429e-17)
(4.75835 6.07581 -1.80227e-17)
(5.11422 6.45487 -1.29404e-17)
(5.42905 6.88898 0)
(5.64027 7.17102 -2.02944e-18)
(5.70023 7.25356 1.52292e-18)
(5.60702 7.12587 1.2452e-18)
(5.32338 6.81061 0)
(4.82377 6.24122 1.17221e-18)
(4.19049 5.61474 -1.33643e-18)
(3.68472 5.28526 0)
(3.35443 5.25591 9.61789e-18)
(3.03585 5.18575 0)
(2.75484 5.01801 5.52642e-18)
(2.69264 5.14874 -1.30007e-17)
(2.82122 5.12018 3.0435e-18)
(3.02277 4.3767 -3.4098e-18)
(1.18676 3.85833 5.91931e-18)
(3.12815 3.75309 -2.06253e-19)
(4.22671 5.52571 -7.52601e-18)
(4.50528 5.71283 1.67285e-17)
(4.64807 6.14742 -4.14564e-19)
(4.99512 6.55078 -3.23025e-18)
(5.30013 6.99607 0)
(5.498 7.27447 9.44454e-18)
(5.55641 7.35479 7.96419e-18)
(5.46733 7.22664 -1.79056e-18)
(5.19577 6.91081 -7.18758e-18)
(4.72049 6.34194 -1.39033e-17)
(4.13479 5.73155 0)
(3.68311 5.42663 1.34348e-17)
(3.39745 5.38591 -4.13023e-18)
(3.11459 5.26525 -4.52961e-18)
(2.89964 5.08949 0)
(2.81645 5.17006 5.74853e-18)
(2.75001 5.08074 -5.89354e-18)
(2.46927 3.85382 8.33875e-18)
(-0.39971 1.66223 7.44423e-18)
(3.07725 3.83544 1.74774e-17)
(4.13998 5.68497 -7.05823e-18)
(4.40865 5.87887 1.05708e-17)
(4.53628 6.28593 8.27054e-18)
(4.87013 6.66826 6.04594e-18)
(5.162 7.10646 1.50356e-17)
(5.34764 7.37911 -1.77314e-17)
(5.40508 7.45867 -8.32129e-18)
(5.32026 7.33002 2.69972e-18)
(5.06193 7.01214 -1.34011e-19)
(4.61231 6.44121 1.25254e-18)
(4.07536 5.84726 -1.18266e-17)
(3.67493 5.56099 5.46459e-18)
(3.42607 5.50049 -1.09196e-17)
(3.16084 5.32647 8.76659e-18)
(2.95688 5.11867 -4.89353e-18)
(2.8193 5.1579 1.0696e-17)
(2.6216 4.97369 -6.50554e-18)
(2.107 3.31116 0)
(-0.203161 0.695656 1.17583e-17)
(2.98464 3.89566 0)
(4.02385 5.75136 -2.54248e-17)
(4.29326 5.93336 3.33683e-19)
(4.40666 6.36763 -1.47676e-17)
(4.73263 6.77678 0)
(5.01344 7.2244 -1.09813e-17)
(5.18577 7.49087 1.41855e-17)
(5.2431 7.56709 7.80025e-18)
(5.16338 7.43606 -2.88674e-18)
(4.91916 7.11434 5.73665e-18)
(4.49641 6.53865 1.15678e-17)
(4.00885 5.9614 4.14381e-19)
(3.65561 5.68955 -1.12264e-17)
(3.43246 5.60315 -3.17627e-18)
(3.1727 5.37974 7.89697e-18)
(2.96934 5.1402 -9.30151e-18)
(2.82029 5.13594 -5.19916e-18)
(2.57819 4.83053 6.3405e-18)
(1.99148 3.04052 0)
(0.0104503 0.317087 0)
(2.9107 3.9925 -1.50715e-17)
(3.91406 5.93058 2.44581e-17)
(4.17682 6.12285 0)
(4.27602 6.5259 0)
(4.58744 6.90946 0)
(4.85278 7.34523 0)
(5.0132 7.603 -6.21857e-18)
(5.07156 7.67732 -6.56976e-19)
(4.99719 7.5437 -6.7646e-19)
(4.76814 7.21651 9.53544e-19)
(4.37309 6.63365 -1.21099e-17)
(3.93295 6.07268 9.434e-18)
(3.61867 5.81096 0)
(3.41112 5.69654 1.30697e-19)
(3.15252 5.42483 -1.10407e-17)
(2.96463 5.16037 4.354e-18)
(2.84092 5.10705 -4.85117e-18)
(2.54514 4.69071 -2.93911e-18)
(1.7609 2.71287 1.3986e-17)
(-0.123155 0.0938754 1.68494e-17)
(2.81635 4.0571 7.24337e-18)
(3.78162 6.00136 1.09866e-17)
(4.04032 6.18154 -3.10123e-19)
(4.12319 6.61386 6.44271e-18)
(4.42893 7.02748 0)
(4.68133 7.47004 1.50842e-17)
(4.82811 7.7196 -3.70174e-18)
(4.88756 7.78982 1.2103e-18)
(4.81869 7.65185 -1.6759e-19)
(4.60547 7.31778 8.36117e-19)
(4.23888 6.72714 8.33291e-18)
(3.8438 6.18229 -6.68001e-18)
(3.56285 5.92611 -6.55181e-18)
(3.36822 5.78679 -2.63541e-18)
(3.11693 5.47901 6.87977e-18)
(2.95061 5.18412 -1.23687e-17)
(2.8338 5.06798 6.57621e-18)
(2.4615 4.53293 -8.59511e-18)
(1.46234 2.33394 2.54864e-17)
(-0.199365 -0.161956 -1.81377e-17)
(2.71013 4.13695 -6.77788e-18)
(3.64415 6.1891 0)
(3.90071 6.38584 -8.10961e-18)
(3.97055 6.785 -1.20414e-17)
(4.25968 7.16882 0)
(4.49289 7.59381 -1.157e-17)
(4.62927 7.83245 0)
(4.69133 7.90045 -5.68085e-18)
(4.62822 7.75899 6.50507e-19)
(4.43159 7.41646 3.22468e-18)
(4.09437 6.81911 -6.5243e-18)
(3.73895 6.28951 3.23377e-18)
(3.48609 6.03523 1.45693e-17)
(3.30472 5.87106 -5.12189e-18)
(3.06478 5.53798 6.24376e-18)
(2.9118 5.22055 3.85812e-18)
(2.80007 5.0504 -8.45421e-18)
(2.38093 4.39971 1.0924e-17)
(1.29085 2.12234 -4.60878e-20)
(-0.129586 -0.198893 1.90554e-18)
(2.60752 4.22773 1.26202e-17)
(3.49226 6.27061 -9.55633e-18)
(3.74176 6.4451 7.79824e-18)
(3.79021 6.87034 5.62305e-18)
(4.07653 7.28723 5.82411e-19)
(4.29419 7.71588 5.98338e-18)
(4.41825 7.94573 0)
(4.48198 8.01047 -7.10162e-20)
(4.4231 7.8634 0)
(4.24416 7.51211 -3.01901e-18)
(3.93501 6.91028 6.14692e-18)
(3.61564 6.39627 -1.23884e-18)
(3.39293 6.14317 -1.10654e-17)
(3.22953 5.95478 -4.99203e-18)
(2.99821 5.60222 2.82887e-18)
(2.84803 5.26953 -3.74842e-18)
(2.74257 5.04991 1.27673e-17)
(2.2766 4.31412 7.75692e-18)
(1.14429 1.9565 3.14351e-18)
(-0.0711234 -0.133795 -1.49027e-17)
(2.44961 4.25691 2.53396e-19)
(3.32397 6.44807 4.84318e-18)
(3.56931 6.65763 0)
(3.61035 7.04684 9.89763e-18)
(3.8804 7.42898 -1.49897e-17)
(4.07317 7.83477 5.5665e-18)
(4.19122 8.05306 -3.52229e-18)
(4.25753 8.11447 4.06788e-18)
(4.20457 7.96552 -1.73568e-18)
(4.04366 7.60354 -5.63926e-19)
(3.76115 6.9997 5.54174e-18)
(3.4764 6.50356 1.08347e-17)
(3.28035 6.2495 9.31993e-20)
(3.13119 6.03521 8.83602e-18)
(2.90589 5.66002 5.74576e-18)
(2.74844 5.32019 -1.0197e-17)
(2.64773 5.06705 8.55405e-18)
(2.1923 4.26341 -4.90302e-18)
(1.03768 1.86371 3.32302e-20)
(-0.0397377 -0.0584398 1.43608e-17)
(2.33968 4.35718 2.10365e-17)
(3.14378 6.54165 -4.43564e-18)
(3.38078 6.70994 -1.24413e-17)
(3.40025 7.12169 1.01046e-17)
(3.66854 7.53889 -6.51507e-18)
(3.84266 7.94688 9.77101e-18)
(3.95229 8.15727 5.67955e-18)
(4.02027 8.21546 0)
(3.97157 8.06256 1.71122e-18)
(3.82713 7.69052 -6.862e-20)
(3.57045 7.08893 -1.12344e-18)
(3.31764 6.61187 -9.32592e-18)
(3.1466 6.35384 -4.76985e-19)
(3.01198 6.11952 -2.11666e-19)
(2.79222 5.72269 8.11515e-18)
(2.63482 5.37378 3.59081e-18)
(2.55214 5.10806 -9.86004e-18)
(2.13931 4.28489 -4.821e-18)
(1.05179 1.9941 -1.42948e-18)
(0.0137766 0.0572226 -1.37047e-17)
(2.09219 4.31845 0)
(2.93866 6.68156 3.8468e-18)
(3.16467 6.92067 -5.56026e-18)
(3.19224 7.29602 9.30392e-18)
(3.44094 7.66699 -1.23788e-17)
(3.58679 8.05562 4.69144e-18)
(3.69617 8.25401 0)
(3.76754 8.31014 0)
(3.7234 8.15507 0)
(3.59576 7.77275 -8.78131e-19)
(3.36285 7.17758 8.25919e-19)
(3.13981 6.72016 -1.83952e-18)
(2.99107 6.45599 -5.78102e-18)
(2.8677 6.20293 -4.1554e-18)
(2.65648 5.79337 7.37779e-18)
(2.50538 5.43183 -6.32169e-18)
(2.43474 5.14794 -2.47643e-19)
(2.07269 4.33729 1.1365e-17)
(1.10167 2.22199 -1.40452e-18)
(0.085364 0.227275 0)
(1.99917 4.40642 1.64609e-17)
(2.72191 6.7763 -3.59889e-18)
(2.94922 6.95508 -1.41409e-19)
(2.95288 7.35874 0)
(3.19184 7.75431 -5.42589e-18)
(3.32758 8.15205 3.81805e-19)
(3.4299 8.34404 0)
(3.49995 8.39613 9.17271e-19)
(3.46037 8.23976 -7.24868e-19)
(3.3458 7.84877 0)
(3.13721 7.26676 0)
(2.9405 6.82939 3.97327e-18)
(2.80961 6.55774 5.62111e-18)
(2.69878 6.28694 -1.81623e-19)
(2.49759 5.86263 2.20775e-18)
(2.35006 5.49206 -2.93705e-18)
(2.28496 5.19854 0)
(1.98518 4.44051 6.67016e-18)
(1.15654 2.55151 1.0729e-17)
(0.185719 0.492109 -2.53399e-17)
(1.66207 4.205 1.25128e-17)
(2.48675 6.84602 -3.16643e-18)
(2.70312 7.14415 4.51052e-18)
(2.71142 7.51398 -1.13835e-17)
(2.93592 7.8626 0)
(3.04975 8.23866 0)
(3.14408 8.42337 0)
(3.2167 8.47361 8.59849e-19)
(3.18307 8.31751 -6.79603e-19)
(3.08016 7.91971 0)
(2.89411 7.35559 0)
(2.71864 6.9371 -5.61528e-18)
(2.60147 6.65838 2.57452e-18)
(2.50076 6.37465 -3.08531e-18)
(2.30544 5.94005 -6.56673e-18)
(2.1481 5.55346 0)
(2.07359 5.24605 1.75012e-18)
(1.82119 4.53168 2.09541e-18)
(1.14435 2.818 -2.06024e-17)
(0.272988 0.778896 2.51516e-17)
(1.57859 4.29207 -1.09899e-17)
(2.24268 6.90287 3.53689e-18)
(2.46613 7.14782 9.20465e-18)
(2.45363 7.54568 6.48887e-18)
(2.66556 7.92767 -5.1458e-18)
(2.76307 8.30545 -3.24332e-18)
(2.85112 8.49026 2.02923e-18)
(2.91821 8.53875 0)
(2.88923 8.38454 0)
(2.79516 7.98404 0)
(2.63277 7.44475 1.78537e-18)
(2.47437 7.04537 5.22029e-18)
(2.36279 6.76009 -2.42056e-18)
(2.26337 6.46335 1.43027e-18)
(2.0699 6.01873 4.0807e-21)
(1.90905 5.62323 0)
(1.8395 5.31804 -3.27838e-18)
(1.64468 4.66957 1.62806e-17)
(1.12258 3.17012 -3.76524e-17)
(0.357313 1.19509 2.16986e-17)
(1.20551 3.68411 1.28631e-17)
(1.99793 6.84141 -1.051e-17)
(2.23569 7.29625 0)
(2.20742 7.66611 3.06557e-18)
(2.39407 8.00084 2.1413e-18)
(2.46773 8.35829 4.50403e-18)
(2.54731 8.54439 -1.89815e-18)
(2.60802 8.59128 0)
(2.58498 8.44233 0)
(2.49696 8.04377 8.52503e-19)
(2.35605 7.53293 4.80219e-19)
(2.20454 7.15071 -2.67375e-18)
(2.09215 6.86494 -1.97181e-18)
(1.99806 6.56868 -4.48619e-18)
(1.81613 6.12867 8.8196e-18)
(1.65617 5.73111 -1.10718e-17)
(1.59367 5.42875 8.2546e-18)
(1.439 4.83162 0)
(1.04013 3.50205 5.57709e-19)
(0.386689 1.56188 -2.08777e-17)
(1.07963 3.738 1.26589e-17)
(1.77184 6.7711 0)
(2.01214 7.24697 0)
(1.95715 7.66174 0)
(2.11633 8.03675 1.66853e-18)
(2.16902 8.39691 -4.3268e-18)
(2.2369 8.58754 -1.69461e-18)
(2.28207 8.63255 0)
(2.26297 8.48785 0)
(2.18216 8.10026 -6.39391e-19)
(2.0631 7.62197 -1.05105e-18)
(1.91973 7.2607 1.35387e-18)
(1.80976 6.98342 -1.49383e-19)
(1.7211 6.69804 -1.66858e-18)
(1.55667 6.27336 4.25591e-18)
(1.40655 5.87876 -4.5235e-18)
(1.35007 5.58836 4.68316e-18)
(1.21816 5.05354 0)
(0.928874 3.90288 -5.21491e-19)
(0.393117 1.99623 -9.78812e-18)
(0.659007 2.1113 -1.165e-17)
(1.60194 6.44365 3.98812e-18)
(1.83736 7.34109 6.10387e-18)
(1.74338 7.74812 -3.5759e-19)
(1.85165 8.07475 -3.72466e-18)
(1.8743 8.41512 -2.2284e-18)
(1.92273 8.61122 4.71371e-18)
(1.95157 8.65578 -2.11007e-19)
(1.93618 8.52173 0)
(1.8647 8.15511 7.17889e-20)
(1.76331 7.71222 6.43297e-19)
(1.62528 7.37526 -9.15601e-19)
(1.51702 7.11484 0)
(1.43835 6.85182 1.22121e-18)
(1.29261 6.45443 0)
(1.13941 6.06614 1.0073e-18)
(1.07275 5.78248 5.78374e-19)
(0.9514 5.28675 0)
(0.746027 4.2415 0)
(0.341199 2.3371 -8.38757e-18)
(0.0397936 0.593775 9.65045e-18)
(1.36295 5.6974 -3.58992e-18)
(1.71127 7.19754 2.77276e-18)
(1.55163 7.74245 -4.34236e-18)
(1.59318 8.10556 1.69006e-18)
(1.57611 8.43754 -5.54667e-19)
(1.6009 8.62991 2.64218e-19)
(1.61195 8.67126 -6.59353e-19)
(1.60174 8.54896 -3.21143e-19)
(1.54089 8.2068 1.21789e-19)
(1.45704 7.80444 8.81759e-20)
(1.33565 7.49893 0)
(1.23625 7.26427 3.28671e-19)
(1.16245 7.03352 0)
(1.02479 6.66785 0)
(0.86689 6.29048 0)
(0.800812 6.02026 3.91333e-18)
(0.689412 5.57454 -1.01166e-17)
(0.555367 4.63864 5.08898e-20)
(0.25912 2.70118 7.10206e-18)
(-0.127328 -0.426506 1.80172e-18)
(0.892467 4.56901 1.64647e-18)
(1.43187 7.12832 -1.34119e-18)
(1.33683 7.84322 -9.6671e-19)
(1.31979 8.14816 7.84769e-19)
(1.27423 8.44417 5.1893e-19)
(1.27309 8.62938 3.34583e-19)
(1.27501 8.66938 0)
(1.27044 8.5631 -1.06883e-19)
(1.2232 8.24971 -3.89373e-20)
(1.16145 7.89314 -1.93323e-19)
(1.05569 7.6208 0)
(0.960042 7.40834 6.94719e-21)
(0.887641 7.20959 -3.72323e-19)
(0.758593 6.88892 0)
(0.592845 6.53012 0)
(0.527226 6.27774 -2.29949e-19)
(0.418956 5.88096 0)
(0.314521 5.03965 -1.71615e-19)
(0.13332 3.08666 0)
(-0.00022163 -1.52466 0)
(0.363311 2.3984 0)
(1.0954 6.42862 0)
(1.04047 7.81949 0)
(1.00326 8.2183 -1.94536e-32)
(0.945849 8.46318 1.39466e-32)
(0.941977 8.62116 0)
(0.95637 8.65689 0)
(0.967895 8.56294 0)
(0.945607 8.27932 0)
(0.911322 7.95948 0)
(0.826124 7.70973 0)
(0.737304 7.51373 0)
(0.674543 7.3416 0)
(0.571745 7.06568 0)
(0.418813 6.73264 0)
(0.362446 6.50376 0)
(0.259202 6.16321 0)
(0.176896 5.42982 0)
(0.0452496 3.51755 0)
(0.178186 -2.0044 0)
(-0.084081 0.684027 0)
(0.710041 5.86528 0)
(0.652974 7.72307 0)
(0.608821 8.25437 0)
(0.577312 8.48284 0)
(0.610892 8.61177 0)
(0.654933 8.64073 0)
(0.69501 8.5483 0)
(0.710835 8.29087 0)
(0.703333 8.00128 0)
(0.639596 7.77279 0)
(0.563564 7.59636 0)
(0.514214 7.44742 0)
(0.440001 7.20676 0)
(0.306112 6.89833 0)
(0.262712 6.68441 0)
(0.174976 6.37647 0)
(0.113319 5.70123 0)
(0.0261576 3.79598 0)
(0.1587 -2.25072 0)
(-0.176305 0.743578 0)
(0.176017 5.54268 0)
(0.109964 7.6335 0)
(0.199172 8.24001 0)
(0.233144 8.45813 0)
(0.305964 8.57105 0)
(0.377389 8.60124 0)
(0.4528 8.50949 0)
(0.498373 8.28219 0)
(0.516165 8.02773 0)
(0.476585 7.82957 0)
(0.415953 7.68107 0)
(0.381363 7.56169 0)
(0.333876 7.35411 0)
(0.220737 7.06966 0)
(0.193239 6.87035 0)
(0.122362 6.5875 0)
(0.0821087 5.95204 0)
(0.00719092 4.03837 0)
(-0.0753823 -1.97379 0)
(-0.263327 1.43954 0)
(-0.282475 5.71691 0)
(-0.325798 7.58472 0)
(-0.173504 8.17411 0)
(-0.0741602 8.38682 0)
(0.0423727 8.49578 0)
(0.139905 8.52947 0)
(0.246094 8.44627 0)
(0.316445 8.25623 0)
(0.357055 8.04187 0)
(0.341708 7.87719 0)
(0.298487 7.75969 0)
(0.27502 7.66567 0)
(0.250108 7.48816 0)
(0.153795 7.22234 0)
(0.139896 7.03339 0)
(0.0804022 6.76621 0)
(0.0497154 6.15137 0)
(0.00200841 4.17215 0)
(-0.092503 -1.26478 0)
(-0.355532 2.23754 0)
(-0.427017 5.82381 0)
(-0.494698 7.42628 0)
(-0.367115 8.00436 0)
(-0.27846 8.24835 0)
(-0.15843 8.37765 0)
(-0.0447746 8.42507 0)
(0.0822026 8.36645 0)
(0.168322 8.2169 0)
(0.228203 8.04672 0)
(0.235788 7.91458 0)
(0.208268 7.82219 0)
(0.191872 7.74927 0)
(0.181816 7.595 0)
(0.0990897 7.34514 0)
(0.097238 7.16294 0)
(0.0496244 6.90653 0)
(0.031493 6.30255 0)
(-0.0112588 4.2514 0)
(-0.0910465 -0.738781 0)
(-0.352234 2.76795 0)
(-0.412314 5.85603 0)
(-0.483703 7.23486 0)
(-0.397093 7.79144 0)
(-0.35166 8.05896 0)
(-0.262619 8.21627 0)
(-0.158136 8.2904 0)
(-0.0332034 8.26817 0)
(0.0580932 8.16485 0)
(0.129084 8.03907 0)
(0.152474 7.93501 0)
(0.137278 7.8627 0)
(0.125244 7.80517 0)
(0.128932 7.67163 0)
(0.0579025 7.43795 0)
(0.0640795 7.25908 0)
(0.0233503 7.00833 0)
(0.0110014 6.40332 0)
(-0.0184194 4.23946 0)
(-0.0975312 0.142956 0)
(-0.30819 3.28988 0)
(-0.371333 5.91509 0)
(-0.415336 7.11448 0)
(-0.349144 7.62206 0)
(-0.339749 7.88501 0)
(-0.280581 8.05095 0)
(-0.202068 8.14428 0)
(-0.0966775 8.157 0)
(-0.0121575 8.10159 0)
(0.0586385 8.0167 0)
(0.0891169 7.93758 0)
(0.0837773 7.88204 0)
(0.075482 7.83979 0)
(0.0892483 7.72214 0)
(0.0268414 7.50207 0)
(0.0360307 7.32206 0)
(-0.000807974 7.07341 0)
(-0.0083033 6.45621 0)
(-0.0237883 4.19722 0)
(-0.0587505 0.692141 0)
(-0.241019 3.70431 0)
(-0.305758 6.02691 0)
(-0.340658 7.08111 0)
(-0.28493 7.53455 0)
(-0.291917 7.77175 0)
(-0.251214 7.91977 0)
(-0.197951 8.01595 0)
(-0.117668 8.05236 0)
(-0.0480773 8.03263 0)
(0.0120123 7.9806 0)
(0.0439519 7.92384 0)
(0.04575 7.88311 0)
(0.0381215 7.85374 0)
(0.0586093 7.74989 0)
(0.00257895 7.54173 0)
(0.0123441 7.35845 0)
(-0.0200778 7.11033 0)
(-0.0208886 6.47529 0)
(-0.0284419 4.10927 0)
(-0.0376072 1.18997 0)
(-0.193876 4.07767 0)
(-0.248302 6.163 0)
(-0.275656 7.10826 0)
(-0.226738 7.51301 0)
(-0.242868 7.71628 0)
(-0.209144 7.83523 0)
(-0.172479 7.91949 0)
(-0.113441 7.96586 0)
(-0.0603343 7.96831 0)
(-0.0138661 7.93991 0)
(0.0143557 7.90316 0)
(0.0219838 7.87269 0)
(0.0123518 7.85477 0)
(0.0352928 7.76162 0)
(-0.0150722 7.56596 0)
(-0.00415275 7.3785 0)
(-0.0310235 7.13034 0)
(-0.0291546 6.47092 0)
(-0.0301696 3.99883 0)
(-0.0157877 1.56968 0)
(-0.147828 4.39674 0)
(-0.19752 6.30306 0)
(-0.221468 7.16372 0)
(-0.184956 7.52842 0)
(-0.205277 7.70064 0)
(-0.16997 7.78984 0)
(-0.141425 7.85895 0)
(-0.0982144 7.90174 0)
(-0.0594703 7.91411 0)
(-0.0252638 7.90133 0)
(-0.00301415 7.87886 0)
(0.00696047 7.85507 0)
(-0.00510709 7.84541 0)
(0.0185964 7.76285 0)
(-0.0251587 7.58041 0)
(-0.0134117 7.38971 0)
(-0.0364073 7.1408 0)
(-0.0320928 6.4592 0)
(-0.0304876 3.87466 0)
(-0.00267066 1.84087 0)
(-0.106304 4.64084 0)
(-0.150748 6.42153 0)
(-0.176018 7.2258 0)
(-0.151521 7.56154 0)
(-0.177353 7.71113 0)
(-0.139531 7.7769 0)
(-0.116402 7.82664 0)
(-0.0825295 7.86166 0)
(-0.0519076 7.87549 0)
(-0.0274027 7.86975 0)
(-0.0135744 7.85595 0)
(-0.000559059 7.83679 0)
(-0.0154455 7.83115 0)
(0.00898383 7.75963 0)
(-0.0284397 7.59114 0)
(-0.0166141 7.39757 0)
(-0.0373763 7.14861 0)
(-0.0337798 6.44106 0)
(-0.0299194 3.74454 0)
(0.0023656 2.02685 0)
(-0.0703091 4.83196 0)
(-0.106796 6.52447 0)
(-0.129624 7.28425 0)
(-0.120333 7.59855 0)
(-0.152138 7.73283 0)
(-0.118257 7.78261 0)
(-0.102023 7.81919 0)
(-0.0721793 7.84287 0)
(-0.0454675 7.8526 0)
(-0.0267233 7.84658 0)
(-0.0185891 7.83397 0)
(-0.00556176 7.82114 0)
(-0.0207745 7.81695 0)
(0.00471105 7.75536 0)
(-0.0273656 7.60078 0)
(-0.0155275 7.40686 0)
(-0.0359247 7.15813 0)
(-0.0340685 6.42317 0)
(-0.0284616 3.61659 0)
(0.00466287 2.13931 0)
(-0.0450349 4.95739 0)
(-0.0736737 6.59779 0)
(-0.0916654 7.32991 0)
(-0.088964 7.627 0)
(-0.126102 7.74906 0)
(-0.100132 7.7892 0)
(-0.0934938 7.81882 0)
(-0.0681202 7.83764 0)
(-0.0435971 7.84205 0)
(-0.0279383 7.83281 0)
(-0.0223666 7.8216 0)
(-0.00679892 7.80894 0)
(-0.0220312 7.80754 0)
(0.00489854 7.75582 0)
(-0.0234457 7.61452 0)
(-0.0118665 7.42224 0)
(-0.032966 7.17559 0)
(-0.0329054 6.4108 0)
(-0.0259193 3.49469 0)
(0.00476186 2.20293 0)
(-0.0295094 5.06144 0)
(-0.055273 6.66382 0)
(-0.0666229 7.36771 0)
(-0.0675863 7.64676 0)
(-0.100496 7.75715 0)
(-0.0806153 7.78734 0)
(-0.0856073 7.81455 0)
(-0.0663591 7.83283 0)
(-0.0446967 7.83711 0)
(-0.0302061 7.82649 0)
(-0.0256199 7.81437 0)
(-0.00521853 7.80627 0)
(-0.0202762 7.80578 0)
(0.00546519 7.75755 0)
(-0.0185781 7.63103 0)
(-0.00691682 7.44371 0)
(-0.0298206 7.19925 0)
(-0.0320233 6.4047 0)
(-0.0229686 3.38187 0)
(0.0033956 2.24256 0)
(-0.0230692 5.13194 0)
(-0.0483198 6.70906 0)
(-0.0554504 7.39555 0)
(-0.0565108 7.66135 0)
(-0.0828362 7.76084 0)
(-0.063869 7.77961 0)
(-0.0749499 7.80377 0)
(-0.0619234 7.82433 0)
(-0.0461866 7.83087 0)
(-0.0324776 7.82285 0)
(-0.0269703 7.81333 0)
(-0.00342676 7.80535 0)
(-0.0185423 7.80443 0)
(0.00636408 7.76186 0)
(-0.0153429 7.64932 0)
(-0.00528424 7.46909 0)
(-0.027975 7.22875 0)
(-0.0323444 6.40029 0)
(-0.0211158 3.2744 0)
(0.000506045 2.28057 0)
(-0.0202382 5.21033 0)
(-0.0452605 6.75729 0)
(-0.0494179 7.42016 0)
(-0.0520637 7.67209 0)
(-0.0716801 7.76203 0)
(-0.052783 7.77163 0)
(-0.0651605 7.79038 0)
(-0.0550153 7.81048 0)
(-0.0438189 7.82098 0)
(-0.0316652 7.81832 0)
(-0.0270274 7.81085 0)
(-0.00294996 7.80292 0)
(-0.0171625 7.80095 0)
(0.00712283 7.76134 0)
(-0.0130471 7.66261 0)
(-0.0052385 7.49441 0)
(-0.028598 7.2583 0)
(-0.0327143 6.39347 0)
(-0.0197013 3.16975 0)
(-0.00209886 2.322 0)
(-0.0215244 5.26842 0)
(-0.0469424 6.79042 0)
(-0.0491968 7.43677 0)
(-0.052946 7.67899 0)
(-0.0663412 7.76256 0)
(-0.0463605 7.76483 0)
(-0.0580549 7.77912 0)
(-0.0474945 7.79754 0)
(-0.0388632 7.80931 0)
(-0.0278928 7.81095 0)
(-0.0272054 7.80538 0)
(-0.00275055 7.79817 0)
(-0.0165987 7.79618 0)
(0.00825646 7.75882 0)
(-0.00980989 7.67291 0)
(-0.00402191 7.51805 0)
(-0.0274147 7.28776 0)
(-0.0330062 6.38651 0)
(-0.0164627 3.06626 0)
(-0.00327771 2.36922 0)
(-0.0224989 5.34809 0)
(-0.0484248 6.83513 0)
(-0.0490785 7.45544 0)
(-0.0546155 7.68534 0)
(-0.0639013 7.76235 0)
(-0.0437143 7.75987 0)
(-0.0531214 7.77164 0)
(-0.0397982 7.78811 0)
(-0.0329257 7.79946 0)
(-0.0229398 7.80142 0)
(-0.0252149 7.79597 0)
(-0.00183786 7.79036 0)
(-0.0151605 7.7894 0)
(0.00838747 7.75493 0)
(-0.00830948 7.67946 0)
(-0.0018928 7.54009 0)
(-0.0245705 7.31433 0)
(-0.0306325 6.37297 0)
(-0.0129486 2.96849 0)
(-0.0022296 2.41753 0)
(-0.0233335 5.40396 0)
(-0.0488639 6.86469 0)
(-0.0486095 7.46859 0)
(-0.0542391 7.69065 0)
(-0.0607124 7.76426 0)
(-0.0420367 7.75943 0)
(-0.0490673 7.76957 0)
(-0.0339535 7.782 0)
(-0.0284612 7.79031 0)
(-0.0185671 7.79135 0)
(-0.0225577 7.78584 0)
(-0.00089496 7.78051 0)
(-0.0146536 7.78223 0)
(0.00788768 7.74809 0)
(-0.00686882 7.68528 0)
(-0.000223968 7.56144 0)
(-0.0204718 7.34062 0)
(-0.0282655 6.36454 0)
(-0.0083888 2.88479 0)
(0.000206675 2.46585 0)
(-0.0214466 5.48357 0)
(-0.0445761 6.90844 0)
(-0.0439894 7.48559 0)
(-0.0496428 7.69556 0)
(-0.0567415 7.76407 0)
(-0.0390711 7.75848 0)
(-0.0481224 7.76789 0)
(-0.0320747 7.77824 0)
(-0.0272047 7.78233 0)
(-0.0152461 7.78132 0)
(-0.0193884 7.77489 0)
(0.00074257 7.76875 0)
(-0.0120197 7.77305 0)
(0.00922231 7.74011 0)
(-0.00446439 7.68842 0)
(0.00194829 7.58102 0)
(-0.0161901 7.36396 0)
(-0.0240021 6.35122 0)
(-0.00409243 2.81705 0)
(0.00266557 2.50154 0)
(-0.0189815 5.53037 0)
(-0.0388784 6.93401 0)
(-0.0384108 7.496 0)
(-0.0444941 7.69803 0)
(-0.0500184 7.76313 0)
(-0.0356636 7.75487 0)
(-0.0464531 7.76455 0)
(-0.031245 7.77559 0)
(-0.0279238 7.78007 0)
(-0.0134289 7.77758 0)
(-0.017829 7.76855 0)
(0.00306872 7.76098 0)
(-0.00897851 7.76714 0)
(0.011758 7.73555 0)
(-0.0016649 7.69225 0)
(0.00473161 7.59998 0)
(-0.0109779 7.3868 0)
(-0.0200425 6.346 0)
(-0.000528891 2.76826 0)
(0.00479457 2.53361 0)
(-0.01644 5.60337 0)
(-0.0329816 6.97621 0)
(-0.0337189 7.51125 0)
(-0.0396981 7.69947 0)
(-0.0456013 7.75862 0)
(-0.0311596 7.74777 0)
(-0.0439714 7.7582 0)
(-0.0286296 7.77047 0)
(-0.028553 7.77625 0)
(-0.0136125 7.77491 0)
(-0.0173772 7.766 0)
(0.00311401 7.75719 0)
(-0.00635848 7.76276 0)
(0.0121113 7.73327 0)
(0.000348373 7.69625 0)
(0.00511846 7.61749 0)
(-0.00747299 7.40634 0)
(-0.0160607 6.33618 0)
(0.00158157 2.72935 0)
(0.00569411 2.54778 0)
(-0.015337 5.64121 0)
(-0.0304496 6.99928 0)
(-0.0331801 7.52052 0)
(-0.038757 7.70163 0)
(-0.0422913 7.75674 0)
(-0.0278277 7.74286 0)
(-0.0400744 7.75232 0)
(-0.0243374 7.76616 0)
(-0.0278544 7.77242 0)
(-0.0117254 7.77197 0)
(-0.0167185 7.76351 0)
(0.00341524 7.75411 0)
(-0.00588314 7.75965 0)
(0.0112426 7.73193 0)
(0.000479118 7.69924 0)
(0.00491336 7.63225 0)
(-0.0062447 7.4239 0)
(-0.0141783 6.33139 0)
(0.00251765 2.70597 0)
(0.0055266 2.57153 0)
(-0.0155779 5.70997 0)
(-0.027804 7.04052 0)
(-0.0329852 7.53604 0)
(-0.0363092 7.70423 0)
(-0.0410374 7.75562 0)
(-0.0250232 7.73901 0)
(-0.0377483 7.74768 0)
(-0.0198663 7.75767 0)
(-0.0267372 7.76385 0)
(-0.0108124 7.76485 0)
(-0.0161901 7.75733 0)
(0.00135465 7.74792 0)
(-0.00627322 7.75255 0)
(0.0085787 7.73031 0)
(-8.05033e-05 7.70235 0)
(0.0018615 7.64698 0)
(-0.00507698 7.43885 0)
(-0.0129959 6.32055 0)
(0.003125 2.67886 0)
(0.00679501 2.58034 0)
(-0.0152496 5.7416 0)
(-0.0264368 7.05991 0)
(-0.0335137 7.54311 0)
(-0.0346527 7.70609 0)
(-0.0393293 7.7553 0)
(-0.0240832 7.73745 0)
(-0.0379476 7.74623 0)
(-0.018123 7.7551 0)
(-0.0257619 7.75988 0)
(-0.00781595 7.7603 0)
(-0.0151547 7.7533 0)
(0.00198033 7.74333 0)
(-0.00543983 7.7478 0)
(0.00733846 7.72841 0)
(-0.00091642 7.70341 0)
(0.00208529 7.65423 0)
(-0.00505201 7.44805 0)
(-0.0119089 6.31462 0)
(0.00430072 2.66834 0)
(0.00590718 2.60664 0)
(-0.0158624 5.81969 0)
(-0.021943 7.10701 0)
(-0.0335816 7.55989 0)
(-0.0298651 7.70683 0)
(-0.0375648 7.75184 0)
(-0.0222213 7.7331 0)
(-0.0371669 7.74354 0)
(-0.0166998 7.74894 0)
(-0.0264771 7.75363 0)
(-0.00726012 7.75324 0)
(-0.0148365 7.74435 0)
(-0.00105124 7.73521 0)
(-0.00519184 7.7367 0)
(0.00311448 7.72669 0)
(-0.0012648 7.70617 0)
(-0.00236821 7.66682 0)
(-0.00274715 7.45942 0)
(-0.0107477 6.29781 0)
(0.00415468 2.64614 0)
(-1.2496 3.65553 -1.52043e-21)
(1.22851 4.59252 9.13243e-18)
(0.470203 4.4188 -8.32997e-18)
(0.821305 4.06019 0)
(0.780472 3.81587 0)
(0.744597 3.56877 -1.14045e-17)
(0.728862 3.38317 1.12946e-17)
(0.580693 3.14929 -1.15473e-17)
(0.39594 2.85871 1.80187e-19)
(0.292185 2.23987 1.19736e-17)
(-0.131659 4.10146 -1.81892e-21)
(0.555278 4.1087 7.24453e-19)
(0.288427 3.93156 0)
(0.429726 3.75017 0)
(0.421536 3.55749 3.44192e-19)
(0.396205 3.40541 2.24583e-17)
(0.341562 3.27201 -1.17144e-17)
(0.252621 3.1389 -1.80723e-19)
(0.161989 2.86432 1.75654e-19)
(0.0707995 1.83728 0)
(-0.0655522 3.03041 9.3886e-18)
(0.425902 3.64048 -9.41114e-18)
(0.278237 3.67248 0)
(0.32755 3.51299 1.05815e-17)
(0.299168 3.40979 -5.43033e-21)
(0.267937 3.31175 -1.10561e-17)
(0.220392 3.24693 -1.20017e-17)
(0.165392 3.1976 -9.0206e-22)
(0.130474 3.01541 1.83101e-19)
(0.0284737 2.08482 0)
(-0.102191 2.65831 -4.64702e-18)
(0.181884 3.47671 0)
(0.110028 3.49983 -5.28815e-18)
(0.160394 3.43924 -5.26491e-18)
(0.1542 3.3456 3.5339e-19)
(0.143668 3.2845 -6.14829e-18)
(0.126262 3.23515 5.90134e-18)
(0.101373 3.18548 -1.82361e-19)
(0.0825361 3.05097 2.79756e-19)
(0.035442 2.16439 6.1839e-18)
(-0.0254429 2.42483 -4.87667e-18)
(0.145873 3.28168 0)
(0.101947 3.3655 1.05612e-17)
(0.126863 3.31734 -5.73353e-18)
(0.110297 3.26868 -1.9542e-21)
(0.0966238 3.23304 3.36646e-19)
(0.084421 3.21637 -1.40653e-20)
(0.0716882 3.20226 -6.0405e-18)
(0.0750755 3.08459 1.84138e-19)
(0.0119591 2.26284 -1.2627e-17)
(-0.0328372 2.29944 0)
(0.0477624 3.21198 -5.12811e-18)
(0.017528 3.31301 -1.2085e-19)
(0.0469209 3.28764 -3.42773e-19)
(0.0494923 3.25493 3.48935e-19)
(0.0512783 3.22835 5.73742e-18)
(0.0502799 3.2042 5.98995e-18)
(0.0476806 3.18551 1.18548e-17)
(0.0563616 3.09491 5.99349e-18)
(0.0189017 2.32409 -9.1635e-21)
(-0.0319674 2.26705 0)
(0.032939 3.14287 5.23501e-18)
(0.0141827 3.24551 -5.43957e-18)
(0.0326905 3.22761 -3.44282e-19)
(0.0344338 3.20626 7.07716e-19)
(0.0355341 3.19061 7.00384e-22)
(0.0387595 3.18383 -3.76664e-19)
(0.0366071 3.18066 -6.15187e-18)
(0.0525839 3.10396 -5.81445e-18)
(0.00815148 2.40245 -1.19813e-20)
(-0.0404276 2.26776 5.42879e-18)
(-0.00832372 3.12066 -2.48307e-19)
(-0.0179424 3.21801 1.71535e-19)
(-0.00424678 3.21029 0)
(0.0062782 3.19293 0)
(0.0140313 3.18034 0)
(0.0240425 3.16937 0)
(0.0305473 3.16036 6.1953e-18)
(0.045916 3.10505 -6.11373e-18)
(0.0165125 2.45523 6.4317e-18)
(-0.0465163 2.35008 1.13969e-19)
(-0.0186876 3.10153 5.24124e-18)
(-0.0105667 3.17872 0)
(-0.00383709 3.1702 -3.52412e-19)
(0.00666742 3.15862 3.6085e-19)
(0.0150773 3.15039 0)
(0.0234012 3.14898 -1.90109e-19)
(0.0257127 3.15043 -6.01358e-18)
(0.0432318 3.10265 6.34945e-18)
(0.0112606 2.52756 0)
(-0.0432613 2.40637 -6.02284e-20)
(-0.0320805 3.09658 -7.96307e-18)
(-0.0260156 3.15728 0)
(-0.0179449 3.15239 0)
(-0.00811477 3.14288 3.64891e-19)
(0.00275126 3.13591 -2.99136e-18)
(0.0146296 3.12894 -3.81722e-19)
(0.0225898 3.12486 3.13048e-18)
(0.0400983 3.09308 0)
(0.0204541 2.577 0)
(-0.0393752 2.51056 -7.99234e-18)
(-0.0349565 3.08714 2.72932e-18)
(-0.01514 3.1265 0)
(-0.00882801 3.11789 0)
(-0.000649662 3.10938 0)
(0.00725829 3.10405 5.9954e-18)
(0.0153301 3.1062 0)
(0.0195559 3.11014 -3.33463e-18)
(0.0382103 3.08793 2.01132e-19)
(0.0147964 2.65201 3.29345e-18)
(-0.0375867 2.58003 2.73792e-18)
(-0.0399111 3.07763 -2.564e-19)
(-0.0306247 3.10328 2.97247e-18)
(-0.0220282 3.09618 2.86305e-18)
(-0.0128057 3.08927 0)
(-0.000416609 3.08583 -3.00238e-18)
(0.0129747 3.08165 0)
(0.0217594 3.08277 0)
(0.0388048 3.0722 0)
(0.0231296 2.70585 -3.30874e-18)
(-0.0359956 2.68852 -2.58298e-18)
(-0.0419259 3.06266 2.65461e-18)
(-0.0212651 3.07198 -2.797e-18)
(-0.0117197 3.0625 -4.30333e-18)
(-0.00162443 3.05724 0)
(0.00806093 3.05413 3.77421e-19)
(0.0167892 3.05917 -1.93538e-19)
(0.0246569 3.06397 1.3934e-18)
(0.0419413 3.06038 1.73559e-18)
(0.0202924 2.77946 -1.77665e-18)
(-0.0331836 2.76702 2.65252e-18)
(-0.0470096 3.0463 -2.55794e-18)
(-0.0337519 3.04785 1.75346e-19)
(-0.0212152 3.04132 1.06783e-18)
(-0.0114226 3.03628 -1.45584e-18)
(2.18494e-05 3.03509 0)
(0.0143893 3.03081 1.55835e-18)
(0.0254003 3.03361 4.96365e-21)
(0.0437705 3.03686 -3.28061e-18)
(0.0288882 2.83284 -6.492e-21)
(-0.0314067 2.85827 -6.68954e-19)
(-0.0431873 3.02057 1.70466e-19)
(-0.0239816 3.01658 -8.75361e-19)
(-0.0119126 3.01393 3.57094e-19)
(-0.00240218 3.01367 1.77213e-18)
(0.0059833 3.01319 -7.32649e-19)
(0.0131919 3.01551 -7.64616e-19)
(0.0225619 3.01794 -7.92572e-19)
(0.0419505 3.02084 1.64922e-18)
(0.0247685 2.89948 8.43563e-19)
(-0.0162317 2.93951 5.39009e-19)
(-0.0268528 3.0014 2.37226e-19)
(-0.015359 3.00215 4.85003e-19)
(-0.00895967 3.00118 -9.94943e-19)
(-0.00381399 3.00242 3.32981e-19)
(0.000815675 3.0021 6.852e-19)
(0.00643897 3.00066 -7.0652e-19)
(0.0116084 2.999 -7.3186e-19)
(0.0217073 2.99787 9.50847e-20)
(0.0165958 2.95018 6.81261e-19)
)
;

boundaryField
{
    wall-4
    {
        type            noSlip;
    }
    pressure-outlet-7
    {
        type            zeroGradient;
    }
    velocity-inlet-6
    {
        type            fixedValue;
        value           uniform (0 3 0);
    }
    velocity-inlet-5
    {
        type            parabolicVelocity;
        maxValue        10;
        n               (1 0 0);
        y               (0 1 0);
        value           nonuniform List<vector> 
20
(
(0.381518 0 0)
(1.19474 0 0)
(2.1232 0 0)
(3.16908 0 0)
(4.32585 0 0)
(5.57242 0 0)
(6.86447 0 0)
(8.12141 0 0)
(9.20707 0 0)
(9.90123 0 0)
(9.90123 0 0)
(9.20707 0 0)
(8.12141 0 0)
(6.86447 0 0)
(5.57242 0 0)
(4.32585 0 0)
(3.16908 0 0)
(2.1232 0 0)
(1.19474 0 0)
(0.381518 0 0)
)
;
    }
    frontAndBackPlanes
    {
        type            empty;
    }
}


// ************************************************************************* //
