/*--------------------------------*- C++ -*----------------------------------*\
| =========                 |                                                 |
| \\      /  F ield         | OpenFOAM: The Open Source CFD Toolbox           |
|  \\    /   O peration     | Version:  2412                                  |
|   \\  /    A nd           | Website:  www.openfoam.com                      |
|    \\/     M anipulation  |                                                 |
\*---------------------------------------------------------------------------*/
FoamFile
{
    version     2.0;
    format      ascii;
    arch        "LSB;label=32;scalar=64";
    class       volVectorField;
    location    "4.5";
    object      U;
}
// * * * * * * * * * * * * * * * * * * * * * * * * * * * * * * * * * * * * * //

dimensions      [0 1 -1 0 0 0 0];

internalField   nonuniform List<vector> 
2200
(
(0.372642 -0.000363426 0)
(1.19257 -0.00116445 0)
(2.122 0.000472021 0)
(3.16847 0.000787713 0)
(4.32512 0.00171563 0)
(5.57252 0.00178767 0)
(6.86496 0.00277147 0)
(8.12145 0.00328069 0)
(9.20667 0.00364678 0)
(9.90084 0.0031696 0)
(9.90099 0.00236189 0)
(9.20693 0.00176763 0)
(8.12139 0.0014985 0)
(6.86434 0.00118454 0)
(5.57215 0.00103314 0)
(4.32531 0.0010055 0)
(3.16809 0.000755645 0)
(2.12191 0.000823947 0)
(1.19186 0.00219685 0)
(0.371137 0.000676251 0)
(0.374575 0.00331395 0)
(1.18717 5.21856e-05 0)
(2.1223 0.00231159 0)
(3.16922 0.0032627 0)
(4.32627 0.00507334 0)
(5.57108 0.00803897 0)
(6.86397 0.00846982 0)
(8.12105 0.00922065 0)
(9.20664 0.00992724 0)
(9.89947 0.00936904 0)
(9.89935 0.0077485 0)
(9.20504 0.00579427 0)
(8.11909 0.00451611 0)
(6.86208 0.00300133 0)
(5.56992 0.00204359 0)
(4.32347 0.0014511 0)
(3.16645 0.00113752 0)
(2.11765 0.000631915 0)
(1.1827 0.00188169 0)
(0.370349 -0.00305056 0)
(0.385087 0.00641932 0)
(1.18742 0.00457029 0)
(2.125 0.00685259 0)
(3.17275 0.00783886 0)
(4.328 0.0109169 0)
(5.57403 0.013966 0)
(6.86367 0.0150102 0)
(8.1189 0.0159766 0)
(9.20419 0.0157734 0)
(9.89611 0.0146719 0)
(9.89558 0.0122588 0)
(9.20107 0.00947929 0)
(8.1155 0.00569385 0)
(6.8589 0.00356806 0)
(5.56766 0.000872843 0)
(4.32105 -3.84869e-05 0)
(3.16461 -0.000337483 0)
(2.11553 -0.00195604 0)
(1.17618 -0.00186515 0)
(0.376526 -0.00608008 0)
(0.415003 0.00812723 0)
(1.19427 0.0118115 0)
(2.1345 0.0149581 0)
(3.1794 0.0178252 0)
(4.33127 0.0225998 0)
(5.57674 0.0214711 0)
(6.86497 0.0241403 0)
(8.11912 0.0243369 0)
(9.20358 0.0245971 0)
(9.89188 0.021593 0)
(9.89202 0.0159786 0)
(9.19662 0.00998985 0)
(8.11047 0.00576422 0)
(6.85465 0.00101695 0)
(5.56355 -0.00162411 0)
(4.31807 -0.0054314 0)
(3.16434 -0.00501811 0)
(2.11742 -0.00555327 0)
(1.17471 -0.00781608 0)
(0.399837 -0.00622988 0)
(0.461148 0.00608187 0)
(1.21132 0.0216626 0)
(2.15687 0.0209797 0)
(3.19434 0.0326411 0)
(4.34511 0.0317901 0)
(5.58157 0.0334184 0)
(6.86684 0.0326997 0)
(8.11768 0.0317184 0)
(9.20065 0.0302009 0)
(9.88651 0.0259423 0)
(9.88497 0.0200357 0)
(9.18933 0.013062 0)
(8.10394 0.00487315 0)
(6.84874 -0.00117392 0)
(5.55888 -0.00635996 0)
(4.3185 -0.00984715 0)
(3.16258 -0.0157714 0)
(2.12323 -0.0107665 0)
(1.18036 -0.0168585 0)
(0.432102 -0.0046167 0)
(0.514128 0.00233501 0)
(1.24895 0.0293741 0)
(2.17244 0.0260277 0)
(3.20621 0.040261 0)
(4.36271 0.0414656 0)
(5.59655 0.0484219 0)
(6.87675 0.0448918 0)
(8.12145 0.0435946 0)
(9.20154 0.039657 0)
(9.88077 0.0331834 0)
(9.87908 0.0235387 0)
(9.18299 0.0133396 0)
(8.09903 0.00184114 0)
(6.847 -0.00719314 0)
(5.56028 -0.0163087 0)
(4.3205 -0.0177448 0)
(3.1626 -0.0211658 0)
(2.12202 -0.0167183 0)
(1.20221 -0.0244726 0)
(0.477585 -0.00109375 0)
(0.56858 0.00129493 0)
(1.31784 0.0337949 0)
(2.1755 0.0350297 0)
(3.22158 0.0409916 0)
(4.37373 0.0521105 0)
(5.60776 0.0575805 0)
(6.88546 0.058592 0)
(8.12645 0.0555207 0)
(9.20305 0.0498161 0)
(9.87558 0.0401155 0)
(9.87226 0.0258171 0)
(9.17576 0.0109528 0)
(8.09449 -0.00258127 0)
(6.84261 -0.012933 0)
(5.55649 -0.0196605 0)
(4.31452 -0.022713 0)
(3.16129 -0.0211646 0)
(2.11113 -0.0237654 0)
(1.25499 -0.0277127 0)
(0.517794 0.000572664 0)
(0.625966 0.00437214 0)
(1.39097 0.0333788 0)
(2.17215 0.0456834 0)
(3.24121 0.037554 0)
(4.37929 0.055715 0)
(5.6165 0.0604177 0)
(6.89161 0.0655575 0)
(8.13144 0.0660988 0)
(9.20566 0.06062 0)
(9.8691 0.0479571 0)
(9.86497 0.0308635 0)
(9.16865 0.0111494 0)
(8.08678 -0.00484958 0)
(6.83395 -0.0120046 0)
(5.54916 -0.0175152 0)
(4.30508 -0.0217431 0)
(3.15883 -0.0178118 0)
(2.08497 -0.030547 0)
(1.3116 -0.0265371 0)
(0.559958 -0.00229752 0)
(0.690984 0.00777766 0)
(1.46912 0.0313909 0)
(2.17566 0.0550762 0)
(3.26277 0.0374418 0)
(4.39007 0.0554082 0)
(5.62573 0.0617718 0)
(6.89621 0.0724426 0)
(8.13361 0.0761179 0)
(9.20592 0.0729995 0)
(9.85988 0.0571225 0)
(9.85435 0.0326637 0)
(9.1588 0.00902718 0)
(8.07567 -0.00663141 0)
(6.82308 -0.0134279 0)
(5.53973 -0.01652 0)
(4.29734 -0.0245159 0)
(3.15347 -0.0159852 0)
(2.06617 -0.038783 0)
(1.37158 -0.0235329 0)
(0.608389 -0.00581599 0)
(0.760385 0.0108656 0)
(1.55041 0.0311121 0)
(2.18927 0.0659603 0)
(3.27663 0.0469144 0)
(4.40783 0.0647579 0)
(5.63327 0.071933 0)
(6.89856 0.0826818 0)
(8.12984 0.0866631 0)
(9.20009 0.0849084 0)
(9.84661 0.0674927 0)
(9.83914 0.0374911 0)
(9.14002 0.0103506 0)
(8.05419 -0.0049177 0)
(6.8051 -0.0166345 0)
(5.52628 -0.0209836 0)
(4.29508 -0.0317619 0)
(3.1486 -0.0210315 0)
(2.06078 -0.0502655 0)
(1.43467 -0.0220794 0)
(0.66007 -0.0085948 0)
(0.846555 0.0140038 0)
(1.65285 0.0376106 0)
(2.22681 0.0827774 0)
(3.29935 0.0792264 0)
(4.45369 0.0931955 0)
(5.64539 0.0980743 0)
(6.89804 0.0992304 0)
(8.11385 0.0988432 0)
(9.18006 0.0965767 0)
(9.81565 0.0765986 0)
(9.80651 0.0433431 0)
(9.10484 0.0126668 0)
(8.02385 -0.00717035 0)
(6.78366 -0.0240851 0)
(5.51109 -0.0397813 0)
(4.3034 -0.0479601 0)
(3.13599 -0.0452044 0)
(2.07211 -0.0659668 0)
(1.50711 -0.0275273 0)
(0.720794 -0.0116048 0)
(0.943689 0.0186646 0)
(1.76543 0.0451209 0)
(2.30565 0.108559 0)
(3.31338 0.112664 0)
(4.49308 0.132264 0)
(5.65817 0.136885 0)
(6.89727 0.129056 0)
(8.09787 0.124068 0)
(9.15565 0.113131 0)
(9.77502 0.0879102 0)
(9.76466 0.049133 0)
(9.06372 0.0130889 0)
(7.98333 -0.017078 0)
(6.7549 -0.0423136 0)
(5.49595 -0.07039 0)
(4.31437 -0.0810323 0)
(3.12079 -0.08264 0)
(2.12091 -0.0885923 0)
(1.60473 -0.0360925 0)
(0.803657 -0.0152692 0)
(1.08643 0.020986 0)
(1.92544 0.0549735 0)
(2.41345 0.126393 0)
(3.34763 0.145408 0)
(4.51962 0.160494 0)
(5.67472 0.176345 0)
(6.89615 0.165205 0)
(8.07992 0.156363 0)
(9.12435 0.135983 0)
(9.72198 0.103815 0)
(9.7086 0.0553381 0)
(9.0104 0.00907214 0)
(7.94439 -0.0358517 0)
(6.72426 -0.0665722 0)
(5.47712 -0.0968647 0)
(4.29841 -0.101441 0)
(3.11176 -0.109174 0)
(2.19861 -0.10339 0)
(1.72043 -0.0411758 0)
(0.904763 -0.0166061 0)
(1.21753 0.0237907 0)
(2.07459 0.0565174 0)
(2.5389 0.139723 0)
(3.39725 0.170473 0)
(4.54686 0.186898 0)
(5.70413 0.204772 0)
(6.90543 0.211457 0)
(8.07519 0.198325 0)
(9.09753 0.169819 0)
(9.66468 0.125777 0)
(9.64621 0.0597251 0)
(8.96254 -0.00225517 0)
(7.90654 -0.0547142 0)
(6.69397 -0.0943348 0)
(5.46432 -0.114652 0)
(4.27881 -0.122874 0)
(3.12462 -0.132213 0)
(2.29724 -0.114358 0)
(1.85896 -0.0448115 0)
(1.02301 -0.0176645 0)
(1.41177 0.0241395 0)
(2.28918 0.0686367 0)
(2.70264 0.156505 0)
(3.47958 0.201683 0)
(4.58192 0.221042 0)
(5.74116 0.236773 0)
(6.91763 0.257 0)
(8.07698 0.243725 0)
(9.08751 0.213542 0)
(9.62475 0.154188 0)
(9.60449 0.0605329 0)
(8.92446 -0.0215442 0)
(7.86913 -0.0779404 0)
(6.66425 -0.122794 0)
(5.45825 -0.130937 0)
(4.26437 -0.152432 0)
(3.15834 -0.151916 0)
(2.41314 -0.121498 0)
(2.00993 -0.047581 0)
(1.14671 -0.0184912 0)
(1.5632 0.0257722 0)
(2.47777 0.067012 0)
(2.87202 0.167371 0)
(3.57908 0.226383 0)
(4.63301 0.27056 0)
(5.78916 0.27237 0)
(6.92518 0.292391 0)
(8.07181 0.283009 0)
(9.07316 0.255535 0)
(9.58828 0.184843 0)
(9.56303 0.0686214 0)
(8.87925 -0.0267156 0)
(7.813 -0.0846615 0)
(6.61979 -0.136159 0)
(5.44236 -0.150697 0)
(4.25047 -0.184723 0)
(3.2119 -0.172868 0)
(2.54902 -0.136273 0)
(2.18395 -0.0526364 0)
(1.28651 -0.018212 0)
(1.79831 0.028807 0)
(2.74123 0.0847204 0)
(3.08778 0.188914 0)
(3.70913 0.253308 0)
(4.68672 0.30672 0)
(5.82629 0.311116 0)
(6.92287 0.327841 0)
(8.04342 0.308193 0)
(9.02809 0.278266 0)
(9.51543 0.211562 0)
(9.48418 0.0883279 0)
(8.79818 -0.00569597 0)
(7.72558 -0.0747071 0)
(6.56069 -0.140932 0)
(5.41591 -0.175069 0)
(4.23912 -0.216081 0)
(3.27994 -0.184736 0)
(2.70216 -0.138918 0)
(2.36527 -0.0525787 0)
(1.41828 -0.0161874 0)
(1.98523 0.0265695 0)
(2.9783 0.0779746 0)
(3.31155 0.195906 0)
(3.86371 0.274687 0)
(4.76658 0.351193 0)
(5.86576 0.366012 0)
(6.93033 0.371542 0)
(8.00763 0.352646 0)
(8.94439 0.314542 0)
(9.38189 0.246751 0)
(9.34164 0.110454 0)
(8.67158 0.0109947 0)
(7.6235 -0.0793621 0)
(6.48995 -0.154181 0)
(5.36552 -0.201731 0)
(4.23641 -0.235728 0)
(3.37268 -0.200472 0)
(2.87682 -0.148841 0)
(2.56942 -0.0568571 0)
(1.56513 -0.0138993 0)
(2.23942 0.0339029 0)
(3.28129 0.0984408 0)
(3.57217 0.218818 0)
(4.04998 0.303496 0)
(4.86261 0.392547 0)
(5.90978 0.41656 0)
(6.94936 0.43428 0)
(7.99521 0.427709 0)
(8.86943 0.383424 0)
(9.25254 0.297725 0)
(9.20312 0.127013 0)
(8.55414 0.00279911 0)
(7.53351 -0.100992 0)
(6.41817 -0.177616 0)
(5.31056 -0.234523 0)
(4.2508 -0.263759 0)
(3.48579 -0.208708 0)
(3.06792 -0.149296 0)
(2.77844 -0.0536876 0)
(1.69467 -0.00940997 0)
(2.4929 0.0290465 0)
(3.5764 0.0951167 0)
(3.8602 0.230874 0)
(4.26991 0.334236 0)
(4.99958 0.438136 0)
(5.96994 0.488094 0)
(6.98655 0.510422 0)
(8.01105 0.511172 0)
(8.817 0.467198 0)
(9.15497 0.358878 0)
(9.0899 0.151106 0)
(8.44788 -0.00616071 0)
(7.44391 -0.114919 0)
(6.34089 -0.201937 0)
(5.25545 -0.264876 0)
(4.28779 -0.281256 0)
(3.62422 -0.223944 0)
(3.27798 -0.152887 0)
(3.0129 -0.0537147 0)
(1.81893 -0.00223922 0)
(2.74981 0.0363465 0)
(3.93231 0.111665 0)
(4.17935 0.253272 0)
(4.52573 0.366191 0)
(5.1655 0.491976 0)
(6.05419 0.559137 0)
(7.03261 0.590213 0)
(8.01443 0.594793 0)
(8.74774 0.54679 0)
(9.04358 0.422197 0)
(8.95906 0.191485 0)
(8.32723 0.0113156 0)
(7.33591 -0.111746 0)
(6.24799 -0.219362 0)
(5.20831 -0.289367 0)
(4.34237 -0.289185 0)
(3.77953 -0.217952 0)
(3.5098 -0.140922 0)
(3.24654 -0.0391158 0)
(1.90321 0.00573393 0)
(3.09162 0.0353714 0)
(4.29375 0.118403 0)
(4.54157 0.270345 0)
(4.82103 0.404162 0)
(5.37394 0.546007 0)
(6.16772 0.639302 0)
(7.08424 0.691135 0)
(8.00693 0.690878 0)
(8.64403 0.630296 0)
(8.88345 0.496843 0)
(8.76912 0.241111 0)
(8.15241 0.047798 0)
(7.18575 -0.10885 0)
(6.13071 -0.236083 0)
(5.16805 -0.298457 0)
(4.42252 -0.289475 0)
(3.96233 -0.212679 0)
(3.74809 -0.126516 0)
(3.48089 -0.0306028 0)
(1.9482 0.0180923 0)
(3.3664 0.0473216 0)
(4.71246 0.133887 0)
(4.92813 0.305737 0)
(5.15491 0.448874 0)
(5.61926 0.613695 0)
(6.30301 0.74 0)
(7.14005 0.812695 0)
(7.98454 0.807462 0)
(8.51395 0.726777 0)
(8.6993 0.594017 0)
(8.55535 0.301269 0)
(7.95506 0.0984534 0)
(7.02202 -0.108715 0)
(6.01836 -0.255216 0)
(5.14627 -0.29703 0)
(4.52857 -0.277558 0)
(4.15907 -0.200783 0)
(3.99816 -0.119534 0)
(3.71418 -0.0188181 0)
(1.94478 0.0235214 0)
(3.84864 0.0513116 0)
(5.16037 0.164643 0)
(5.37971 0.334662 0)
(5.53841 0.510938 0)
(5.91597 0.702749 0)
(6.48664 0.856051 0)
(7.21413 0.952859 0)
(7.95547 0.939623 0)
(8.38344 0.847111 0)
(8.52789 0.701084 0)
(8.337 0.374253 0)
(7.73006 0.151171 0)
(6.82022 -0.100103 0)
(5.89502 -0.24906 0)
(5.13801 -0.279479 0)
(4.64025 -0.24493 0)
(4.35454 -0.162699 0)
(4.22443 -0.0817335 0)
(3.95902 -0.0147741 0)
(1.92749 0.0305965 0)
(4.19293 0.0764006 0)
(5.66964 0.186045 0)
(5.84397 0.401968 0)
(5.95151 0.596938 0)
(6.23663 0.811417 0)
(6.6851 0.987284 0)
(7.28092 1.1035 0)
(7.91074 1.09259 0)
(8.24924 0.989622 0)
(8.34622 0.821213 0)
(8.1027 0.473118 0)
(7.48736 0.224134 0)
(6.61461 -0.053155 0)
(5.7993 -0.193256 0)
(5.16886 -0.222496 0)
(4.77968 -0.169818 0)
(4.55131 -0.0978422 0)
(4.4333 -0.0276072 0)
(4.09228 0.0612054 0)
(1.86016 0.0364639 0)
(4.98688 0.123913 0)
(6.21347 0.293847 0)
(6.36546 0.515642 0)
(6.39532 0.744966 0)
(6.58604 0.979769 1.15083e-33)
(6.90547 1.16308 -1.01356e-33)
(7.36866 1.28312 0)
(7.86757 1.26772 0)
(8.10738 1.15853 0)
(8.14417 0.959291 0)
(7.84414 0.591819 0)
(7.21057 0.303126 0)
(6.38496 0.0214888 0)
(5.69041 -0.102642 0)
(5.18958 -0.106402 0)
(4.88995 -0.0605212 0)
(4.72969 0.0198487 0)
(4.63772 0.0663104 0)
(4.06291 0.102802 0)
(1.54357 0.0561314 0)
(5.71 0.297393 -2.98172e-19)
(6.78272 0.429102 2.4892e-19)
(6.83963 0.742521 0)
(6.79786 0.988267 -1.34649e-20)
(6.91019 1.202 1.08588e-20)
(7.11305 1.37982 1.07461e-33)
(7.44902 1.49611 0)
(7.79812 1.47203 1.47839e-19)
(7.94604 1.35126 -5.74492e-19)
(7.88941 1.12748 1.30237e-19)
(7.52539 0.748659 0)
(6.88814 0.432443 -4.9134e-19)
(6.17286 0.185558 -5.99951e-19)
(5.64567 0.0927957 1.04632e-18)
(5.29156 0.0914386 -8.42573e-19)
(5.06884 0.119976 0)
(4.92056 0.158172 -3.23107e-19)
(4.73763 0.173148 0)
(3.97656 0.175821 -1.66532e-18)
(1.24374 0.0739189 2.01849e-18)
(6.13539 0.585782 -5.93049e-20)
(7.22491 0.754367 -1.7539e-18)
(7.23532 1.06173 4.3094e-19)
(7.14222 1.26292 6.38404e-19)
(7.17677 1.45612 3.29757e-20)
(7.29468 1.62303 -2.48149e-20)
(7.49923 1.73056 0)
(7.68865 1.71284 0)
(7.75599 1.58321 9.63244e-19)
(7.60877 1.34305 0)
(7.19354 0.974461 1.73877e-18)
(6.59112 0.654011 5.35821e-19)
(5.99972 0.447242 -4.06306e-21)
(5.58254 0.370244 -1.23986e-18)
(5.29197 0.3598 0)
(5.11625 0.374088 0)
(5.01222 0.404767 -5.61303e-18)
(4.8322 0.402754 1.418e-17)
(3.96861 0.325204 -8.32884e-18)
(1.21106 0.117568 -9.8682e-18)
(6.42794 0.925519 2.33347e-18)
(7.61594 1.26381 -8.3593e-19)
(7.58127 1.4578 -2.1565e-19)
(7.43471 1.59233 -1.21819e-18)
(7.39638 1.74268 4.3378e-19)
(7.42685 1.89271 1.78239e-19)
(7.50461 1.97365 7.8982e-20)
(7.57219 1.96777 0)
(7.56019 1.83189 -2.0966e-18)
(7.34888 1.57966 2.51028e-18)
(6.90915 1.23043 -4.7778e-18)
(6.36574 0.930675 2.34849e-18)
(5.88624 0.761326 -1.71567e-18)
(5.57093 0.699196 3.75085e-18)
(5.36313 0.684365 0)
(5.19839 0.680914 -1.45848e-18)
(5.05109 0.686477 0)
(4.80275 0.67462 8.28925e-18)
(3.94233 0.498097 -1.96548e-17)
(1.31583 0.22826 1.23656e-17)
(6.59837 1.26712 -1.04549e-17)
(7.86218 1.73385 5.73085e-18)
(7.84117 1.87499 8.58627e-19)
(7.66449 1.96015 0)
(7.56807 2.06625 6.82472e-19)
(7.50889 2.18443 -7.30094e-19)
(7.48802 2.24177 -1.40984e-19)
(7.46156 2.22549 0)
(7.37272 2.08751 1.50203e-18)
(7.11174 1.83017 -1.71929e-18)
(6.66433 1.5016 4.28398e-18)
(6.16874 1.22896 0)
(5.75102 1.07619 -3.63725e-18)
(5.44748 1.00019 2.00325e-18)
(5.21417 0.959673 5.3879e-18)
(5.06978 0.925372 -4.75092e-18)
(4.95607 0.913491 7.84073e-18)
(4.78788 0.931717 -1.74433e-17)
(4.00319 0.70864 1.1086e-17)
(1.48613 0.333383 -1.39971e-17)
(6.66901 1.51595 6.55145e-18)
(8.06652 2.25217 -6.61178e-18)
(8.02689 2.30374 2.69665e-18)
(7.83005 2.34049 -3.70423e-18)
(7.68441 2.41135 2.49753e-18)
(7.55564 2.4941 -4.00947e-19)
(7.45922 2.52227 9.96266e-20)
(7.35168 2.48541 -1.01967e-18)
(7.1971 2.34353 -1.59869e-18)
(6.89571 2.08705 -3.81368e-18)
(6.4528 1.77507 -9.26465e-18)
(6.00018 1.52623 -3.11675e-18)
(5.6438 1.38411 9.25782e-20)
(5.40392 1.31795 -7.23837e-18)
(5.23613 1.27741 -2.40563e-19)
(5.08734 1.27367 7.01896e-18)
(4.95248 1.20753 -2.18344e-18)
(4.71503 1.17638 -1.27137e-18)
(3.93906 0.89684 0)
(1.61609 0.441245 3.02746e-17)
(6.66682 1.79078 0)
(8.12324 2.69629 1.86984e-18)
(8.14414 2.6934 0)
(7.93134 2.71771 -4.27822e-19)
(7.7541 2.76189 -3.04213e-18)
(7.57933 2.81004 6.51161e-19)
(7.42082 2.8089 5.69541e-20)
(7.24775 2.74911 1.86581e-18)
(7.03829 2.59889 -1.01427e-18)
(6.70129 2.34458 1.63445e-18)
(6.26792 2.0429 5.00872e-18)
(5.84422 1.81391 6.89444e-18)
(5.51122 1.66875 -4.29524e-18)
(5.25578 1.5774 7.87857e-18)
(5.05938 1.49827 -6.31264e-18)
(4.93741 1.43679 0)
(4.8289 1.3699 -1.68083e-17)
(4.65746 1.36464 2.25407e-17)
(4.00344 1.09868 1.72131e-18)
(1.76373 0.5665 -3.22685e-17)
(6.65739 2.04452 -7.14019e-19)
(8.18948 3.12605 -5.47805e-18)
(8.21801 3.05618 -1.48878e-17)
(7.98838 3.07999 8.24913e-18)
(7.782 3.10542 -1.78053e-18)
(7.57 3.1224 9.5862e-19)
(7.36365 3.09403 -2.4436e-19)
(7.14357 3.0103 -1.86254e-19)
(6.88985 2.8496 -3.5238e-18)
(6.5252 2.59676 1.12642e-20)
(6.10113 2.30168 -5.45826e-18)
(5.69863 2.08207 -7.33003e-18)
(5.3998 1.92879 4.81294e-18)
(5.20101 1.8332 -2.8438e-18)
(5.06916 1.76079 6.8706e-18)
(4.93135 1.75513 0)
(4.81696 1.66182 -1.04132e-17)
(4.60367 1.64231 1.54011e-17)
(3.93061 1.30137 2.99142e-17)
(1.82603 0.669836 -3.50936e-17)
(6.57659 2.29506 -2.62761e-17)
(8.17201 3.49338 1.28083e-17)
(8.25368 3.38088 9.60177e-18)
(8.00041 3.42635 -8.93065e-18)
(7.77042 3.43613 4.57523e-19)
(7.53205 3.4272 2.44413e-18)
(7.29458 3.37141 -1.64734e-19)
(7.04213 3.26439 -7.92992e-19)
(6.75409 3.093 -2.26598e-18)
(6.36753 2.84038 3.81131e-18)
(5.95367 2.54721 5.17444e-18)
(5.57604 2.3291 1.14971e-17)
(5.29894 2.16879 0)
(5.07582 2.05129 2.03496e-19)
(4.89279 1.94212 -1.9017e-17)
(4.76979 1.87832 4.34952e-18)
(4.67966 1.78156 2.23269e-17)
(4.50601 1.77096 -6.46514e-18)
(3.91257 1.47753 1.4355e-17)
(1.81354 0.766329 -1.08844e-18)
(6.48783 2.55352 8.93283e-19)
(8.17196 3.82061 1.18646e-17)
(8.24541 3.69679 7.16977e-18)
(7.96741 3.75382 -1.54991e-17)
(7.72053 3.74746 9.70859e-18)
(7.46925 3.71286 -2.90199e-18)
(7.21563 3.6339 9.02574e-20)
(6.93953 3.50852 1.79501e-18)
(6.62525 3.32728 3.9279e-18)
(6.22217 3.0723 -4.91957e-18)
(5.81591 2.7793 0)
(5.44872 2.55767 -4.48434e-18)
(5.17904 2.38453 5.14424e-18)
(4.99364 2.26276 6.89617e-18)
(4.88011 2.16969 -3.94448e-18)
(4.74585 2.14424 -9.98675e-18)
(4.63638 2.04314 -3.04118e-18)
(4.43422 2.00992 -3.86896e-20)
(3.84853 1.61981 0)
(1.77517 0.835188 0)
(6.38619 2.77225 -1.28364e-17)
(8.11078 4.14504 0)
(8.213 3.98241 8.0055e-18)
(7.89707 4.05776 -3.6955e-18)
(7.64576 4.02985 -9.60055e-18)
(7.39417 3.97474 2.71294e-18)
(7.1309 3.87951 -4.92972e-21)
(6.83599 3.74088 -9.39785e-19)
(6.50424 3.55006 2.63875e-18)
(6.08891 3.29191 -1.98935e-18)
(5.68927 2.99773 2.88469e-18)
(5.33606 2.76898 1.38804e-17)
(5.0781 2.5872 5.24701e-19)
(4.86718 2.44669 -7.00227e-18)
(4.68782 2.32016 1.35506e-17)
(4.56233 2.23837 1.82453e-19)
(4.48161 2.12627 3.24429e-18)
(4.31795 2.1051 -1.59325e-17)
(3.77292 1.76471 1.63847e-17)
(1.72595 0.882236 -1.78349e-17)
(6.26242 2.96671 -1.43984e-20)
(8.04506 4.40786 0)
(8.13198 4.26594 0)
(7.80557 4.34104 3.17527e-18)
(7.56269 4.28313 3.70652e-18)
(7.31008 4.21131 -1.94556e-18)
(7.03645 4.10547 1.00057e-18)
(6.72928 3.95804 0)
(6.38681 3.75956 -4.22393e-18)
(5.96241 3.49818 7.19496e-18)
(5.56618 3.20287 8.66115e-18)
(5.21027 2.96619 -5.2324e-18)
(4.94316 2.77563 -6.52735e-18)
(4.75193 2.6306 1.54081e-17)
(4.63707 2.51219 -4.78462e-18)
(4.5192 2.4542 -5.82045e-18)
(4.42848 2.34833 -3.54727e-18)
(4.24587 2.2778 -1.72501e-17)
(3.7041 1.88029 2.3325e-18)
(1.66875 0.923984 1.91993e-17)
(6.1307 3.155 -5.11118e-18)
(7.94234 4.70876 -7.07552e-18)
(8.04272 4.5371 9.54939e-19)
(7.70695 4.60469 8.60041e-20)
(7.47543 4.51734 1.01765e-18)
(7.22218 4.43002 -5.05858e-18)
(6.93969 4.3149 0)
(6.62405 4.16017 8.36937e-19)
(6.27411 3.95469 -6.5855e-19)
(5.84259 3.69084 1.15533e-17)
(5.44509 3.39535 -2.20153e-18)
(5.08854 3.15062 2.38786e-18)
(4.82634 2.94703 0)
(4.62289 2.7828 -8.40643e-18)
(4.45012 2.63737 1.04426e-17)
(4.32941 2.53386 0)
(4.25023 2.40925 -7.83896e-18)
(4.08567 2.36187 2.2875e-17)
(3.59045 1.98418 2.78394e-18)
(1.59141 0.949682 -2.36913e-17)
(5.99624 3.30744 -1.06947e-17)
(7.84808 4.94371 1.30575e-17)
(7.94728 4.78927 0)
(7.60881 4.84523 7.55399e-18)
(7.39161 4.72848 0)
(7.13104 4.63173 4.66349e-18)
(6.84001 4.50858 0)
(6.51913 4.34718 0)
(6.16357 4.13595 -1.50093e-18)
(5.72584 3.87051 -1.12018e-17)
(5.3256 3.57559 -1.61047e-17)
(4.96471 3.32573 2.98475e-18)
(4.69437 3.11621 1.10553e-17)
(4.4989 2.94939 9.3864e-18)
(4.38112 2.80416 -3.3379e-17)
(4.2755 2.71009 -1.38894e-17)
(4.19036 2.5982 8.06618e-18)
(4.01886 2.48518 0)
(3.49585 2.0634 2.39677e-17)
(1.50712 0.966754 -2.55143e-17)
(5.86042 3.45957 1.16867e-17)
(7.7323 5.1803 -1.41802e-17)
(7.83843 5.02935 0)
(7.5213 5.07388 -3.97326e-19)
(7.30839 4.93149 -2.98992e-18)
(7.04229 4.82262 0)
(6.74515 4.69005 -1.39414e-19)
(6.41858 4.52174 9.74882e-19)
(6.05758 4.30444 -2.25467e-18)
(5.61501 4.0375 1.22871e-18)
(5.21177 3.7443 0)
(4.84889 3.49036 1.18555e-17)
(4.58158 3.27019 -1.03017e-21)
(4.37844 3.08383 5.05503e-18)
(4.20815 2.91572 6.16962e-18)
(4.07847 2.78586 0)
(3.99664 2.65925 -1.37056e-17)
(3.84694 2.55876 2.68064e-17)
(3.3657 2.14539 -2.91198e-17)
(1.39825 0.962411 5.52371e-17)
(5.75534 3.59145 0)
(7.63979 5.4089 0)
(7.76409 5.24862 -7.09854e-18)
(7.43485 5.29049 0)
(7.22886 5.12273 0)
(6.95597 5.00423 6.1112e-18)
(6.65125 4.8613 -1.87124e-19)
(6.32012 4.68487 5.85691e-19)
(5.95541 4.46151 -3.44092e-19)
(5.51012 4.19376 0)
(5.10519 3.90356 -2.54978e-18)
(4.73994 3.64853 -9.80637e-18)
(4.46449 3.42623 -1.22304e-17)
(4.25669 3.24111 -5.04032e-18)
(4.1203 3.0732 6.68576e-18)
(4.01453 2.93554 -1.58105e-17)
(3.92337 2.80052 2.94364e-17)
(3.7561 2.65321 5.26276e-19)
(3.23999 2.18051 -2.76928e-17)
(1.27747 0.94564 -3.77466e-18)
(5.62987 3.71751 0)
(7.54409 5.58209 -1.02314e-17)
(7.65952 5.46044 8.15354e-18)
(7.35496 5.48899 0)
(7.15003 5.30681 0)
(6.87304 5.17814 -1.34176e-17)
(6.56289 5.02426 0)
(6.2282 4.83917 0)
(5.86086 4.60916 -4.89368e-18)
(5.4145 4.34019 2.17132e-18)
(5.0079 4.05336 -2.09932e-17)
(4.6382 3.7984 0)
(4.35566 3.56963 -1.29751e-17)
(4.13245 3.36691 4.49891e-19)
(3.94893 3.18162 -2.08549e-17)
(3.80836 3.02865 8.56263e-18)
(3.7192 2.87738 2.01295e-19)
(3.56729 2.70597 -3.16311e-17)
(3.07637 2.24135 1.5004e-17)
(1.13736 0.901445 4.1018e-18)
(5.55547 3.85121 0)
(7.44829 5.80095 -1.20937e-17)
(7.59124 5.63929 8.37348e-18)
(7.27581 5.676 1.65339e-17)
(7.07387 5.47879 3.06034e-18)
(6.79125 5.34251 -1.77026e-18)
(6.47622 5.17895 1.13737e-18)
(6.14065 4.98496 7.75509e-19)
(5.77303 4.74856 5.24313e-18)
(5.32674 4.47858 1.48213e-17)
(4.91761 4.19542 1.74515e-17)
(4.54262 3.94276 3.23534e-18)
(4.24901 3.71644 1.88804e-17)
(4.01675 3.52015 1.20084e-17)
(3.85166 3.33329 1.50382e-17)
(3.73252 3.15874 -9.28075e-18)
(3.62913 2.99605 -1.15187e-17)
(3.45305 2.7898 1.35644e-17)
(2.91748 2.22904 -8.29941e-18)
(0.97293 0.850326 1.38479e-17)
(5.45243 3.94585 1.7632e-17)
(7.37341 5.94091 1.91665e-17)
(7.50515 5.83164 4.42028e-18)
(7.19462 5.85097 3.57529e-19)
(6.99761 5.64257 -1.09806e-17)
(6.71094 5.49846 3.92774e-18)
(6.39539 5.32543 -1.28718e-18)
(6.06081 5.12344 -3.76381e-19)
(5.69361 4.88088 -5.99814e-18)
(5.24694 4.609 -1.63547e-17)
(4.83382 4.32844 1.1187e-18)
(4.45188 4.07874 0)
(4.14715 3.85215 0)
(3.89632 3.64591 -6.15599e-18)
(3.68675 3.44783 -2.39233e-17)
(3.51588 3.273 1.98919e-17)
(3.4057 3.09113 1.23058e-17)
(3.23099 2.82648 0)
(2.69577 2.26619 2.67844e-17)
(0.784905 0.750348 -1.55365e-17)
(5.38702 4.07306 -9.05313e-18)
(7.28112 6.12176 7.6432e-18)
(7.42225 5.97986 -1.01508e-17)
(7.11852 6.00769 -1.04898e-17)
(6.92006 5.7918 -4.33439e-18)
(6.63144 5.64341 1.13115e-18)
(6.31648 5.46289 0)
(5.98489 5.25377 -8.85106e-19)
(5.61919 5.0057 6.2937e-19)
(5.17175 4.73177 0)
(4.75464 4.45387 0)
(4.36747 4.20899 2.16568e-18)
(4.05315 3.98913 3.14969e-18)
(3.78979 3.79383 -6.50663e-18)
(3.58315 3.60185 1.72601e-17)
(3.43394 3.39787 -2.14802e-17)
(3.29645 3.19739 -2.65498e-17)
(3.08474 2.89838 2.38924e-17)
(2.48745 2.19529 -9.8429e-18)
(0.540012 0.65948 5.69511e-18)
(5.29569 4.15721 1.05364e-17)
(7.20103 6.26593 0)
(7.35787 6.1526 0)
(7.0413 6.16176 -3.36064e-18)
(6.84161 5.93117 2.70388e-18)
(6.55358 5.77759 -3.3283e-19)
(6.24243 5.59074 -4.07505e-18)
(5.91479 5.37609 -2.33542e-19)
(5.54982 5.123 1.01972e-17)
(5.10121 4.8465 -1.29478e-18)
(4.68068 4.57044 2.86175e-18)
(4.28857 4.33089 -1.82844e-17)
(3.96319 4.11693 -1.90202e-17)
(3.68127 3.9213 -3.40282e-18)
(3.43605 3.7248 0)
(3.22176 3.53565 -3.4489e-19)
(3.04756 3.32438 1.36674e-17)
(2.80262 2.93198 -2.59778e-17)
(2.1868 2.16704 2.02272e-17)
(0.22179 0.31737 1.79772e-17)
(5.23368 4.26417 -2.268e-17)
(7.13786 6.40377 -9.06679e-18)
(7.27575 6.28715 9.04819e-20)
(6.94941 6.29525 4.40993e-18)
(6.76152 6.05892 0)
(6.4757 5.90142 1.07976e-17)
(6.16871 5.71106 4.79508e-18)
(5.8447 5.49205 -7.036e-19)
(5.48019 5.23493 -5.07926e-18)
(5.03092 4.95679 -1.2513e-18)
(4.60883 4.68414 1.15773e-18)
(4.21378 4.45216 1.59889e-17)
(3.88022 4.24904 1.84681e-17)
(3.58464 4.06976 3.23981e-18)
(3.3314 3.89318 1.71624e-17)
(3.12397 3.68856 0)
(2.92078 3.43923 0)
(2.59982 2.99644 1.6724e-17)
(1.7963 1.88366 1.70623e-19)
(0.229874 0.767343 -1.77139e-17)
(5.14212 4.34285 1.22147e-17)
(7.01693 6.51401 2.67939e-17)
(7.14821 6.38792 -3.87841e-17)
(6.85506 6.40999 2.21033e-17)
(6.68629 6.17733 -2.31902e-18)
(6.39945 6.01906 1.38873e-17)
(6.09767 5.82566 0)
(5.77585 5.60376 8.42173e-19)
(5.41079 5.34384 0)
(4.96203 5.06549 1.57943e-17)
(4.53965 4.79722 -1.59315e-18)
(4.14188 4.57436 1.78122e-18)
(3.79773 4.3838 2.07726e-17)
(3.48406 4.21479 -7.12751e-18)
(3.19675 4.04274 -9.07006e-18)
(2.91982 3.86992 0)
(2.6255 3.65346 0)
(2.14558 3.09252 0)
(1.08393 2.02244 -8.63587e-18)
(0.513312 1.9353 -5.48958e-18)
(5.0735 4.42748 0)
(6.93305 6.6562 0)
(7.10488 6.54923 1.39159e-17)
(6.80507 6.53765 -1.83319e-17)
(6.61586 6.2888 1.16357e-17)
(6.32771 6.13172 -1.26154e-17)
(6.02708 5.93474 -4.41494e-19)
(5.70612 5.71033 3.41873e-19)
(5.34116 5.44857 8.96407e-19)
(4.89479 5.17156 -1.80774e-17)
(4.4741 4.90934 2.71724e-18)
(4.07533 4.69764 1.57707e-17)
(3.72508 4.5233 -2.06166e-17)
(3.4 4.37762 -2.32973e-17)
(3.10006 4.24099 8.0964e-18)
(2.82233 4.0784 0)
(2.49836 3.78172 1.28598e-17)
(1.84813 2.98231 1.53969e-17)
(1.15358 2.38898 -1.61822e-17)
(0.74426 2.85534 2.14767e-17)
(5.01713 4.48858 0)
(6.92525 6.7967 2.15816e-17)
(7.07837 6.68535 -3.48299e-18)
(6.73864 6.68372 2.26222e-17)
(6.54172 6.40519 -1.2228e-17)
(6.2602 6.24168 0)
(5.95893 6.03942 0)
(5.63893 5.81285 0)
(5.27425 5.55026 3.23669e-18)
(4.83159 5.27562 6.61416e-19)
(4.41315 5.01955 0)
(4.01474 4.81968 -1.55774e-17)
(3.65887 4.66359 0)
(3.32117 4.53819 1.66232e-17)
(3.00021 4.41335 -1.14605e-17)
(2.67399 4.26293 -9.33381e-18)
(2.25624 3.94626 -2.44593e-17)
(1.53604 3.20133 -1.31842e-17)
(1.11813 3.06844 -2.38418e-17)
(0.915429 3.4268 1.73126e-17)
(4.95101 4.56186 -7.56006e-18)
(6.82166 6.85269 1.57606e-19)
(6.92074 6.77086 -2.74406e-18)
(6.61716 6.75767 -1.74055e-17)
(6.47521 6.50991 0)
(6.19111 6.34319 0)
(5.89194 6.14087 0)
(5.57258 5.91213 5.64964e-20)
(5.20941 5.64965 -4.22934e-18)
(4.77129 5.37804 0)
(4.35607 5.12861 0)
(3.95996 4.94162 0)
(3.6033 4.8056 0)
(3.26384 4.70727 1.22926e-17)
(2.94228 4.62095 3.14475e-17)
(2.62292 4.47525 9.99409e-18)
(2.1885 4.02596 2.30209e-17)
(1.67596 3.49182 -1.81614e-17)
(1.24339 3.72322 7.90009e-18)
(1.08846 3.86637 0)
(4.8511 4.6365 5.97598e-18)
(6.69161 6.94463 -4.20615e-17)
(6.85722 6.84625 -9.1532e-18)
(6.57001 6.85293 -2.74412e-18)
(6.42457 6.60758 2.78604e-18)
(6.12332 6.44433 -1.83999e-17)
(5.8288 6.24085 1.15658e-18)
(5.50897 6.01059 3.34773e-18)
(5.14793 5.74878 0)
(4.71462 5.48018 -1.13838e-18)
(4.30284 5.23651 1.03631e-18)
(3.91148 5.06173 0)
(3.55913 4.9469 0)
(3.22265 4.87564 -1.53927e-17)
(2.90114 4.80173 2.72181e-18)
(2.55236 4.62682 -9.36426e-18)
(2.01228 4.18373 2.05525e-17)
(1.44819 3.87246 1.82478e-17)
(1.09404 4.15543 -3.28293e-17)
(1.01729 4.23126 1.72483e-17)
(4.82556 4.69961 1.13851e-17)
(6.67075 7.09566 3.93662e-17)
(6.84934 7.03566 1.23478e-17)
(6.55245 7.01684 0)
(6.35391 6.72229 0)
(6.05921 6.55549 1.38764e-17)
(5.76205 6.34341 -6.92786e-18)
(5.44341 6.11136 -3.19501e-18)
(5.08563 5.84948 -1.10708e-20)
(4.65782 5.58325 1.27323e-17)
(4.25132 5.34459 -1.86673e-17)
(3.86854 5.18176 0)
(3.52591 5.08761 0)
(3.20166 5.04255 -1.09068e-17)
(2.89027 4.9963 -1.43607e-17)
(2.5332 4.82394 0)
(2.00721 4.33945 -3.0393e-17)
(1.67213 4.24951 -5.62275e-18)
(1.41956 4.67214 3.3439e-17)
(1.1255 4.66132 -1.75065e-17)
(4.77528 4.75385 -2.5709e-17)
(6.63532 7.19742 -1.87966e-17)
(6.76402 7.12778 0)
(6.43552 7.12392 0)
(6.27077 6.84028 0)
(5.98674 6.66778 0)
(5.68924 6.44892 7.27973e-18)
(5.37584 6.21439 -4.66378e-18)
(5.02161 5.95171 0)
(4.60045 5.687 -1.14757e-17)
(4.20116 5.45212 3.3673e-17)
(3.83071 5.29918 1.44399e-18)
(3.50422 5.22354 2.19983e-18)
(3.1978 5.20483 1.84518e-17)
(2.89547 5.16632 -1.23274e-17)
(2.52466 4.93834 0)
(2.03958 4.59537 9.64175e-18)
(1.6036 4.81211 7.06822e-19)
(1.12993 5.0672 -5.06223e-18)
(0.738867 5.1205 1.05375e-17)
(4.66922 4.82367 1.2162e-17)
(6.49235 7.26871 -1.80063e-17)
(6.61142 7.19083 0)
(6.32832 7.19787 -4.04675e-18)
(6.19635 6.94212 1.50053e-17)
(5.89987 6.7724 0)
(5.6108 6.55519 0)
(5.30224 6.31779 8.59065e-18)
(4.95296 6.05398 -5.28957e-19)
(4.5401 5.79002 1.10605e-17)
(4.15105 5.55815 -1.59982e-17)
(3.79749 5.41402 1.04138e-17)
(3.49123 5.35383 0)
(3.20696 5.35337 -1.00699e-17)
(2.91831 5.32597 6.30241e-18)
(2.55712 5.12825 6.82826e-18)
(2.07287 4.85994 0)
(1.73321 5.12258 4.79049e-18)
(1.29084 5.72866 8.06162e-18)
(1.1728 5.91286 2.421e-18)
(4.58405 4.88422 -2.27958e-17)
(6.38854 7.39262 2.60253e-17)
(6.54972 7.34869 1.83676e-17)
(6.26842 7.34254 -4.72358e-18)
(6.10915 7.05775 -2.2633e-17)
(5.80867 6.88427 0)
(5.52827 6.6617 6.4128e-18)
(5.22394 6.42088 -3.68526e-18)
(4.88079 6.15542 -1.71456e-19)
(4.47806 5.89172 -9.61952e-18)
(4.10182 5.66185 -7.82704e-19)
(3.76736 5.52312 -1.16771e-17)
(3.48503 5.4727 1.43156e-17)
(3.22867 5.487 4.57928e-18)
(2.96147 5.4672 -1.06959e-17)
(2.57449 5.22174 1.1441e-17)
(2.28306 5.06036 0)
(1.93836 5.76404 0)
(1.68732 6.3479 1.41123e-18)
(0.47828 6.40231 -5.2897e-18)
(4.51166 4.96524 1.09598e-17)
(6.31936 7.51484 2.42995e-17)
(6.46335 7.48175 -1.8278e-17)
(6.15582 7.47114 1.65694e-17)
(5.99905 7.17436 2.19293e-17)
(5.71156 6.99823 0)
(5.43642 6.76745 -6.81124e-18)
(5.13924 6.5225 -5.13614e-18)
(4.80395 6.25436 0)
(4.41347 5.99006 0)
(4.05277 5.76102 0)
(3.74017 5.62561 0)
(3.48362 5.58075 -1.6311e-17)
(3.25632 5.59715 -6.20802e-18)
(3.01169 5.56737 0)
(2.68239 5.3718 -5.91628e-18)
(2.50797 5.46959 0)
(2.53984 5.79825 -2.50428e-18)
(2.59992 5.78529 1.35341e-18)
(1.4221 5.8191 6.55554e-19)
(4.38933 5.0119 -2.09001e-17)
(6.18032 7.62454 -1.54458e-17)
(6.30898 7.58552 -1.12507e-17)
(6.02006 7.56937 -1.5452e-17)
(5.8889 7.28341 -1.02695e-17)
(5.60267 7.10725 0)
(5.33707 6.87223 -1.25849e-18)
(5.04892 6.62329 6.48851e-19)
(4.7224 6.35214 -4.70894e-19)
(4.34622 6.08668 0)
(4.00328 5.85758 9.37136e-19)
(3.71355 5.72196 -1.06531e-18)
(3.48472 5.67682 0)
(3.29222 5.68814 7.658e-18)
(3.0821 5.63962 0)
(2.85778 5.47962 4.15897e-18)
(2.8034 5.53268 -9.71287e-18)
(2.95986 5.42171 2.24679e-18)
(3.19959 4.69461 -2.23305e-18)
(1.21292 4.13305 2.74138e-18)
(4.26667 5.08231 -4.46337e-19)
(6.03146 7.7361 -7.68412e-18)
(6.17646 7.71367 1.55067e-17)
(5.90014 7.69206 -6.48391e-19)
(5.77069 7.39758 -2.74116e-18)
(5.48329 7.21858 0)
(5.22907 6.97967 6.48626e-18)
(4.94924 6.72642 4.46496e-18)
(4.63304 6.45203 1.09556e-18)
(4.27298 6.18445 -6.77515e-18)
(3.94985 5.95412 -1.11404e-17)
(3.6854 5.81606 0)
(3.48672 5.76615 1.05511e-17)
(3.32887 5.75948 -3.21144e-18)
(3.15027 5.66907 -3.46237e-18)
(2.98836 5.50766 0)
(2.91923 5.52859 4.32572e-18)
(2.8797 5.36364 -4.39571e-18)
(2.56671 4.0649 6.26326e-18)
(-0.460899 1.69353 5.4681e-18)
(4.14644 5.1422 1.82489e-17)
(5.89639 7.8771 -7.28562e-18)
(6.04284 7.86948 1.01451e-17)
(5.76362 7.83607 7.61663e-18)
(5.6391 7.52651 5.21804e-18)
(5.35557 7.33972 1.15026e-17)
(5.11329 7.09212 -1.23489e-17)
(4.84264 6.8334 -5.12571e-18)
(4.53747 6.55477 3.88916e-20)
(4.19512 6.28388 3.37353e-20)
(3.89286 6.05029 1.11259e-18)
(3.65349 5.90554 -9.25004e-18)
(3.48341 5.84409 4.24685e-18)
(3.35753 5.81272 -8.51861e-18)
(3.2064 5.68118 6.26205e-18)
(3.04615 5.48678 -3.66317e-18)
(2.92507 5.48539 8.33705e-18)
(2.73819 5.21651 -4.80651e-18)
(2.19431 3.4775 0)
(-0.212973 0.698058 8.6838e-18)
(4.00655 5.21469 0)
(5.73541 7.99817 -2.57209e-17)
(5.87648 7.9974 6.96946e-19)
(5.60692 7.96369 -1.31765e-17)
(5.49458 7.65316 0)
(5.21535 7.46304 -8.44912e-18)
(4.98727 7.2089 1.00675e-17)
(4.72646 6.94443 4.8025e-18)
(4.43371 6.66058 -5.92873e-19)
(4.11017 6.38428 5.24397e-18)
(3.82945 6.14505 9.18228e-18)
(3.61532 5.99056 3.30794e-19)
(3.47184 5.91243 -8.79749e-18)
(3.36469 5.85138 -2.47738e-18)
(3.20935 5.67144 4.67029e-18)
(3.06054 5.45293 -7.16233e-18)
(2.91936 5.41334 -3.98605e-18)
(2.68201 5.05636 4.70772e-18)
(2.06684 3.17389 0)
(-0.00757874 0.328277 0)
(3.85234 5.26889 -1.60383e-17)
(5.55538 8.1416 2.54318e-17)
(5.69984 8.15142 0)
(5.44487 8.10817 0)
(5.34066 7.78888 0)
(5.06402 7.5925 0)
(4.85262 7.33002 -4.5374e-18)
(4.60181 7.05927 -5.31454e-19)
(4.32201 6.76902 -5.64866e-19)
(4.01861 6.48568 7.79466e-19)
(3.75908 6.2378 -9.49932e-18)
(3.56768 6.07049 7.369e-18)
(3.44312 5.972 0)
(3.34578 5.88045 7.22573e-20)
(3.1995 5.66696 -6.65688e-18)
(3.06975 5.41258 3.39409e-18)
(2.95239 5.33083 -3.68827e-18)
(2.65141 4.87317 -2.14228e-18)
(1.78279 2.7678 1.0342e-17)
(-0.166868 0.0104093 1.25071e-17)
(3.68945 5.33882 7.8724e-18)
(5.36345 8.26031 1.11934e-17)
(5.51155 8.29122 -5.35636e-19)
(5.26767 8.25106 6.00919e-18)
(5.16769 7.92637 0)
(4.89846 7.72532 1.21705e-17)
(4.70569 7.45422 -2.83818e-18)
(4.46464 7.17697 8.88995e-19)
(4.1996 6.87955 -2.40759e-19)
(3.91694 6.58715 6.76214e-19)
(3.67796 6.32789 6.49293e-18)
(3.5064 6.14427 -5.25742e-18)
(3.39845 6.02411 -5.20638e-18)
(3.31081 5.90477 -2.12969e-18)
(3.17725 5.66572 4.9489e-18)
(3.06178 5.37769 -9.67369e-18)
(2.94703 5.23944 5.62765e-18)
(2.57583 4.68939 -6.50751e-18)
(1.56619 2.44048 1.9187e-17)
(-0.23868 -0.240582 -1.36847e-17)
(3.50834 5.38504 -7.37571e-18)
(5.15297 8.40882 0)
(5.30205 8.45298 -8.05106e-18)
(5.07281 8.40381 -1.13146e-17)
(4.97889 8.06893 0)
(4.71981 7.86291 -9.38799e-18)
(4.54611 7.58056 0)
(4.3156 7.29644 -4.19455e-18)
(4.06614 6.99103 1.80332e-19)
(3.805 6.68843 2.75861e-18)
(3.58489 6.41547 -5.10246e-18)
(3.42955 6.21333 2.53422e-18)
(3.333 6.07041 1.15899e-17)
(3.2538 5.92463 -4.12732e-18)
(3.13353 5.66336 4.92907e-18)
(3.03494 5.34013 3.05792e-18)
(2.96659 5.13958 -7.34621e-18)
(2.58379 4.54734 8.32675e-18)
(1.49228 2.32238 -8.27953e-20)
(-0.125368 -0.217371 1.46762e-18)
(3.30957 5.43376 1.39082e-17)
(4.91826 8.51112 -9.96744e-18)
(5.07126 8.58563 8.11442e-18)
(4.8568 8.54349 5.3204e-18)
(4.76825 8.20659 7.57136e-19)
(4.52431 7.99836 5.23468e-18)
(4.37037 7.70656 0)
(4.15057 7.41594 -2.08919e-19)
(3.91878 7.1025 0)
(3.6789 6.78846 -2.58197e-18)
(3.47573 6.50002 4.79796e-18)
(3.33281 6.2763 -1.01669e-18)
(3.24754 6.11026 -9.02986e-18)
(3.18017 5.94158 -4.08797e-18)
(3.07122 5.66842 2.27538e-18)
(2.97661 5.32257 -3.01858e-18)
(2.92952 5.05645 1.07029e-17)
(2.55209 4.41957 5.63901e-18)
(1.54036 2.38814 2.60505e-18)
(-0.0243812 -0.0905502 -1.21747e-17)
(3.09053 5.45113 4.26718e-19)
(4.66678 8.65733 5.34197e-18)
(4.81966 8.74988 0)
(4.6206 8.69602 9.30589e-18)
(4.54088 8.34735 -1.36648e-17)
(4.31425 8.13493 4.95124e-18)
(4.17782 7.83196 -2.97214e-18)
(3.97093 7.53466 2.96655e-18)
(3.75742 7.21286 -1.21131e-18)
(3.53806 6.8869 -4.58473e-19)
(3.34944 6.5829 4.47694e-18)
(3.21636 6.33774 8.87697e-18)
(3.13903 6.14707 9.12697e-21)
(3.07878 5.95213 7.46507e-18)
(2.96954 5.66149 4.80276e-18)
(2.85668 5.30341 -8.60611e-18)
(2.82621 4.99702 7.42533e-18)
(2.47679 4.37518 -3.76028e-18)
(1.61368 2.58448 1.29275e-19)
(0.144632 0.211067 1.26493e-17)
(2.8546 5.45982 2.39696e-17)
(4.38865 8.73103 -4.99326e-18)
(4.54236 8.86977 -1.25884e-17)
(4.35972 8.82729 1.02292e-17)
(4.29154 8.48105 -5.77066e-18)
(4.08375 8.2654 8.74046e-18)
(3.96611 7.95481 4.67508e-18)
(3.77298 7.65084 0)
(3.57866 7.321 1.17422e-18)
(3.37911 6.98288 -3.19128e-20)
(3.20263 6.66259 -8.68065e-19)
(3.07606 6.39909 -7.74875e-18)
(3.00088 6.18406 -4.60047e-19)
(2.94489 5.96449 -1.45961e-19)
(2.836 5.65422 7.14905e-18)
(2.69174 5.28321 3.38888e-18)
(2.6408 4.96525 -8.89229e-18)
(2.36146 4.37158 -4.18929e-18)
(1.63719 2.84142 -1.29376e-18)
(0.315174 0.598952 -1.29878e-17)
(2.59711 5.42398 0)
(4.09224 8.86524 4.28478e-18)
(4.24072 9.02693 -5.52434e-18)
(4.07721 8.9694 9.53508e-18)
(4.0235 8.61259 -1.14166e-17)
(3.83523 8.39206 4.38624e-18)
(3.73475 8.07348 0)
(3.55791 7.76365 0)
(3.3838 7.42696 0)
(3.20164 7.07705 -7.4973e-19)
(3.03527 6.74038 7.04625e-19)
(2.911 6.46041 -1.59929e-18)
(2.83391 6.22759 -5.0894e-18)
(2.7717 5.98633 -3.7839e-18)
(2.64305 5.65764 6.77065e-18)
(2.46061 5.26709 -5.8912e-18)
(2.39129 4.94808 -3.5293e-19)
(2.15775 4.39111 1.07824e-17)
(1.58923 3.06996 -1.37788e-18)
(0.47435 1.03919 0)
(2.32091 5.3664 2.09213e-17)
(3.76282 8.87779 -4.01216e-18)
(3.91109 9.112 -7.46836e-20)
(3.77043 9.0765 0)
(3.73244 8.73142 -5.05035e-18)
(3.56284 8.50665 5.06153e-19)
(3.48288 8.18458 0)
(3.32319 7.87072 7.34142e-19)
(3.16857 7.52848 -5.80145e-19)
(3.00303 7.16956 0)
(2.84548 6.81898 0)
(2.72224 6.52544 3.45575e-18)
(2.63384 6.28057 5.05726e-18)
(2.55194 6.02731 -2.03044e-19)
(2.41792 5.69359 2.07401e-18)
(2.23238 5.30327 -2.78354e-18)
(2.17572 4.99218 0)
(1.96172 4.49061 6.5856e-18)
(1.53158 3.3535 1.06559e-17)
(0.59185 1.49771 -2.48976e-17)
(2.0192 5.2369 1.68101e-17)
(3.41691 8.98135 -3.62467e-18)
(3.55552 9.24681 4.64338e-18)
(3.44073 9.19244 -1.18036e-17)
(3.41942 8.83998 0)
(3.27142 8.61202 0)
(3.21103 8.28654 0)
(3.06963 7.97057 6.95016e-19)
(2.93641 7.62538 -5.49173e-19)
(2.78527 7.26028 0)
(2.6356 6.90097 0)
(2.50966 6.59735 -5.11186e-18)
(2.40913 6.34851 2.38942e-18)
(2.32513 6.10277 -2.8218e-18)
(2.21242 5.78739 -6.1174e-18)
(2.03197 5.40916 0)
(1.97381 5.09968 1.63785e-18)
(1.76576 4.64259 2.01878e-18)
(1.43351 3.63115 -1.97059e-17)
(0.640505 1.852 2.40396e-17)
(1.70295 5.06355 -1.47432e-17)
(3.03798 8.8788 4.45328e-18)
(3.1766 9.26494 1.0266e-17)
(3.09048 9.25512 6.40327e-18)
(3.08651 8.92897 -5.17154e-18)
(2.95774 8.69926 -3.00936e-18)
(2.91949 8.37558 1.78116e-18)
(2.79791 8.0612 0)
(2.68343 7.71533 0)
(2.54754 7.34921 0)
(2.40655 6.98832 1.64536e-18)
(2.28351 6.68487 4.75587e-18)
(2.18878 6.44491 -2.22373e-18)
(2.11641 6.21801 1.31751e-18)
(2.0201 5.92601 4.13359e-20)
(1.83509 5.55971 0)
(1.77273 5.24 -3.03788e-18)
(1.5762 4.82578 1.51264e-17)
(1.32628 3.92553 -3.49437e-17)
(0.649847 2.17244 2.01589e-17)
(1.35748 4.75811 1.52037e-17)
(2.65057 8.91966 -1.23922e-17)
(2.77146 9.35666 0)
(2.71755 9.32261 3.11662e-18)
(2.73225 9.00178 2.08748e-18)
(2.62784 8.77186 4.18038e-18)
(2.61149 8.45146 -1.66614e-18)
(2.50855 8.14044 0)
(2.41633 7.79818 0)
(2.29701 7.43675 9.11182e-19)
(2.16718 7.08041 4.34645e-19)
(2.05556 6.78502 -2.44743e-18)
(1.9668 6.55459 -1.80132e-18)
(1.89191 6.3385 -4.03561e-18)
(1.80085 6.06118 7.97854e-18)
(1.61006 5.70449 -1.00556e-17)
(1.5535 5.37071 7.5359e-18)
(1.37356 4.98668 0)
(1.18346 4.17137 5.12629e-19)
(0.614664 2.41331 -1.9221e-17)
(1.01779 4.38134 1.53658e-17)
(2.24028 8.61653 0)
(2.36974 9.26718 0)
(2.34085 9.32176 0)
(2.37127 9.04685 1.52722e-18)
(2.28415 8.82096 -4.11311e-18)
(2.28648 8.50909 -1.46617e-18)
(2.2056 8.20728 0)
(2.13388 7.87347 0)
(2.03327 7.52129 -6.55277e-19)
(1.91844 7.17538 -9.55432e-19)
(1.81514 6.88538 1.23657e-18)
(1.72199 6.65648 -1.36147e-19)
(1.64082 6.44657 -1.52657e-18)
(1.5704 6.19385 3.85864e-18)
(1.39258 5.86047 -4.16016e-18)
(1.34313 5.52753 4.29952e-18)
(1.18138 5.18288 0)
(1.03347 4.47097 -4.79056e-19)
(0.566845 2.74163 -9.06969e-18)
(0.646127 3.72171 -1.40494e-17)
(1.84564 8.5323 4.76299e-18)
(1.93924 9.28852 6.56492e-18)
(1.94147 9.32241 -6.71874e-19)
(1.99111 9.07612 -3.68838e-18)
(1.92668 8.84974 -1.98561e-18)
(1.95365 8.54908 4.08836e-18)
(1.89295 8.25854 -2.21277e-19)
(1.84367 7.93837 0)
(1.76254 7.59994 3.37192e-20)
(1.65682 7.26449 5.90658e-19)
(1.55337 6.98021 -8.67668e-19)
(1.45704 6.75732 0)
(1.37511 6.55733 1.11515e-18)
(1.31909 6.34033 0)
(1.15505 6.05238 9.29212e-19)
(1.10337 5.73681 5.45568e-19)
(0.950342 5.43151 0)
(0.83274 4.79631 0)
(0.465702 3.02706 -7.91809e-18)
(0.320344 2.96281 1.11011e-17)
(1.44813 7.8952 -4.09874e-18)
(1.57097 9.06021 2.87052e-18)
(1.57082 9.24454 -4.23837e-18)
(1.61592 9.06219 1.60784e-18)
(1.56832 8.84886 -4.75588e-19)
(1.60981 8.56323 2.14369e-19)
(1.57288 8.2906 -5.65746e-19)
(1.54505 7.9891 -2.58737e-19)
(1.4804 7.66821 1.49456e-19)
(1.38506 7.34881 8.24079e-20)
(1.28816 7.07914 0)
(1.19039 6.8743 3.19035e-19)
(1.10301 6.69202 0)
(1.04872 6.49675 0)
(0.895739 6.28139 0)
(0.84263 6.01105 3.74344e-18)
(0.711678 5.75985 -9.67281e-18)
(0.60978 5.21264 1.14119e-20)
(0.345141 3.40634 6.83535e-18)
(-0.0956088 1.14622 1.91051e-18)
(1.07845 7.46552 1.68511e-18)
(1.12799 8.93183 -1.37699e-18)
(1.15268 9.15978 -8.46198e-19)
(1.22629 9.02948 6.91738e-19)
(1.20282 8.82048 4.45141e-19)
(1.27177 8.55344 2.70276e-19)
(1.25767 8.30037 0)
(1.24716 8.02145 -7.91498e-20)
(1.19921 7.72472 -1.88834e-20)
(1.11702 7.43325 -2.12305e-19)
(1.02861 7.18434 0)
(0.927864 6.99865 9.52259e-21)
(0.827218 6.8463 -3.64216e-19)
(0.767853 6.66739 0)
(0.615835 6.5223 0)
(0.556064 6.31786 -2.20672e-19)
(0.428217 6.12681 0)
(0.337503 5.65884 -1.65792e-19)
(0.175017 3.79381 0)
(-0.219689 0.177507 0)
(0.596238 6.11502 0)
(0.698091 8.45937 0)
(0.750733 8.96423 0)
(0.82578 8.92245 -1.569e-32)
(0.846767 8.7533 1.10079e-32)
(0.942741 8.51081 0)
(0.957661 8.28351 0)
(0.977534 8.03338 0)
(0.954603 7.76562 0)
(0.892843 7.50388 0)
(0.817655 7.27584 0)
(0.725772 7.10503 0)
(0.623248 6.98138 0)
(0.573428 6.82112 0)
(0.429353 6.72065 0)
(0.370657 6.57387 0)
(0.257627 6.43542 0)
(0.16122 6.05349 0)
(0.0764731 4.22777 0)
(-0.247043 -0.4588 0)
(0.216123 5.55723 0)
(0.211052 8.04458 0)
(0.339386 8.71419 0)
(0.478366 8.75782 0)
(0.531029 8.64544 0)
(0.660277 8.43299 0)
(0.703438 8.24168 0)
(0.748651 8.02512 0)
(0.750434 7.78922 0)
(0.71127 7.55688 0)
(0.650842 7.35169 0)
(0.573198 7.19724 0)
(0.474501 7.09783 0)
(0.43831 6.95685 0)
(0.308373 6.88113 0)
(0.255253 6.77532 0)
(0.165234 6.6725 0)
(0.0907127 6.33763 0)
(0.0357933 4.52333 0)
(-0.257414 0.325608 0)
(-0.0816482 5.50714 0)
(-0.142539 7.77784 0)
(0.0326716 8.47808 0)
(0.196711 8.56694 0)
(0.270793 8.50293 0)
(0.428142 8.33083 0)
(0.484343 8.17533 0)
(0.550985 7.9953 0)
(0.573304 7.7986 0)
(0.553067 7.59991 0)
(0.506078 7.42385 0)
(0.445507 7.29081 0)
(0.352531 7.21597 0)
(0.329887 7.10111 0)
(0.219825 7.04285 0)
(0.177551 6.96998 0)
(0.109728 6.89504 0)
(0.041374 6.59081 0)
(0.0217471 4.69626 0)
(-0.173696 0.825029 0)
(-0.138575 5.48003 0)
(-0.215258 7.50951 0)
(-0.0896897 8.20087 0)
(0.0320426 8.33265 0)
(0.0939193 8.32454 0)
(0.250816 8.2005 0)
(0.308034 8.08771 0)
(0.391394 7.95255 0)
(0.427143 7.79691 0)
(0.420872 7.63254 0)
(0.385888 7.48793 0)
(0.34388 7.37607 0)
(0.258533 7.32149 0)
(0.245801 7.23533 0)
(0.156582 7.18914 0)
(0.123933 7.14041 0)
(0.0802353 7.08328 0)
(0.0246442 6.79453 0)
(0.0113967 4.83811 0)
(-0.134035 1.37927 0)
(-0.136439 5.51386 0)
(-0.19118 7.30241 0)
(-0.106486 7.9486 0)
(-0.0338014 8.09907 0)
(0.00263304 8.13701 0)
(0.142176 8.05886 0)
(0.186126 7.99309 0)
(0.272842 7.90009 0)
(0.310617 7.78241 0)
(0.31428 7.65211 0)
(0.288738 7.53904 0)
(0.264013 7.44637 0)
(0.189263 7.4058 0)
(0.183249 7.34773 0)
(0.114122 7.30936 0)
(0.0855775 7.27735 0)
(0.0590038 7.22857 0)
(-0.000177742 6.94624 0)
(-0.000489185 4.83838 0)
(-0.103866 1.85668 0)
(-0.133156 5.60114 0)
(-0.168999 7.19048 0)
(-0.10048 7.77445 0)
(-0.0415554 7.92064 0)
(-0.0242387 7.98084 0)
(0.0910744 7.93383 0)
(0.10994 7.90256 0)
(0.188791 7.8408 0)
(0.222623 7.75792 0)
(0.233603 7.66086 0)
(0.213718 7.57649 0)
(0.201773 7.50138 0)
(0.139373 7.46881 0)
(0.136857 7.43446 0)
(0.0845024 7.39916 0)
(0.0516897 7.37681 0)
(0.0386803 7.33237 0)
(-0.0215326 7.04145 0)
(-0.00406375 4.80989 0)
(-0.0698615 2.25859 0)
(-0.126017 5.73865 0)
(-0.144696 7.1557 0)
(-0.0924901 7.68239 0)
(-0.0342511 7.81182 0)
(-0.0265822 7.87326 0)
(0.0676428 7.83676 0)
(0.064035 7.8231 0)
(0.13317 7.78544 0)
(0.161354 7.73196 0)
(0.17566 7.66237 0)
(0.157606 7.5998 0)
(0.152629 7.5399 0)
(0.101709 7.51088 0)
(0.0976768 7.49402 0)
(0.060169 7.45916 0)
(0.0211726 7.44273 0)
(0.0198131 7.4008 0)
(-0.0369717 7.08837 0)
(-0.00831313 4.73856 0)
(-0.0391042 2.58019 0)
(-0.107467 5.87781 0)
(-0.11632 7.16411 0)
(-0.0858176 7.64416 0)
(-0.033026 7.75329 0)
(-0.0322411 7.80834 0)
(0.0484749 7.77014 0)
(0.0361947 7.76691 0)
(0.100077 7.74383 0)
(0.119502 7.70926 0)
(0.133184 7.65726 0)
(0.115212 7.6086 0)
(0.112795 7.56112 0)
(0.0711868 7.53411 0)
(0.0632611 7.52982 0)
(0.039266 7.49549 0)
(-0.00556197 7.48505 0)
(0.00436889 7.44453 0)
(-0.0479282 7.10818 0)
(-0.00724312 4.62654 0)
(-0.016437 2.81845 0)
(-0.0882297 6.00517 0)
(-0.0834919 7.18824 0)
(-0.0811213 7.62747 0)
(-0.0388171 7.72029 0)
(-0.0460869 7.77178 0)
(0.0280834 7.73282 0)
(0.0198266 7.7363 0)
(0.0780027 7.71718 0)
(0.087172 7.69018 0)
(0.0992657 7.64839 0)
(0.0824898 7.6087 0)
(0.0806905 7.57111 0)
(0.0469982 7.54597 0)
(0.0325263 7.55105 0)
(0.0234235 7.51843 0)
(-0.0216739 7.51376 0)
(-0.00411705 7.47468 0)
(-0.0524569 7.10736 0)
(-0.00481257 4.50685 0)
(-0.00255265 2.98638 0)
(-0.0774459 6.1127 0)
(-0.0595519 7.21045 0)
(-0.0789894 7.6155 0)
(-0.0438909 7.69642 0)
(-0.0570143 7.74964 0)
(0.0109059 7.71707 0)
(0.00617615 7.72333 0)
(0.056239 7.69939 0)
(0.058832 7.67556 0)
(0.0716194 7.64219 0)
(0.0572663 7.60913 0)
(0.0546147 7.57907 0)
(0.0284639 7.55572 0)
(0.0082569 7.56856 0)
(0.0129055 7.53975 0)
(-0.0283961 7.53864 0)
(-0.00534858 7.49896 0)
(-0.0528807 7.10314 0)
(-0.00270379 4.39162 0)
(0.00673484 3.10981 0)
(-0.0731126 6.20496 0)
(-0.0427711 7.22921 0)
(-0.0766703 7.6017 0)
(-0.0366433 7.67649 0)
(-0.0558148 7.73175 0)
(-0.000897377 7.70816 0)
(-0.0109592 7.71402 0)
(0.0322082 7.68908 0)
(0.0347032 7.67034 0)
(0.0493509 7.6434 0)
(0.0371844 7.61406 0)
(0.0325576 7.5894 0)
(0.0161532 7.56805 0)
(-0.00753002 7.58648 0)
(0.00597647 7.5629 0)
(-0.0318252 7.5631 0)
(-0.00471638 7.52036 0)
(-0.0515291 7.09499 0)
(0.000170712 4.28942 0)
(0.0132337 3.20661 0)
(-0.0688432 6.28643 0)
(-0.0281766 7.24712 0)
(-0.0707376 7.59014 0)
(-0.0231708 7.65713 0)
(-0.0480716 7.70694 0)
(-0.00672999 7.68893 0)
(-0.0256482 7.69657 0)
(0.0126537 7.68305 0)
(0.0151265 7.66998 0)
(0.0299226 7.64792 0)
(0.0201471 7.62103 0)
(0.0142995 7.60278 0)
(0.00930424 7.58453 0)
(-0.0146308 7.60401 0)
(0.00215151 7.58559 0)
(-0.0353381 7.58631 0)
(-0.00496551 7.53972 0)
(-0.0502886 7.08562 0)
(0.0021799 4.19851 0)
(0.015657 3.29224 0)
(-0.0665145 6.36105 0)
(-0.0193513 7.26381 0)
(-0.0705083 7.57974 0)
(-0.0170444 7.64021 0)
(-0.0476374 7.67966 0)
(-0.00809794 7.66351 0)
(-0.0296629 7.67231 0)
(0.00300544 7.67353 0)
(-0.000963627 7.66501 0)
(0.0133923 7.6508 0)
(0.00760744 7.62732 0)
(0.00153287 7.61666 0)
(0.00462617 7.6019 0)
(-0.0184607 7.61774 0)
(-1.72441e-06 7.60254 0)
(-0.0379146 7.60354 0)
(-0.0057035 7.55356 0)
(-0.0493117 7.07147 0)
(0.00263189 4.11223 0)
(0.016688 3.37201 0)
(-0.0659473 6.42963 0)
(-0.0143562 7.27921 0)
(-0.0740851 7.56794 0)
(-0.0162895 7.62762 0)
(-0.0539187 7.65946 0)
(-0.009294 7.64685 0)
(-0.0286963 7.65126 0)
(0.00083405 7.65885 0)
(-0.0104015 7.65363 0)
(0.00304167 7.65022 0)
(0.000357837 7.63196 0)
(-0.00556616 7.62679 0)
(0.00025322 7.61497 0)
(-0.0226272 7.62644 0)
(-0.0021253 7.6137 0)
(-0.0390541 7.615 0)
(-0.00572213 7.56182 0)
(-0.0477223 7.05259 0)
(0.00246246 4.02845 0)
(0.0192863 3.44357 0)
(-0.0627282 6.49355 0)
(-0.00885014 7.29746 0)
(-0.0733656 7.56285 0)
(-0.0127279 7.62386 0)
(-0.0586656 7.65096 0)
(-0.00973333 7.64371 0)
(-0.0318737 7.6421 0)
(-0.000623891 7.64834 0)
(-0.0146697 7.644 0)
(-0.000620506 7.6469 0)
(-0.00328213 7.63313 0)
(-0.0100441 7.62967 0)
(-0.00335504 7.62044 0)
(-0.0259293 7.62905 0)
(-0.00330385 7.61938 0)
(-0.038404 7.62083 0)
(-0.00437157 7.56524 0)
(-0.0444843 7.03052 0)
(0.00301848 3.95034 0)
(0.022641 3.50067 0)
(-0.0566681 6.55411 0)
(-0.00131982 7.31903 0)
(-0.0702861 7.5625 0)
(-0.00707127 7.62515 0)
(-0.0589013 7.64661 0)
(-0.00826512 7.6433 0)
(-0.0379183 7.63994 0)
(-0.00342666 7.64755 0)
(-0.0175268 7.64071 0)
(-0.0020019 7.64378 0)
(-0.00549137 7.63149 0)
(-0.0125789 7.62833 0)
(-0.00494879 7.62194 0)
(-0.0257849 7.62921 0)
(-0.00228589 7.62257 0)
(-0.0355483 7.62422 0)
(-0.00150423 7.56664 0)
(-0.0395102 7.00969 0)
(0.00432284 3.88409 0)
(0.0245556 3.54018 0)
(-0.0498824 6.60883 0)
(0.00648408 7.34165 0)
(-0.0668612 7.56508 0)
(0.000129776 7.62717 0)
(-0.0584504 7.64166 0)
(-0.00503013 7.64129 0)
(-0.0417714 7.63715 0)
(-0.00486842 7.64622 0)
(-0.0218695 7.64021 0)
(-0.00403581 7.64241 0)
(-0.0078013 7.63038 0)
(-0.0137118 7.62885 0)
(-0.00429688 7.62359 0)
(-0.0244769 7.62926 0)
(5.54053e-05 7.62517 0)
(-0.0316791 7.62598 0)
(0.00163712 7.56747 0)
(-0.0336876 6.99163 0)
(0.00536356 3.83219 0)
(0.0239535 3.56815 0)
(-0.04451 6.65797 0)
(0.0115804 7.36332 0)
(-0.0651103 7.56736 0)
(0.00539955 7.62723 0)
(-0.0576157 7.63486 0)
(0.000312588 7.6356 0)
(-0.0422403 7.63057 0)
(-0.00414683 7.64328 0)
(-0.0248967 7.63812 0)
(-0.00561152 7.6415 0)
(-0.00932874 7.6316 0)
(-0.0136399 7.63038 0)
(-0.00314489 7.6267 0)
(-0.0218522 7.63054 0)
(0.00209269 7.62768 0)
(-0.0275837 7.62746 0)
(0.00399547 7.56838 0)
(-0.0281596 6.97778 0)
(0.00560217 3.793 0)
(0.02232 3.58967 0)
(-0.0405979 6.69959 0)
(0.0135584 7.38274 0)
(-0.0651379 7.57179 0)
(0.00873926 7.62584 0)
(-0.0581148 7.63079 0)
(0.00468074 7.63006 0)
(-0.0426737 7.6251 0)
(-0.00107773 7.63706 0)
(-0.0257845 7.63468 0)
(-0.00555389 7.63984 0)
(-0.00986454 7.63219 0)
(-0.01255 7.63133 0)
(-0.00231015 7.62922 0)
(-0.0198848 7.63091 0)
(0.00316903 7.62971 0)
(-0.0244887 7.62755 0)
(0.0048815 7.56913 0)
(-0.0233157 6.96594 0)
(0.00507993 3.76261 0)
(0.0203511 3.6073 0)
(-0.0360048 6.73915 0)
(0.0144592 7.40405 0)
(-0.0623941 7.57748 0)
(0.0114523 7.62413 0)
(-0.0560447 7.62816 0)
(0.00763709 7.62614 0)
(-0.0415638 7.62363 0)
(0.00203958 7.63229 0)
(-0.0253197 7.63208 0)
(-0.00414989 7.6367 0)
(-0.00961433 7.63192 0)
(-0.0113248 7.63078 0)
(-0.00169827 7.62952 0)
(-0.0177222 7.63018 0)
(0.00344913 7.62998 0)
(-0.0209881 7.62697 0)
(0.00502381 7.56901 0)
(-0.0187129 6.95699 0)
(0.00436691 3.73864 0)
(0.0183948 3.62133 0)
(-0.0312154 6.77174 0)
(0.0140683 7.42287 0)
(-0.0597349 7.5856 0)
(0.0132865 7.62104 0)
(-0.0540208 7.62818 0)
(0.00969561 7.62245 0)
(-0.04111 7.62436 0)
(0.00383761 7.62924 0)
(-0.0252299 7.63097 0)
(-0.00316254 7.63393 0)
(-0.00950089 7.63123 0)
(-0.0106234 7.6293 0)
(-0.0013424 7.62924 0)
(-0.0157421 7.62833 0)
(0.0035419 7.62982 0)
(-0.0176085 7.62501 0)
(0.00508758 7.56858 0)
(-0.0148192 6.94909 0)
(0.00362112 3.72039 0)
(0.0156515 3.63128 0)
(-0.0254827 6.8047 0)
(0.0124968 7.44573 0)
(-0.0530764 7.59301 0)
(0.0136517 7.61806 0)
(-0.0490825 7.62748 0)
(0.0108488 7.61885 0)
(-0.0389066 7.62489 0)
(0.00442746 7.62592 0)
(-0.0246339 7.63074 0)
(-0.00229341 7.63141 0)
(-0.0089066 7.63068 0)
(-0.00911722 7.6279 0)
(-0.00107728 7.62893 0)
(-0.0129974 7.62684 0)
(0.00343873 7.62947 0)
(-0.0140776 7.62341 0)
(0.00478667 7.56781 0)
(-0.0111142 6.94393 0)
(0.00289747 3.70643 0)
(0.012868 3.63845 0)
(-0.0213514 6.82677 0)
(0.0102878 7.46077 0)
(-0.0488782 7.60016 0)
(0.0130695 7.61357 0)
(-0.0456973 7.62781 0)
(0.0109496 7.6149 0)
(-0.0367422 7.62568 0)
(0.00436081 7.62292 0)
(-0.0239378 7.63016 0)
(-0.00223264 7.62986 0)
(-0.00901308 7.62981 0)
(-0.00837682 7.62711 0)
(-0.0012643 7.6287 0)
(-0.0113771 7.62557 0)
(0.00300226 7.62882 0)
(-0.0117752 7.62169 0)
(0.00415616 7.5668 0)
(-0.00865297 6.93994 0)
(0.0021608 3.69727 0)
(0.00958875 3.64496 0)
(-0.0158135 6.85325 0)
(0.00739379 7.48318 0)
(-0.039128 7.60595 0)
(0.010676 7.61128 0)
(-0.0381781 7.62718 0)
(0.00913855 7.6125 0)
(-0.031909 7.62575 0)
(0.00382931 7.61953 0)
(-0.0219126 7.62959 0)
(-0.00176977 7.62735 0)
(-0.00821569 7.62906 0)
(-0.00676327 7.62579 0)
(-0.0011981 7.62795 0)
(-0.00877496 7.62431 0)
(0.00224012 7.62744 0)
(-0.00874176 7.62037 0)
(0.0030897 7.56547 0)
(-0.00611923 6.9374 0)
(0.00147102 3.6886 0)
(0.00766995 3.64805 0)
(-0.0132942 6.86449 0)
(0.00561491 7.49306 0)
(-0.0349069 7.61015 0)
(0.00888853 7.60901 0)
(-0.0342096 7.62727 0)
(0.00800101 7.61084 0)
(-0.0291299 7.62606 0)
(0.00335937 7.61834 0)
(-0.0204437 7.62894 0)
(-0.0016624 7.62609 0)
(-0.00805331 7.62794 0)
(-0.00597054 7.6251 0)
(-0.00159799 7.62718 0)
(-0.00770005 7.6236 0)
(0.00172254 7.62664 0)
(-0.007427 7.61939 0)
(0.00252527 7.56471 0)
(-0.00499288 6.93582 0)
(0.00103463 3.68474 0)
(0.00432818 3.65471 0)
(-0.00847557 6.88772 0)
(0.00248891 7.51515 0)
(-0.023338 7.61456 0)
(0.00516597 7.60901 0)
(-0.0246773 7.62689 0)
(0.00478942 7.6101 0)
(-0.0220068 7.62674 0)
(0.00192507 7.61587 0)
(-0.0161157 7.62855 0)
(-0.00126824 7.62302 0)
(-0.00638909 7.62678 0)
(-0.00427394 7.62322 0)
(-0.00143422 7.62559 0)
(-0.00521552 7.62208 0)
(0.000796747 7.62464 0)
(-0.00472142 7.61802 0)
(0.00126958 7.56286 0)
(-0.00314348 6.93414 0)
(0.000479304 3.67748 0)
(-1.4097 3.98787 -1.30408e-21)
(1.34271 4.93445 8.65675e-18)
(0.538356 4.66746 -7.66749e-18)
(0.952161 4.24847 0)
(0.931829 3.97014 0)
(0.948436 3.717 -1.1424e-17)
(0.934376 3.47193 1.05583e-17)
(0.772559 3.17348 -1.15231e-17)
(0.475555 2.84421 1.84965e-19)
(0.261851 1.84827 1.24774e-17)
(-0.181868 4.44142 -1.69592e-21)
(0.625153 4.32295 9.68449e-19)
(0.344546 4.10242 0)
(0.510208 3.9025 0)
(0.518585 3.67884 3.47232e-19)
(0.527618 3.46897 2.26376e-17)
(0.467582 3.29517 -1.18976e-17)
(0.369311 3.09941 -1.87038e-19)
(0.267448 2.78001 1.81782e-19)
(0.155332 1.76234 0)
(-0.0938748 3.30045 9.25743e-18)
(0.495386 3.79221 -9.27406e-18)
(0.352077 3.78947 0)
(0.422767 3.59159 1.06111e-17)
(0.395756 3.45917 -7.58882e-21)
(0.364307 3.34992 -1.12141e-17)
(0.301006 3.2652 -1.22721e-17)
(0.229557 3.18278 -1.67355e-21)
(0.166586 2.98281 1.89754e-19)
(0.0584634 2.04488 0)
(-0.113203 2.89563 -4.53341e-18)
(0.228282 3.57991 0)
(0.154353 3.57012 -5.37881e-18)
(0.209444 3.49381 -5.27581e-18)
(0.20564 3.3878 3.58392e-19)
(0.198933 3.29153 -6.30875e-18)
(0.174213 3.21946 6.02435e-18)
(0.134195 3.16138 -1.86274e-19)
(0.0996218 3.02087 2.90196e-19)
(0.0530656 2.13633 6.36358e-18)
(-0.0310675 2.55761 -4.98404e-18)
(0.192465 3.34306 0)
(0.143342 3.40597 1.07887e-17)
(0.167409 3.34315 -5.83602e-18)
(0.149721 3.28287 -2.83315e-21)
(0.128992 3.24811 3.37416e-19)
(0.107374 3.22311 -1.68931e-20)
(0.0895498 3.18961 -6.15679e-18)
(0.083928 3.0666 1.92268e-19)
(0.01566 2.23554 -1.29854e-17)
(-0.0402037 2.37822 0)
(0.0694794 3.2511 -5.24572e-18)
(0.0396106 3.3384 -1.05671e-19)
(0.0655637 3.30645 -3.50301e-19)
(0.0691391 3.26463 3.55465e-19)
(0.0666824 3.22136 5.97603e-18)
(0.0709574 3.19045 6.05572e-18)
(0.0586303 3.17569 1.21185e-17)
(0.0619495 3.08026 6.38039e-18)
(0.0281916 2.3069 -3.72163e-21)
(-0.025627 2.30826 0)
(0.050793 3.16063 5.33218e-18)
(0.0314362 3.25732 -5.50576e-18)
(0.0449941 3.23483 -3.52194e-19)
(0.0477941 3.20806 7.18318e-19)
(0.0456832 3.19123 9.14113e-22)
(0.0450616 3.18754 -3.83211e-19)
(0.0445396 3.17509 -6.31004e-18)
(0.0585381 3.09649 -6.19141e-18)
(0.0107452 2.38764 -7.35485e-21)
(-0.0342691 2.28095 5.24939e-18)
(-0.00322491 3.13089 -2.50344e-19)
(-0.0136171 3.22726 1.74428e-19)
(0.00097836 3.21607 0)
(0.0138411 3.19532 0)
(0.0211287 3.17974 0)
(0.0349288 3.16443 0)
(0.0370004 3.16021 6.3464e-18)
(0.0493997 3.10223 -6.18028e-18)
(0.0198869 2.46144 6.59221e-18)
(-0.0534012 2.32914 1.19831e-19)
(-0.017137 3.10822 5.32084e-18)
(-0.0128157 3.18435 0)
(-0.00244877 3.17425 -3.61474e-19)
(0.00999649 3.1614 3.713e-19)
(0.0180536 3.15314 0)
(0.0229803 3.15652 -1.94778e-19)
(0.0285315 3.15231 -6.16326e-18)
(0.0452858 3.10458 6.31666e-18)
(0.0106763 2.52779 0)
(-0.0458363 2.43551 -6.04747e-20)
(-0.0307751 3.104 -8.19306e-18)
(-0.0233641 3.16432 0)
(-0.0155864 3.15636 0)
(-0.00517691 3.14647 3.71745e-19)
(0.00548598 3.1376 -3.04657e-18)
(0.0166266 3.12783 -3.90886e-19)
(0.0217401 3.12562 3.20607e-18)
(0.0373275 3.09492 0)
(0.018352 2.58266 0)
(-0.0373777 2.51037 -8.18038e-18)
(-0.0334228 3.09042 2.77676e-18)
(-0.0154064 3.12472 0)
(-0.0104077 3.11614 0)
(-0.00389612 3.10741 0)
(0.00461525 3.10274 6.10617e-18)
(0.0134749 3.10601 0)
(0.0190439 3.10756 -3.41523e-18)
(0.0391494 3.08275 2.05992e-19)
(0.0171535 2.64373 3.37277e-18)
(-0.0404881 2.58588 2.80304e-18)
(-0.0396462 3.07484 -2.60989e-19)
(-0.0293177 3.10197 3.044e-18)
(-0.0196215 3.09575 2.93388e-18)
(-0.0111299 3.08904 0)
(0.000514737 3.08631 -3.07594e-18)
(0.0138182 3.08232 0)
(0.0229756 3.08464 0)
(0.039872 3.07473 0)
(0.0217946 2.70877 -3.38843e-18)
(-0.0325099 2.68406 -2.64474e-18)
(-0.041083 3.06596 2.7179e-18)
(-0.0214687 3.07454 -2.86188e-18)
(-0.0127634 3.06304 -4.40585e-18)
(-0.000941804 3.05809 0)
(0.00798247 3.05521 3.8661e-19)
(0.0182615 3.05692 -1.98158e-19)
(0.0254454 3.06136 1.42668e-18)
(0.0424602 3.05642 1.77706e-18)
(0.0227699 2.77379 -1.81915e-18)
(-0.03185 2.76861 2.71594e-18)
(-0.0434663 3.04601 -2.6117e-18)
(-0.0298855 3.04645 1.79061e-19)
(-0.0179323 3.03959 1.09999e-18)
(-0.00838802 3.03437 -1.50771e-18)
(0.00298434 3.03239 0)
(0.0140292 3.03255 1.5955e-18)
(0.0245275 3.03652 4.94217e-21)
(0.0427174 3.04038 -3.35901e-18)
(0.0257876 2.83651 -6.33302e-21)
(-0.031666 2.85708 -6.84754e-19)
(-0.0460203 3.02112 1.74469e-19)
(-0.0286277 3.01705 -8.96126e-19)
(-0.0153183 3.01319 3.6862e-19)
(-0.00528395 3.01204 1.85822e-18)
(0.00383566 3.01155 -7.62973e-19)
(0.0134213 3.01228 -7.96648e-19)
(0.0233977 3.01534 -8.18753e-19)
(0.041803 3.01772 1.68838e-18)
(0.0268747 2.89601 8.6368e-19)
(-0.0164964 2.94119 5.51736e-19)
(-0.0249526 3.00135 2.4287e-19)
(-0.0133706 3.00144 4.96557e-19)
(-0.0068272 3.00104 -1.02073e-18)
(-0.00247099 3.00166 3.44903e-19)
(0.00205292 3.00172 7.06242e-19)
(0.00600708 3.00037 -7.34919e-19)
(0.0104185 2.99991 -7.55401e-19)
(0.0221328 3.00022 9.73334e-20)
(0.0151519 2.95358 6.97347e-19)
)
;

boundaryField
{
    wall-4
    {
        type            noSlip;
    }
    pressure-outlet-7
    {
        type            zeroGradient;
    }
    velocity-inlet-6
    {
        type            fixedValue;
        value           uniform (0 3 0);
    }
    velocity-inlet-5
    {
        type            parabolicVelocity;
        maxValue        10;
        n               (1 0 0);
        y               (0 1 0);
        value           nonuniform List<vector> 
20
(
(0.381518 0 0)
(1.19474 0 0)
(2.1232 0 0)
(3.16908 0 0)
(4.32585 0 0)
(5.57242 0 0)
(6.86447 0 0)
(8.12141 0 0)
(9.20707 0 0)
(9.90123 0 0)
(9.90123 0 0)
(9.20707 0 0)
(8.12141 0 0)
(6.86447 0 0)
(5.57242 0 0)
(4.32585 0 0)
(3.16908 0 0)
(2.1232 0 0)
(1.19474 0 0)
(0.381518 0 0)
)
;
    }
    frontAndBackPlanes
    {
        type            empty;
    }
}


// ************************************************************************* //
