/*--------------------------------*- C++ -*----------------------------------*\
| =========                 |                                                 |
| \\      /  F ield         | OpenFOAM: The Open Source CFD Toolbox           |
|  \\    /   O peration     | Version:  2412                                  |
|   \\  /    A nd           | Website:  www.openfoam.com                      |
|    \\/     M anipulation  |                                                 |
\*---------------------------------------------------------------------------*/
FoamFile
{
    version     2.0;
    format      ascii;
    arch        "LSB;label=32;scalar=64";
    class       volVectorField;
    location    "5.25";
    object      U;
}
// * * * * * * * * * * * * * * * * * * * * * * * * * * * * * * * * * * * * * //

dimensions      [0 1 -1 0 0 0 0];

internalField   nonuniform List<vector> 
2200
(
(0.375115 -0.000475302 0)
(1.19313 -0.000503514 0)
(2.12247 0.000809475 0)
(3.16857 0.000996406 0)
(4.32553 0.00161273 0)
(5.57188 0.00252737 0)
(6.86357 0.00299225 0)
(8.12047 0.00332908 0)
(9.20616 0.0035126 0)
(9.9009 0.00360877 0)
(9.90061 0.00350191 0)
(9.20659 0.00332501 0)
(8.1211 0.00270599 0)
(6.86382 0.00253355 0)
(5.57185 0.00195471 0)
(4.32518 0.00178435 0)
(3.16818 0.00136996 0)
(2.12221 0.00127793 0)
(1.19223 0.00171555 0)
(0.373074 0.00118484 0)
(0.377141 0.00190272 0)
(1.19181 0.000709653 0)
(2.12363 0.00228795 0)
(3.16963 0.00371025 0)
(4.32611 0.00625207 0)
(5.57411 0.00752073 0)
(6.86544 0.00973808 0)
(8.12195 0.011409 0)
(9.20755 0.0122039 0)
(9.90024 0.0120734 0)
(9.90016 0.0109102 0)
(9.20547 0.00938152 0)
(8.11925 0.00773905 0)
(6.86252 0.0062117 0)
(5.57019 0.0050601 0)
(4.32316 0.00387923 0)
(3.16571 0.00293921 0)
(2.11754 0.00180572 0)
(1.18488 0.00246051 0)
(0.370496 -0.00151806 0)
(0.384497 0.0044688 0)
(1.19344 0.00293219 0)
(2.12706 0.00557908 0)
(3.17367 0.00794728 0)
(4.32989 0.0109665 0)
(5.57361 0.0142909 0)
(6.86554 0.0165427 0)
(8.12127 0.0178114 0)
(9.20665 0.0198697 0)
(9.89802 0.0192796 0)
(9.89759 0.0165028 0)
(9.20187 0.0138832 0)
(8.11562 0.0119187 0)
(6.85753 0.0092847 0)
(5.5649 0.0069963 0)
(4.31862 0.00508692 0)
(3.16133 0.00336443 0)
(2.11283 0.00124264 0)
(1.1779 0.000351558 0)
(0.372138 -0.00390539 0)
(0.403434 0.00636465 0)
(1.1994 0.00686486 0)
(2.13443 0.0119209 0)
(3.18084 0.0140465 0)
(4.33536 0.0179179 0)
(5.57935 0.022233 0)
(6.86919 0.0232327 0)
(8.12241 0.0259828 0)
(9.20694 0.0272288 0)
(9.89504 0.0265026 0)
(9.8936 0.0240148 0)
(9.19728 0.0200538 0)
(8.10982 0.0156126 0)
(6.85364 0.0110995 0)
(5.562 0.00614432 0)
(4.31537 0.00284988 0)
(3.15855 0.00175826 0)
(2.10966 -0.000475742 0)
(1.17217 -0.00143286 0)
(0.382234 -0.00445166 0)
(0.436043 0.00568522 0)
(1.21269 0.0129594 0)
(2.152 0.0172072 0)
(3.19731 0.0245836 0)
(4.34665 0.0304847 0)
(5.58788 0.0300622 0)
(6.87348 0.0329702 0)
(8.12429 0.034564 0)
(9.2078 0.0356024 0)
(9.89111 0.0338445 0)
(9.88924 0.0287356 0)
(9.19197 0.0230337 0)
(8.10546 0.0166226 0)
(6.84751 0.010492 0)
(5.55644 0.00501018 0)
(4.31094 -0.00113812 0)
(3.15649 -0.00323306 0)
(2.11019 -0.0024796 0)
(1.16978 -0.0066247 0)
(0.398273 -0.00336523 0)
(0.472929 0.00233518 0)
(1.23509 0.0194416 0)
(2.17725 0.0202754 0)
(3.21453 0.0333593 0)
(4.36303 0.0387224 0)
(5.59987 0.0412336 0)
(6.88069 0.0437945 0)
(8.1294 0.0440797 0)
(9.21037 0.0441137 0)
(9.88862 0.0415417 0)
(9.88521 0.035043 0)
(9.18602 0.0274665 0)
(8.09711 0.0192654 0)
(6.84085 0.00936613 0)
(5.55187 0.00168472 0)
(4.30803 -0.00329327 0)
(3.15328 -0.00770194 0)
(2.11038 -0.00612286 0)
(1.17424 -0.0126971 0)
(0.422383 -0.000535597 0)
(0.512327 0.000127563 0)
(1.2831 0.025325 0)
(2.1966 0.0244198 0)
(3.22744 0.0378685 0)
(4.38044 0.0414846 0)
(5.61456 0.0515086 0)
(6.89215 0.0540721 0)
(8.13461 0.0533543 0)
(9.21298 0.0534555 0)
(9.8842 0.0490975 0)
(9.87954 0.0407 0)
(9.17879 0.0305109 0)
(8.09211 0.0187329 0)
(6.83638 0.00733774 0)
(5.54598 -0.00172208 0)
(4.30234 -0.00468243 0)
(3.14456 -0.0102117 0)
(2.10571 -0.0100865 0)
(1.1944 -0.0167286 0)
(0.443249 0.0022191 0)
(0.556545 0.00202401 0)
(1.34239 0.0291576 0)
(2.20332 0.0335174 0)
(3.23932 0.0395568 0)
(4.39479 0.0477883 0)
(5.62785 0.0600211 0)
(6.90583 0.0638567 0)
(8.14588 0.0665509 0)
(9.22009 0.06556 0)
(9.88161 0.0583777 0)
(9.87392 0.046373 0)
(9.17307 0.0332167 0)
(8.08415 0.0194508 0)
(6.82763 0.00710141 0)
(5.53584 -0.00109484 0)
(4.29235 -0.00538093 0)
(3.13485 -0.011351 0)
(2.09092 -0.015653 0)
(1.23283 -0.020112 0)
(0.467274 0.000907468 0)
(0.611677 0.00491623 0)
(1.41164 0.0299405 0)
(2.20831 0.0420086 0)
(3.26281 0.0408913 0)
(4.40402 0.0516345 0)
(5.63535 0.063292 0)
(6.91215 0.0699591 0)
(8.14857 0.0750716 0)
(9.2245 0.0760739 0)
(9.87836 0.0683328 0)
(9.86932 0.0530547 0)
(9.163 0.0363065 0)
(8.0734 0.0206803 0)
(6.81352 0.0113268 0)
(5.51904 0.00262213 0)
(4.27381 -0.00388068 0)
(3.12194 -0.00798504 0)
(2.06037 -0.019743 0)
(1.27497 -0.0194932 0)
(0.499428 -0.00193841 0)
(0.66984 0.00732523 0)
(1.48071 0.0280831 0)
(2.21909 0.0508039 0)
(3.28472 0.0403358 0)
(4.41584 0.0595988 0)
(5.64606 0.0651923 0)
(6.91764 0.07509 0)
(8.15203 0.0851598 0)
(9.22521 0.0877153 0)
(9.86816 0.0790111 0)
(9.85619 0.0612027 0)
(9.14793 0.0420786 0)
(8.05367 0.0264106 0)
(6.79276 0.0167409 0)
(5.50331 0.00600181 0)
(4.25797 -0.00432592 0)
(3.11215 -0.00576424 0)
(2.03611 -0.0236051 0)
(1.31879 -0.0153563 0)
(0.532787 -0.00365467 0)
(0.736972 0.00833536 0)
(1.56561 0.0276066 0)
(2.2387 0.0553979 0)
(3.31845 0.0483084 0)
(4.43342 0.0678215 0)
(5.65802 0.0732493 0)
(6.9202 0.0846914 0)
(8.14964 0.0930628 0)
(9.22316 0.0976566 0)
(9.85637 0.0896747 0)
(9.84215 0.0698335 0)
(9.12826 0.0496923 0)
(8.03051 0.0311811 0)
(6.76845 0.017879 0)
(5.48413 0.00675525 0)
(4.23973 -0.0111245 0)
(3.0987 -0.00422427 0)
(2.02083 -0.0308128 0)
(1.35895 -0.0127466 0)
(0.562927 -0.00507328 0)
(0.793382 0.0110455 0)
(1.63499 0.0281787 0)
(2.27153 0.0669702 0)
(3.34703 0.061809 0)
(4.46962 0.0860058 0)
(5.68236 0.0899866 0)
(6.92917 0.101237 0)
(8.14751 0.107781 0)
(9.21206 0.111629 0)
(9.8323 0.102574 0)
(9.81369 0.0806077 0)
(9.09499 0.0570366 0)
(7.99869 0.0359183 0)
(6.74295 0.0132513 0)
(5.4635 -0.00191701 0)
(4.23168 -0.0185528 0)
(3.08685 -0.0125936 0)
(2.01706 -0.0401936 0)
(1.40743 -0.0142525 0)
(0.597895 -0.00672383 0)
(0.888056 0.0131674 0)
(1.7525 0.0369318 0)
(2.33958 0.0851846 0)
(3.37901 0.0861789 0)
(4.51641 0.113805 0)
(5.70738 0.123374 0)
(6.94511 0.131156 0)
(8.14747 0.129561 0)
(9.19991 0.129598 0)
(9.80283 0.117836 0)
(9.77909 0.0924987 0)
(9.06005 0.0636893 0)
(7.96576 0.032609 0)
(6.72116 -0.00110412 0)
(5.44648 -0.0191478 0)
(4.23164 -0.0353871 0)
(3.06142 -0.0329496 0)
(2.02816 -0.0531955 0)
(1.46133 -0.0190759 0)
(0.63897 -0.00829464 0)
(0.965798 0.0172159 0)
(1.84607 0.0413214 0)
(2.41237 0.103578 0)
(3.40847 0.111863 0)
(4.56816 0.144561 0)
(5.73647 0.161322 0)
(6.9639 0.163434 0)
(8.15066 0.163432 0)
(9.19026 0.157769 0)
(9.76979 0.137969 0)
(9.74148 0.103444 0)
(9.01732 0.0642379 0)
(7.93098 0.0215608 0)
(6.68888 -0.0140035 0)
(5.41409 -0.0391686 0)
(4.21873 -0.0504606 0)
(3.03672 -0.0579329 0)
(2.06882 -0.0697261 0)
(1.53881 -0.0245319 0)
(0.699395 -0.00989786 0)
(1.11952 0.0183025 0)
(2.01709 0.0535069 0)
(2.53447 0.121001 0)
(3.46101 0.140312 0)
(4.60647 0.160732 0)
(5.75651 0.188611 0)
(6.97859 0.198138 0)
(8.15502 0.200256 0)
(9.18434 0.190875 0)
(9.73792 0.163238 0)
(9.70428 0.117334 0)
(8.98057 0.0645783 0)
(7.89343 0.0130324 0)
(6.65292 -0.0206388 0)
(5.38495 -0.0517864 0)
(4.19827 -0.0622242 0)
(3.01792 -0.0753075 0)
(2.12245 -0.0740161 0)
(1.62415 -0.0264589 0)
(0.765698 -0.0108358 0)
(1.22213 0.0191453 0)
(2.14761 0.0496875 0)
(2.65111 0.12518 0)
(3.52762 0.162398 0)
(4.66733 0.187377 0)
(5.79877 0.217487 0)
(7.00708 0.229838 0)
(8.16954 0.238584 0)
(9.18377 0.228625 0)
(9.7098 0.192745 0)
(9.66923 0.13193 0)
(8.93924 0.0669321 0)
(7.84921 0.00810201 0)
(6.61015 -0.0239442 0)
(5.35025 -0.0537628 0)
(4.17157 -0.0693242 0)
(3.01711 -0.0897357 0)
(2.19433 -0.0817229 0)
(1.73104 -0.0296174 0)
(0.848448 -0.0106658 0)
(1.40921 0.023532 0)
(2.35286 0.0667974 0)
(2.80857 0.145234 0)
(3.61591 0.187078 0)
(4.72143 0.21595 0)
(5.84592 0.236938 0)
(7.02794 0.261525 0)
(8.18091 0.278765 0)
(9.18247 0.267849 0)
(9.68225 0.228048 0)
(9.6352 0.15136 0)
(8.89862 0.0766859 0)
(7.80157 0.0145712 0)
(6.56118 -0.0245704 0)
(5.3229 -0.0579955 0)
(4.13875 -0.0883441 0)
(3.01834 -0.0971019 0)
(2.26707 -0.0821235 0)
(1.83268 -0.0281877 0)
(0.917948 -0.00959753 0)
(1.55099 0.0206432 0)
(2.52793 0.0617936 0)
(2.97229 0.151532 0)
(3.71896 0.208946 0)
(4.79232 0.253894 0)
(5.90881 0.278488 0)
(7.05104 0.301651 0)
(8.1902 0.311679 0)
(9.16931 0.305504 0)
(9.64075 0.26414 0)
(9.58053 0.178673 0)
(8.82537 0.0976143 0)
(7.72172 0.0312194 0)
(6.49229 -0.0288104 0)
(5.28377 -0.0643048 0)
(4.09767 -0.103363 0)
(3.03369 -0.110092 0)
(2.35843 -0.0917775 0)
(1.9573 -0.0330155 0)
(1.00552 -0.00864183 0)
(1.7518 0.0296826 0)
(2.76463 0.0797878 0)
(3.16462 0.175486 0)
(3.84937 0.235446 0)
(4.86817 0.296734 0)
(5.97469 0.325158 0)
(7.07209 0.353676 0)
(8.18455 0.356065 0)
(9.12482 0.347566 0)
(9.5532 0.307703 0)
(9.4828 0.21783 0)
(8.72281 0.131139 0)
(7.62816 0.0491168 0)
(6.41777 -0.0365162 0)
(5.23825 -0.0769121 0)
(4.05353 -0.12122 0)
(3.05677 -0.114588 0)
(2.45995 -0.0917554 0)
(2.07921 -0.0297042 0)
(1.07833 -0.0065431 0)
(1.97093 0.0256337 0)
(2.99812 0.0810708 0)
(3.3888 0.186752 0)
(4.00881 0.26475 0)
(4.9729 0.337711 0)
(6.05916 0.377103 0)
(7.11206 0.423377 0)
(8.1908 0.425464 0)
(9.07878 0.415424 0)
(9.45171 0.363667 0)
(9.36379 0.255221 0)
(8.6057 0.147208 0)
(7.51594 0.0480135 0)
(6.32487 -0.043687 0)
(5.17627 -0.0864556 0)
(4.01907 -0.138509 0)
(3.1045 -0.126745 0)
(2.57277 -0.0955627 0)
(2.21883 -0.0326512 0)
(1.15615 -0.00148185 0)
(2.17599 0.034908 0)
(3.27432 0.0920153 0)
(3.62678 0.212167 0)
(4.1962 0.292985 0)
(5.09377 0.385592 0)
(6.14452 0.435391 0)
(7.16382 0.492497 0)
(8.22302 0.511593 0)
(9.05105 0.501778 0)
(9.37034 0.437392 0)
(9.26839 0.294383 0)
(8.51185 0.165703 0)
(7.42275 0.0521974 0)
(6.2492 -0.0385042 0)
(5.10993 -0.0964187 0)
(3.99296 -0.149155 0)
(3.16123 -0.129531 0)
(2.70395 -0.096879 0)
(2.36267 -0.023788 0)
(1.21045 0.00348903 0)
(2.49274 0.0312779 0)
(3.57544 0.105198 0)
(3.91872 0.224676 0)
(4.4217 0.332825 0)
(5.25975 0.440692 0)
(6.26567 0.502114 0)
(7.24961 0.568169 0)
(8.27053 0.603499 0)
(9.03275 0.594037 0)
(9.30841 0.520682 0)
(9.18632 0.344563 0)
(8.40769 0.199131 0)
(7.30235 0.0699497 0)
(6.13929 -0.0283586 0)
(5.0172 -0.0968838 0)
(3.97003 -0.150199 0)
(3.22443 -0.123775 0)
(2.84065 -0.079978 0)
(2.52414 -0.0201211 0)
(1.23356 0.0158678 0)
(2.7094 0.0448756 0)
(3.90807 0.108643 0)
(4.21483 0.258859 0)
(4.67138 0.368449 0)
(5.43584 0.497369 0)
(6.38355 0.582106 0)
(7.33027 0.658141 0)
(8.30589 0.706127 0)
(8.9815 0.694806 0)
(9.20219 0.610055 0)
(9.0557 0.412793 0)
(8.26379 0.253838 0)
(7.16914 0.111679 0)
(6.0347 -0.00282867 0)
(4.93319 -0.103141 0)
(3.96311 -0.146114 0)
(3.32076 -0.121273 0)
(2.99187 -0.0750751 0)
(2.66081 0.00334004 0)
(1.21509 0.0174989 0)
(3.15073 0.0484885 0)
(4.27832 0.14678 0)
(4.58157 0.290915 0)
(4.97417 0.432428 0)
(5.66689 0.591143 0)
(6.54386 0.699634 0)
(7.43398 0.790509 0)
(8.35096 0.846027 0)
(8.9013 0.819863 0)
(9.05233 0.724706 0)
(8.87671 0.492027 0)
(8.08444 0.305969 0)
(6.99988 0.135799 0)
(5.87005 -0.00824439 0)
(4.81393 -0.100569 0)
(3.96081 -0.13921 0)
(3.41315 -0.103049 0)
(3.17364 -0.0575831 0)
(2.79857 -0.00563671 0)
(1.17306 0.0339412 0)
(3.4595 0.072953 0)
(4.71821 0.162866 0)
(4.96568 0.362676 0)
(5.3013 0.530061 0)
(5.92015 0.716245 0)
(6.71456 0.859084 0)
(7.55844 0.966917 0)
(8.37051 1.02091 0)
(8.79434 0.979874 0)
(8.90135 0.84664 0)
(8.67782 0.576615 0)
(7.89074 0.357139 0)
(6.83493 0.166689 0)
(5.7392 0.00452891 0)
(4.74495 -0.0982957 0)
(3.99705 -0.128181 0)
(3.53894 -0.0985092 0)
(3.3023 -0.0398958 0)
(2.99516 0.0237132 0)
(1.09745 0.0474977 0)
(4.15352 0.109493 0)
(5.19163 0.26408 0)
(5.41986 0.474091 0)
(5.68735 0.687214 0)
(6.22576 0.903246 -2.51904e-33)
(6.92563 1.06861 5.54102e-34)
(7.707 1.18912 0)
(8.38094 1.22023 0)
(8.68996 1.15681 0)
(8.7478 0.988724 0)
(8.46455 0.678627 0)
(7.67649 0.431457 0)
(6.62745 0.200592 0)
(5.53798 0.00287729 0)
(4.6184 -0.0666528 0)
(3.99307 -0.0868914 0)
(3.63385 -0.0245924 0)
(3.4765 0.0217476 0)
(3.03412 0.0857678 0)
(0.837539 0.0486352 0)
(4.85957 0.26957 -5.00246e-19)
(5.73355 0.395786 4.24549e-19)
(5.86404 0.708799 0)
(6.0727 0.927893 -1.74148e-19)
(6.52956 1.15162 1.40566e-19)
(7.14027 1.31974 -5.8759e-34)
(7.83145 1.4355 0)
(8.34902 1.43693 8.58242e-20)
(8.55508 1.35986 -3.93528e-19)
(8.5541 1.16374 9.5998e-20)
(8.19091 0.816405 0)
(7.39134 0.540844 -4.41711e-19)
(6.35007 0.251556 -5.34615e-19)
(5.36864 0.0610716 9.25858e-19)
(4.62035 -0.00957867 -7.33076e-19)
(4.13829 -0.00409655 0)
(3.86345 0.05387 -2.92802e-19)
(3.67229 0.102144 0)
(3.02706 0.111201 -1.50293e-18)
(0.603049 0.0555314 1.81721e-18)
(5.29956 0.518606 -1.10166e-20)
(6.16146 0.689698 -2.209e-18)
(6.25294 0.990906 4.23722e-19)
(6.38704 1.2097 1.01056e-18)
(6.76783 1.4229 2.94229e-19)
(7.27766 1.59596 -4.3864e-19)
(7.88104 1.70338 0)
(8.25555 1.69134 0)
(8.3819 1.60147 7.08326e-19)
(8.30486 1.38994 0)
(7.87034 1.01049 1.59593e-18)
(7.06028 0.695265 4.82489e-19)
(6.06068 0.363983 -2.84832e-20)
(5.20496 0.181666 -1.15908e-18)
(4.58539 0.129403 0)
(4.23015 0.148122 0)
(4.05403 0.215117 -5.13703e-18)
(3.9164 0.265892 1.29122e-17)
(3.18486 0.238923 -7.66043e-18)
(0.656688 0.0706942 -9.07781e-18)
(5.63054 0.824015 2.45146e-18)
(6.55507 1.11974 -9.09144e-19)
(6.58472 1.36418 -2.77995e-19)
(6.66437 1.52352 -1.86352e-18)
(6.95682 1.72224 3.66597e-19)
(7.36642 1.89298 1.19331e-18)
(7.86681 1.99228 -2.40722e-19)
(8.13115 1.97171 0)
(8.18925 1.86388 -1.65399e-18)
(8.04005 1.63487 2.27541e-18)
(7.55712 1.22724 -4.44715e-18)
(6.75702 0.87189 2.23027e-18)
(5.85728 0.546015 -1.66813e-18)
(5.19291 0.416275 3.60199e-18)
(4.76134 0.390715 0)
(4.48378 0.447875 -1.39526e-18)
(4.31172 0.503566 0)
(4.0617 0.514835 7.74161e-18)
(3.2172 0.386898 -1.83195e-17)
(0.796651 0.143261 1.15271e-17)
(5.86749 1.13288 -1.05518e-17)
(6.84545 1.57061 5.68796e-18)
(6.86819 1.74681 9.06331e-19)
(6.88916 1.87208 0)
(7.09961 2.05295 1.12542e-18)
(7.42329 2.20829 -1.26609e-18)
(7.8152 2.29964 1.46061e-19)
(7.98776 2.27152 0)
(7.99287 2.14169 1.20915e-18)
(7.7797 1.89076 -1.55234e-18)
(7.26336 1.46279 4.21603e-18)
(6.49583 1.08404 0)
(5.70199 0.79005 -3.58455e-18)
(5.12373 0.670078 1.95998e-18)
(4.72388 0.64 5.23709e-18)
(4.50403 0.642619 -4.61136e-18)
(4.35338 0.687464 7.53366e-18)
(4.16628 0.730942 -1.66922e-17)
(3.41514 0.573858 1.05892e-17)
(1.04019 0.240018 -1.33405e-17)
(6.02712 1.43293 6.11807e-18)
(7.09106 2.01326 -6.35928e-18)
(7.09156 2.13132 2.86992e-18)
(7.05915 2.23565 -4.12044e-18)
(7.20514 2.38523 2.93412e-18)
(7.44352 2.53456 -5.2839e-19)
(7.72548 2.60988 5.13847e-20)
(7.83018 2.57664 -6.53592e-19)
(7.79068 2.42505 -1.41082e-18)
(7.52511 2.15079 -3.68782e-18)
(6.9847 1.7127 -9.22107e-18)
(6.2592 1.32689 -3.16825e-18)
(5.572 1.06665 5.29988e-20)
(5.12718 0.976558 -7.25369e-18)
(4.85473 0.979815 -2.02895e-19)
(4.63985 1.00281 6.90279e-18)
(4.49502 1.01339 -2.15808e-18)
(4.25302 1.01952 -1.23088e-18)
(3.43133 0.757123 0)
(1.18057 0.332821 2.94553e-17)
(6.11985 1.71931 0)
(7.23681 2.43567 1.8291e-18)
(7.24522 2.53097 0)
(7.19469 2.59418 -3.52914e-19)
(7.27367 2.73125 -3.43085e-18)
(7.43891 2.86844 9.85469e-19)
(7.61201 2.92019 -2.25137e-19)
(7.67136 2.87524 1.33823e-18)
(7.58837 2.70466 -9.82155e-19)
(7.28281 2.40845 1.44947e-18)
(6.73183 1.96787 5.03971e-18)
(6.0668 1.58757 7.02396e-18)
(5.48079 1.36239 -4.38801e-18)
(5.07397 1.27055 7.95502e-18)
(4.7747 1.23366 -6.3632e-18)
(4.60585 1.20104 0)
(4.48368 1.18747 -1.66941e-17)
(4.28393 1.19102 2.23581e-17)
(3.57281 0.948653 1.70944e-18)
(1.39675 0.457938 -3.18188e-17)
(6.15922 1.95768 -4.43144e-19)
(7.34852 2.8563 -5.06706e-18)
(7.37285 2.87301 -1.45388e-17)
(7.28051 2.94769 8.36138e-18)
(7.31444 3.07273 -2.06392e-18)
(7.40148 3.19112 1.19379e-18)
(7.49158 3.2239 -6.72036e-19)
(7.50729 3.16363 -1.82993e-20)
(7.38803 2.9758 -3.30406e-18)
(7.05181 2.66108 -6.47126e-20)
(6.49989 2.22396 -5.64393e-18)
(5.88369 1.85904 -7.59962e-18)
(5.3691 1.65222 4.92785e-18)
(5.04803 1.5606 -2.89233e-18)
(4.85664 1.53359 6.98339e-18)
(4.69518 1.54532 0)
(4.54771 1.50504 -1.04479e-17)
(4.31296 1.49461 1.54534e-17)
(3.59034 1.15721 2.98759e-17)
(1.49065 0.56286 -3.50491e-17)
(6.15902 2.22058 -1.81963e-17)
(7.40248 3.20986 1.21164e-17)
(7.44649 3.2006 9.41732e-18)
(7.3383 3.28125 -9.05269e-18)
(7.31968 3.4048 3.77764e-19)
(7.34193 3.49944 2.85991e-18)
(7.37611 3.51538 2.39254e-20)
(7.34764 3.43932 -7.06241e-19)
(7.19605 3.23627 -2.30445e-18)
(6.83715 2.90694 3.73996e-18)
(6.2943 2.47505 5.31792e-18)
(5.73363 2.12537 1.19276e-17)
(5.29387 1.92552 0)
(4.99143 1.82138 2.02256e-19)
(4.7467 1.75191 -1.93998e-17)
(4.59669 1.71276 4.46018e-18)
(4.47686 1.65189 2.25388e-17)
(4.27702 1.65093 -6.55058e-18)
(3.58577 1.34574 1.44246e-17)
(1.51929 0.643718 -1.11929e-18)
(6.16686 2.39638 7.13841e-19)
(7.43446 3.59634 1.11955e-17)
(7.5206 3.50355 7.04165e-18)
(7.36408 3.59196 -1.56157e-17)
(7.29107 3.71628 1.00708e-17)
(7.26842 3.78993 -3.32711e-18)
(7.25624 3.78907 -7.82546e-20)
(7.18951 3.69733 1.4648e-18)
(7.01098 3.48295 3.7541e-18)
(6.63675 3.14443 -5.05024e-18)
(6.11195 2.7194 0)
(5.59099 2.38381 -4.6541e-18)
(5.19289 2.18884 5.33818e-18)
(4.93277 2.08419 7.07206e-18)
(4.76812 2.00842 -4.0617e-18)
(4.63148 2.00548 -1.01774e-17)
(4.50001 1.92535 -3.08709e-18)
(4.28132 1.89707 -5.29809e-20)
(3.58523 1.49781 0)
(1.50281 0.720195 0)
(6.08811 2.61809 -1.20562e-17)
(7.45558 3.90624 0)
(7.55113 3.77993 7.89522e-18)
(7.34489 3.90594 -3.59737e-18)
(7.24216 4.00596 -1.0165e-17)
(7.18407 4.06086 2.90271e-18)
(7.13905 4.04141 -1.54215e-19)
(7.03921 3.93721 -7.14418e-19)
(6.83617 3.71444 2.54059e-18)
(6.45215 3.37016 -2.12121e-18)
(5.94688 2.95374 2.99514e-18)
(5.4607 2.62833 1.4441e-17)
(5.10216 2.42138 5.04139e-19)
(4.84264 2.29786 -7.22198e-18)
(4.63262 2.18957 1.38664e-17)
(4.47581 2.15391 1.63658e-19)
(4.36793 2.04408 3.3138e-18)
(4.16513 2.03578 -1.62008e-17)
(3.51997 1.63716 1.66463e-17)
(1.46332 0.763526 -1.83111e-17)
(6.04207 2.85047 -1.30785e-20)
(7.44708 4.20448 0)
(7.54839 4.05754 0)
(7.30321 4.18263 3.20962e-18)
(7.17494 4.26489 3.9025e-18)
(7.09282 4.30422 -2.12208e-18)
(7.02074 4.27085 1.34459e-18)
(6.89212 4.15732 0)
(6.66806 3.92893 -4.12686e-18)
(6.27888 3.58307 7.42877e-18)
(5.79199 3.17478 9.0444e-18)
(5.33296 2.86062 -5.44763e-18)
(4.99066 2.65138 -6.72997e-18)
(4.74764 2.52225 1.58661e-17)
(4.60271 2.41131 -4.90483e-18)
(4.46545 2.37321 -5.94313e-18)
(4.36662 2.2602 -3.6354e-18)
(4.14383 2.20921 -1.75654e-17)
(3.47914 1.75721 2.39824e-18)
(1.41172 0.802236 1.97768e-17)
(5.95462 3.01518 -4.86874e-18)
(7.42818 4.50243 -6.81815e-18)
(7.50798 4.32711 8.07562e-19)
(7.2345 4.45317 5.58812e-20)
(7.10032 4.50347 1.1415e-18)
(7.0028 4.52269 -5.31229e-18)
(6.90685 4.47822 0)
(6.75219 4.35856 7.76539e-19)
(6.50937 4.12678 -6.10917e-19)
(6.11786 3.78208 1.19154e-17)
(5.64513 3.3813 -2.3233e-18)
(5.20196 3.07393 2.48172e-18)
(4.87333 2.85387 0)
(4.62907 2.6963 -8.64624e-18)
(4.4445 2.56081 1.07057e-17)
(4.28973 2.49508 0)
(4.20188 2.36681 -7.99028e-18)
(3.99602 2.31455 2.33294e-17)
(3.38454 1.86037 2.83679e-18)
(1.33707 0.82495 -2.44395e-17)
(5.85828 3.19596 -1.02499e-17)
(7.35545 4.72691 1.24609e-17)
(7.45805 4.56787 0)
(7.1659 4.69646 7.51503e-18)
(7.02751 4.71668 0)
(6.91476 4.71948 4.99174e-18)
(6.79391 4.66662 0)
(6.61497 4.54116 0)
(6.35803 4.30749 -1.52197e-18)
(5.96517 3.96651 -1.15732e-17)
(5.50347 3.5749 -1.67579e-17)
(5.07152 3.27321 3.08459e-18)
(4.75312 3.04942 1.13969e-17)
(4.52384 2.88915 9.63481e-18)
(4.38106 2.74857 -3.42323e-17)
(4.25645 2.66463 -1.42314e-17)
(4.1597 2.52342 8.25757e-18)
(3.94004 2.44797 0)
(3.29418 1.93386 2.44304e-17)
(1.25225 0.836986 -2.63833e-17)
(5.76548 3.36496 1.12014e-17)
(7.30931 5.00385 -1.35252e-17)
(7.38429 4.81597 0)
(7.0933 4.92493 -3.88631e-19)
(6.96055 4.91637 -2.97007e-18)
(6.83064 4.9022 0)
(6.68593 4.83925 -1.96028e-19)
(6.48542 4.70758 9.74179e-19)
(6.21735 4.47271 -2.24224e-18)
(5.82209 4.13674 1.24677e-18)
(5.36834 3.75439 0)
(4.94358 3.45705 1.22666e-17)
(4.62939 3.22434 -9.60963e-21)
(4.39436 3.03982 5.18772e-18)
(4.21727 2.87554 6.31698e-18)
(4.0724 2.78186 0)
(3.98322 2.63304 -1.39927e-17)
(3.78177 2.52278 2.74318e-17)
(3.17825 2.01157 -2.96939e-17)
(1.14579 0.827701 5.71832e-17)
(5.65271 3.49456 0)
(7.23598 5.20616 0)
(7.33263 5.03501 -6.78966e-18)
(7.03622 5.13923 0)
(6.89624 5.103 0)
(6.74982 5.07269 6.23051e-18)
(6.58129 4.99965 -2.33103e-19)
(6.36246 4.86026 6.04811e-19)
(6.08561 4.62374 -3.3043e-19)
(5.68684 4.29339 0)
(5.24119 3.92186 -2.64052e-18)
(4.82444 3.63061 -1.01435e-17)
(4.5164 3.39599 -1.26188e-17)
(4.28947 3.21172 -5.18285e-18)
(4.13797 3.04397 6.8383e-18)
(4.01534 2.92174 -1.61561e-17)
(3.91673 2.76045 3.00204e-17)
(3.69644 2.6398 5.12249e-19)
(3.05086 2.04924 -2.82671e-17)
(1.02002 0.80258 -3.90561e-18)
(5.56838 3.63557 0)
(7.16508 5.42116 -9.7462e-18)
(7.26718 5.24895 7.75744e-18)
(6.97477 5.34376 0)
(6.83697 5.28199 0)
(6.67287 5.23641 -1.35945e-17)
(6.48389 5.15076 0)
(6.25064 5.00248 0)
(5.96532 4.76339 -4.93502e-18)
(5.56293 4.43859 2.24644e-18)
(5.12509 4.07765 -2.17637e-17)
(4.71393 3.7921 0)
(4.40419 3.55391 -1.33508e-17)
(4.1644 3.35457 4.43828e-19)
(3.97677 3.16624 -2.13268e-17)
(3.81926 3.03574 8.74263e-18)
(3.72387 2.86234 1.95234e-19)
(3.51728 2.68468 -3.22495e-17)
(2.89457 2.0957 1.53005e-17)
(0.882279 0.753608 4.25467e-18)
(5.47968 3.75812 0)
(7.11287 5.60799 -1.14975e-17)
(7.20932 5.44029 8.00738e-18)
(6.9204 5.52687 1.6022e-17)
(6.77666 5.45018 3.01569e-18)
(6.59848 5.39123 -1.72769e-18)
(6.39258 5.29413 1.15179e-18)
(6.1476 5.13617 6.92095e-19)
(5.85482 4.89349 5.28731e-18)
(5.44962 4.57369 1.5319e-17)
(5.01944 4.22371 1.8104e-17)
(4.61196 3.94544 3.34572e-18)
(4.29924 3.70844 1.94166e-17)
(4.05467 3.51079 1.22948e-17)
(3.87978 3.32692 1.53712e-17)
(3.74886 3.16797 -9.47713e-18)
(3.63729 2.97532 -1.17184e-17)
(3.40531 2.77965 1.3806e-17)
(2.73303 2.09017 -8.42742e-18)
(0.708736 0.695302 1.43379e-17)
(5.4074 3.87903 1.68418e-17)
(7.05162 5.79381 1.82099e-17)
(7.17006 5.62967 4.21186e-18)
(6.86866 5.71207 3.16682e-19)
(6.71836 5.61019 -1.07736e-17)
(6.5278 5.53926 3.92071e-18)
(6.30887 5.4305 -1.29224e-18)
(6.05503 5.26286 -3.19917e-19)
(5.75587 5.01612 -6.14691e-18)
(5.34879 4.70065 -1.69088e-17)
(4.92433 4.36046 1.15777e-18)
(4.5171 4.08871 0)
(4.19664 3.8539 0)
(3.93334 3.64864 -6.31439e-18)
(3.72188 3.44618 -2.44316e-17)
(3.54049 3.28066 2.03095e-17)
(3.42313 3.076 1.25075e-17)
(3.19305 2.80988 0)
(2.51615 2.10562 2.71589e-17)
(0.507723 0.582251 -1.5901e-17)
(5.33253 3.99102 -8.64087e-18)
(6.99038 5.94776 7.27243e-18)
(7.09787 5.79578 -9.66693e-18)
(6.80618 5.86727 -1.01126e-17)
(6.65911 5.7598 -4.2349e-18)
(6.45932 5.67806 1.09207e-18)
(6.23076 5.55974 0)
(5.97015 5.38301 -8.59193e-19)
(5.66644 5.13217 6.26558e-19)
(5.25753 4.81985 0)
(4.83668 4.48846 0)
(4.4279 4.22421 2.2251e-18)
(4.09988 3.99527 3.21788e-18)
(3.82734 3.79654 -6.66374e-18)
(3.61755 3.6043 1.76195e-17)
(3.4616 3.41762 -2.18753e-17)
(3.31817 3.18479 -2.69712e-17)
(3.04418 2.88159 2.42263e-17)
(2.29969 2.02819 -9.91596e-18)
(0.264945 0.450299 5.77288e-18)
(5.27087 4.10578 1.01504e-17)
(6.92893 6.11463 0)
(7.0462 5.9489 0)
(6.75136 6.02367 -3.28267e-18)
(6.60158 5.89904 2.64793e-18)
(6.3949 5.8099 -3.84777e-19)
(6.15897 5.68206 -4.1473e-18)
(5.8941 5.49725 -2.42748e-19)
(5.58675 5.24248 1.04634e-17)
(5.17551 4.93218 -1.33572e-18)
(4.75608 4.60786 2.94895e-18)
(4.34493 4.35031 -1.88048e-17)
(4.00933 4.12822 -1.95019e-17)
(3.71983 3.93274 -3.48318e-18)
(3.47167 3.72975 0)
(3.24981 3.53618 -3.33774e-19)
(3.07455 3.29196 1.39039e-17)
(2.77667 2.88385 -2.62777e-17)
(2.03553 1.95872 2.02635e-17)
(0.0681751 0.0939608 1.83555e-17)
(5.20476 4.20522 -2.19134e-17)
(6.86773 6.25517 -8.74374e-18)
(7.00505 6.11333 9.6342e-20)
(6.70373 6.16543 4.3379e-18)
(6.54545 6.02958 0)
(6.33217 5.93411 1.08276e-17)
(6.08989 5.79895 4.88045e-18)
(5.82191 5.60752 -7.51348e-19)
(5.51111 5.34944 -5.2056e-18)
(5.09635 5.04049 -1.28757e-18)
(4.67742 4.72314 1.19116e-18)
(4.26466 4.47446 1.64401e-17)
(3.92118 4.26233 1.8935e-17)
(3.6195 4.07985 3.31557e-18)
(3.36699 3.89898 1.75151e-17)
(3.16151 3.70171 0)
(2.95171 3.41609 0)
(2.56235 2.94922 1.69103e-17)
(1.62577 1.6407 1.43705e-19)
(0.115121 0.62948 -1.81267e-17)
(5.15074 4.30464 1.18296e-17)
(6.84291 6.41977 2.59966e-17)
(6.96429 6.26848 -3.76562e-17)
(6.64454 6.31547 2.16188e-17)
(6.48581 6.15772 -2.32019e-18)
(6.26915 6.05294 1.40175e-17)
(6.02258 5.9115 0)
(5.7526 5.71486 9.02761e-19)
(5.43778 5.45447 0)
(5.01933 5.14744 1.61636e-17)
(4.60113 4.83776 -1.63762e-18)
(4.18776 4.59923 1.83091e-18)
(3.83813 4.39941 2.1289e-17)
(3.52146 4.22962 -7.27996e-18)
(3.23052 4.05196 -9.25009e-18)
(2.94306 3.86053 0)
(2.63792 3.5903 0)
(2.09494 2.97286 0)
(1.0035 1.85227 -9.02695e-18)
(0.436165 1.92314 -5.62289e-18)
(5.07429 4.39268 0)
(6.7546 6.5077 0)
(6.86759 6.36423 1.33952e-17)
(6.55975 6.41893 -1.79214e-17)
(6.42852 6.27353 1.1616e-17)
(6.20393 6.16235 -1.27493e-17)
(5.9565 6.01802 -4.57835e-19)
(5.68387 5.81742 3.54512e-19)
(5.36506 5.55566 9.1036e-19)
(4.9437 5.25112 -1.8497e-17)
(4.52797 4.95017 2.7895e-18)
(4.1162 4.72424 1.61938e-17)
(3.76054 4.54054 -2.11349e-17)
(3.4296 4.39115 -2.38208e-17)
(3.12997 4.24889 8.27145e-18)
(2.8564 4.08089 0)
(2.5136 3.73614 1.31261e-17)
(1.74642 2.84493 1.56136e-17)
(1.09243 2.3276 -1.69868e-17)
(0.698772 2.84923 2.16776e-17)
(5.00248 4.47697 0)
(6.65892 6.63311 2.11572e-17)
(6.79218 6.49226 -3.42568e-18)
(6.51783 6.53657 2.26708e-17)
(6.37495 6.37779 -1.22058e-17)
(6.14228 6.26852 0)
(5.89263 6.1191 0)
(5.61685 5.91547 0)
(5.29413 5.65303 3.20568e-18)
(4.87167 5.35212 6.69775e-19)
(4.46013 5.06078 0)
(4.05129 4.84801 -1.59984e-17)
(3.69326 4.68191 0)
(3.35548 4.55315 1.69983e-17)
(3.03235 4.42388 -1.17199e-17)
(2.68886 4.25314 -9.53561e-18)
(2.23036 3.85567 -2.48105e-17)
(1.47688 3.09644 -1.37014e-17)
(1.06496 3.02717 -2.45349e-17)
(0.892467 3.41086 1.76123e-17)
(4.96466 4.54801 -7.42389e-18)
(6.65435 6.78267 3.98863e-19)
(6.82595 6.6581 -3.62705e-18)
(6.49935 6.68771 -1.75938e-17)
(6.31418 6.48651 0)
(6.08761 6.37346 0)
(5.82948 6.21611 0)
(5.55078 6.00985 4.79513e-20)
(5.22466 5.7473 -4.20229e-18)
(4.80288 5.45093 0)
(4.39687 5.16965 0)
(3.99276 4.97097 0)
(3.63417 4.82536 0)
(3.28841 4.72252 1.25877e-17)
(2.96185 4.62845 3.21567e-17)
(2.63796 4.46068 1.0208e-17)
(2.16401 3.941 2.34805e-17)
(1.65008 3.42415 -1.89632e-17)
(1.21351 3.69592 8.03407e-18)
(1.06524 3.84478 0)
(4.92338 4.61396 7.13616e-18)
(6.64039 6.88182 -4.15786e-17)
(6.7417 6.77474 -1.13884e-17)
(6.39501 6.79163 -2.73508e-18)
(6.2567 6.59887 2.79837e-18)
(6.0302 6.47441 -1.86195e-17)
(5.76681 6.31279 1.17812e-18)
(5.48637 6.10279 3.55048e-18)
(5.15783 5.84061 0)
(4.73862 5.5494 -1.16593e-18)
(4.33881 5.27778 1.06133e-18)
(3.9409 5.09249 0)
(3.58726 4.96734 0)
(3.24965 4.88906 -1.57624e-17)
(2.92735 4.8052 2.80796e-18)
(2.55803 4.60307 -9.57594e-18)
(1.97962 4.09214 2.10944e-17)
(1.41986 3.82309 1.88859e-17)
(1.07556 4.13385 -3.34683e-17)
(1.00246 4.21374 1.75716e-17)
(4.81616 4.66212 1.32623e-17)
(6.49622 6.94876 3.2554e-17)
(6.61157 6.82484 1.36419e-17)
(6.32113 6.86873 0)
(6.21488 6.70189 0)
(5.96354 6.57266 1.40475e-17)
(5.70363 6.41109 -7.09233e-18)
(5.41976 6.19705 -3.38272e-18)
(5.09088 5.93544 -1.60049e-20)
(4.67579 5.64904 1.29965e-17)
(4.28305 5.38584 -1.91188e-17)
(3.89426 5.21286 0)
(3.55058 5.10877 0)
(3.21998 5.05802 -1.11862e-17)
(2.89986 4.99852 -1.47121e-17)
(2.52953 4.78561 0)
(1.98147 4.26325 -3.11243e-17)
(1.63841 4.22232 -5.7989e-18)
(1.41363 4.65118 3.39738e-17)
(1.11851 4.64895 -1.78996e-17)
(4.75892 4.74386 -2.51698e-17)
(6.44927 7.08847 -1.56093e-17)
(6.59821 7.00141 0)
(6.30617 7.02743 0)
(6.15253 6.81326 0)
(5.89773 6.68334 0)
(5.63622 6.51157 7.45407e-18)
(5.35039 6.29379 -4.82193e-18)
(5.02329 6.03207 0)
(4.61364 5.74975 -1.17123e-17)
(4.22924 5.49356 3.44678e-17)
(3.85286 5.33122 1.47947e-18)
(3.52534 5.24554 2.25656e-18)
(3.21668 5.21791 1.8931e-17)
(2.91169 5.1604 -1.26602e-17)
(2.50814 4.88718 0)
(2.03138 4.53255 9.81409e-18)
(1.58234 4.79493 7.04642e-19)
(1.13123 5.04332 -5.17208e-18)
(0.739778 5.10605 1.07645e-17)
(4.70723 4.81062 1.19287e-17)
(6.41693 7.18592 -1.78627e-17)
(6.55562 7.12993 0)
(6.22251 7.15769 -4.06636e-18)
(6.07015 6.93272 1.50438e-17)
(5.82761 6.79694 0)
(5.5598 6.61374 0)
(5.27696 6.39216 8.86576e-18)
(4.9527 6.12946 -5.36222e-19)
(4.54977 5.85005 1.12496e-17)
(4.1755 5.59954 -1.63648e-17)
(3.81549 5.44576 1.06754e-17)
(3.50915 5.37555 0)
(3.21967 5.3692 -1.03343e-17)
(2.91833 5.32187 6.467e-18)
(2.5384 5.07675 7.01371e-18)
(2.06564 4.8133 0)
(1.71524 5.10802 4.93314e-18)
(1.28937 5.71304 8.33223e-18)
(1.16546 5.89341 2.48808e-18)
(4.60769 4.87524 -2.24877e-17)
(6.31648 7.31916 2.57347e-17)
(6.41473 7.22631 1.80053e-17)
(6.10721 7.25056 -4.64533e-18)
(5.99298 7.04207 -2.26734e-17)
(5.74143 6.9031 0)
(5.47733 6.71674 6.52282e-18)
(5.1994 6.49063 -3.79551e-18)
(4.8795 6.22669 -1.79237e-19)
(4.4845 5.94901 -9.78382e-18)
(4.12273 5.70324 -7.97819e-19)
(3.78212 5.55597 -1.19693e-17)
(3.49987 5.49533 1.46908e-17)
(3.2405 5.50015 4.70706e-18)
(2.96839 5.45526 -1.10031e-17)
(2.55511 5.17175 1.17743e-17)
(2.27499 5.01849 0)
(1.92577 5.75372 0)
(1.67958 6.30934 1.57179e-18)
(0.485566 6.35752 -5.6022e-18)
(4.49253 4.92881 1.08015e-17)
(6.17866 7.38794 2.38962e-17)
(6.3208 7.3392 -1.79361e-17)
(6.03935 7.3698 1.65472e-17)
(5.91087 7.15415 2.19897e-17)
(5.6471 7.00907 0)
(5.39089 6.8185 -6.92992e-18)
(5.11665 6.58773 -5.27292e-18)
(4.80248 6.32175 0)
(4.41715 6.04448 0)
(4.07039 5.80215 0)
(3.75172 5.65897 0)
(3.49567 5.6028 -1.67393e-17)
(3.26415 5.61198 -6.3843e-18)
(3.00593 5.55889 0)
(2.66285 5.32796 -6.04366e-18)
(2.49463 5.43912 0)
(2.526 5.77947 -2.62287e-18)
(2.59027 5.7466 1.84521e-18)
(1.41963 5.77603 2.44657e-19)
(4.41045 5.01384 -2.06549e-17)
(6.10807 7.57013 -1.52064e-17)
(6.24393 7.51813 -1.12308e-17)
(5.93925 7.5206 -1.54303e-17)
(5.80269 7.27259 -1.03058e-17)
(5.5472 7.12261 0)
(5.29597 6.92085 -1.28301e-18)
(5.0279 6.6848 6.63588e-19)
(4.72091 6.41569 -4.35766e-19)
(4.34689 6.13795 0)
(4.0178 5.89829 9.57036e-19)
(3.72305 5.75742 -1.08794e-18)
(3.49432 5.70045 0)
(3.29704 5.69983 7.87262e-18)
(3.07139 5.61811 0)
(2.84112 5.44426 4.31222e-18)
(2.78907 5.50996 -1.01243e-17)
(2.93584 5.39888 2.35764e-18)
(3.17671 4.66277 -2.39645e-18)
(1.20887 4.10238 3.18912e-18)
(4.27689 5.06039 -4.5117e-19)
(5.97077 7.63766 -7.6323e-18)
(6.10454 7.61639 1.54786e-17)
(5.81067 7.62695 -6.36536e-19)
(5.69114 7.38869 -2.74523e-18)
(5.43622 7.23381 0)
(5.19107 7.0251 6.58257e-18)
(4.93084 6.78412 4.57665e-18)
(4.63126 6.51123 1.03841e-18)
(4.27118 6.23248 -6.86075e-18)
(3.96169 5.99385 -1.13387e-17)
(3.69247 5.85285 0)
(3.49285 5.79076 1.08062e-17)
(3.32881 5.77165 -3.31235e-18)
(3.13452 5.65444 -3.58621e-18)
(2.96385 5.47416 0)
(2.89313 5.50238 4.38834e-18)
(2.85379 5.33883 -4.63671e-18)
(2.54207 4.03546 6.55615e-18)
(-0.458117 1.68178 5.75702e-18)
(4.14417 5.13004 1.80785e-17)
(5.83458 7.81976 -7.21523e-18)
(5.96166 7.78491 1.00702e-17)
(5.68093 7.76886 7.58715e-18)
(5.56928 7.51002 5.20617e-18)
(5.31302 7.34961 1.16135e-17)
(5.07854 7.13346 -1.25174e-17)
(4.82564 6.88648 -5.22739e-18)
(4.5356 6.60951 1.00154e-19)
(4.1911 6.32891 3.96812e-20)
(3.90227 6.08889 1.14072e-18)
(3.65866 5.94372 -9.42888e-18)
(3.48709 5.87187 4.33272e-18)
(3.35253 5.8234 -8.75884e-18)
(3.17836 5.65389 5.61396e-18)
(3.01588 5.45828 -3.81626e-18)
(2.89567 5.4641 8.40015e-18)
(2.71053 5.19463 -5.07839e-18)
(2.15837 3.43922 0)
(-0.208431 0.687217 9.11898e-18)
(3.99319 5.17718 0)
(5.67254 7.8873 -2.55263e-17)
(5.81913 7.90767 6.92668e-19)
(5.54727 7.90194 -1.31368e-17)
(5.43803 7.64198 0)
(5.18135 7.47143 -8.52973e-18)
(4.95681 7.24589 1.0183e-17)
(4.71179 6.99266 4.89771e-18)
(4.43193 6.71059 -6.4735e-19)
(4.1051 6.4268 5.30539e-18)
(3.83702 6.1823 9.33711e-18)
(3.61799 6.02881 3.43898e-19)
(3.47055 5.94351 -8.99365e-18)
(3.35129 5.86582 -2.53999e-18)
(3.17477 5.65085 4.34301e-18)
(3.02439 5.42555 -7.41593e-18)
(2.87908 5.39421 -4.13513e-18)
(2.63698 5.00797 4.92724e-18)
(2.03134 3.12567 0)
(-0.00825554 0.315261 0)
(3.84374 5.24841 -1.59196e-17)
(5.5228 8.09409 2.52432e-17)
(5.65013 8.09843 0)
(5.38476 8.06148 0)
(5.28692 7.7763 0)
(5.03533 7.59941 0)
(4.82469 7.36311 -4.58188e-18)
(4.58868 7.10291 -5.34179e-19)
(4.32168 6.81496 -5.72373e-19)
(4.013 6.52626 7.88919e-19)
(3.76512 6.27456 -9.62559e-18)
(3.56806 6.10737 7.49704e-18)
(3.43955 6.00548 0)
(3.32899 5.90079 9.7326e-20)
(3.16303 5.65217 -7.08692e-18)
(3.02625 5.38995 3.49942e-18)
(2.90138 5.31375 -3.86264e-18)
(2.60628 4.83209 -2.26845e-18)
(1.74683 2.72653 1.08832e-17)
(-0.160978 0.0214143 1.31325e-17)
(3.65883 5.28252 7.80893e-18)
(5.31914 8.14843 1.11212e-17)
(5.46529 8.21019 -5.23684e-19)
(5.22122 8.1918 5.98519e-18)
(5.12923 7.91563 0)
(4.87792 7.72904 1.22479e-17)
(4.68144 7.48318 -2.85933e-18)
(4.45549 7.2168 8.96525e-19)
(4.20103 6.92166 -2.46263e-19)
(3.91156 6.62585 6.82112e-19)
(3.68297 6.3649 6.58e-18)
(3.50531 6.18137 -5.32979e-18)
(3.39141 6.05874 -5.27709e-18)
(3.28871 5.93085 -2.14206e-18)
(3.13836 5.65868 5.31293e-18)
(3.01358 5.36573 -9.83571e-18)
(2.89829 5.22783 5.7893e-18)
(2.50917 4.62512 -6.78268e-18)
(1.47413 2.34018 2.00145e-17)
(-0.238977 -0.238018 -1.42889e-17)
(3.47787 5.3411 -7.31707e-18)
(5.13046 8.36372 0)
(5.26171 8.41685 -8.01285e-18)
(5.03007 8.36431 -1.12845e-17)
(4.94491 8.05822 0)
(4.70249 7.86421 -9.44641e-18)
(4.52626 7.60714 0)
(4.31007 7.33376 -4.25382e-18)
(4.07064 7.03038 1.98587e-19)
(3.8005 6.72567 2.74371e-18)
(3.58924 6.4532 -5.12154e-18)
(3.4275 6.25103 2.57508e-18)
(3.32665 6.10596 1.17476e-17)
(3.23489 5.95385 -4.16884e-18)
(3.09034 5.66433 5.06281e-18)
(2.98189 5.34235 3.09466e-18)
(2.88298 5.14782 -7.4915e-18)
(2.46766 4.48282 8.62324e-18)
(1.33254 2.14054 -5.48422e-20)
(-0.177995 -0.264392 1.51819e-18)
(3.26631 5.36009 1.38036e-17)
(4.89368 8.40716 -9.92252e-18)
(5.04503 8.52295 8.07444e-18)
(4.83425 8.49411 5.3039e-18)
(4.74945 8.20087 7.51145e-19)
(4.51482 7.99912 5.24928e-18)
(4.35646 7.7312 0)
(4.15062 7.4518 -2.2088e-19)
(3.92562 7.13957 0)
(3.67557 6.82424 -2.56802e-18)
(3.48026 6.53866 4.82082e-18)
(3.33272 6.31822 -1.01012e-18)
(3.24327 6.15021 -9.06504e-18)
(3.16026 5.97583 -4.11266e-18)
(3.02599 5.67047 2.30284e-18)
(2.92568 5.33332 -3.05336e-18)
(2.85343 5.0795 1.07163e-17)
(2.43481 4.35374 5.61158e-18)
(1.32728 2.13431 2.59674e-18)
(-0.103754 -0.202412 -1.21364e-17)
(3.04779 5.38206 4.08248e-19)
(4.65879 8.61183 5.30489e-18)
(4.79351 8.73125 0)
(4.59877 8.66696 9.31172e-18)
(4.52073 8.34052 -1.36877e-17)
(4.30758 8.13541 4.96321e-18)
(4.17064 7.8558 -2.99159e-18)
(3.97458 7.56925 3.02357e-18)
(3.76714 7.24862 -1.25924e-18)
(3.53759 6.9226 -4.54678e-19)
(3.35532 6.62149 4.45412e-18)
(3.21828 6.382 8.87851e-18)
(3.13787 6.19113 3.49862e-20)
(3.06713 5.99276 7.42739e-18)
(2.93944 5.67542 4.7964e-18)
(2.83094 5.32065 -8.58941e-18)
(2.78115 5.03139 7.20197e-18)
(2.38587 4.32401 -3.47145e-18)
(1.39546 2.27732 1.01312e-19)
(0.0110179 -0.0108202 1.22267e-17)
(2.80176 5.36488 2.3788e-17)
(4.37857 8.63126 -4.9476e-18)
(4.53462 8.81734 -1.25313e-17)
(4.35759 8.78185 1.01857e-17)
(4.28489 8.47518 -5.78653e-18)
(4.08778 8.26545 8.76437e-18)
(3.96386 7.97578 4.71434e-18)
(3.78071 7.68371 0)
(3.59123 7.35606 1.23033e-18)
(3.38104 7.01864 -4.0751e-20)
(3.21073 6.70249 -8.62866e-19)
(3.08231 6.44411 -7.71057e-18)
(3.00921 6.23241 -4.48085e-19)
(2.94515 6.00972 -1.53133e-19)
(2.8158 5.67773 7.02405e-18)
(2.68815 5.31185 3.26961e-18)
(2.65226 5.00076 -8.63461e-18)
(2.31078 4.33154 -3.82456e-18)
(1.47567 2.55752 -1.24798e-18)
(0.160317 0.314317 -1.2456e-17)
(2.54241 5.31811 0)
(4.09122 8.79326 4.2532e-18)
(4.22627 9.00953 -5.50843e-18)
(4.07269 8.94201 9.49732e-18)
(4.01755 8.60721 -1.14308e-17)
(3.8428 8.39161 4.39212e-18)
(3.73875 8.09358 0)
(3.57042 7.79575 0)
(3.39968 7.46185 0)
(3.20812 7.11373 -7.30058e-19)
(3.0464 6.78195 6.86124e-19)
(2.92238 6.50624 -1.57611e-18)
(2.84838 6.27452 -5.02783e-18)
(2.78532 6.02927 -3.70632e-18)
(2.65336 5.6794 6.63231e-18)
(2.49553 5.29935 -5.71292e-18)
(2.43654 4.98722 -3.37928e-19)
(2.17842 4.35652 1.0284e-17)
(1.47425 2.82085 -1.34452e-18)
(0.314388 0.6885 0)
(2.25963 5.2386 2.06774e-17)
(3.76553 8.78053 -3.982e-18)
(3.91904 9.06735 -8.02633e-20)
(3.7872 9.03411 0)
(3.74019 8.72459 -5.05505e-18)
(3.58125 8.50539 4.97971e-19)
(3.49135 8.2032 0)
(3.34002 7.90263 7.54617e-19)
(3.18798 7.56422 -5.96333e-19)
(3.01342 7.20723 0)
(2.8594 6.86156 0)
(2.73713 6.57144 3.41187e-18)
(2.65769 6.32438 4.99543e-18)
(2.58776 6.06329 -1.77153e-19)
(2.44391 5.70154 2.04698e-18)
(2.26307 5.30913 -2.72148e-18)
(2.1968 5.00066 0)
(1.98394 4.42811 6.46588e-18)
(1.44456 3.11544 1.04497e-17)
(0.451563 1.13877 -2.45297e-17)
(1.95356 5.06888 1.65947e-17)
(3.42306 8.84506 -3.58476e-18)
(3.55779 9.21545 4.61339e-18)
(3.45831 9.16309 -1.17277e-17)
(3.43441 8.83898 0)
(3.29713 8.61287 0)
(3.22842 8.30763 0)
(3.0944 8.0044 7.17607e-19)
(2.95873 7.66265 -5.67036e-19)
(2.80028 7.29956 0)
(2.65178 6.9428 0)
(2.52702 6.64204 -5.05187e-18)
(2.43416 6.3859 2.37488e-18)
(2.34866 6.11829 -2.77443e-18)
(2.20365 5.75907 -6.11815e-18)
(2.02777 5.36499 0)
(1.97081 5.0651 1.64213e-18)
(1.78025 4.54557 2.00474e-18)
(1.36569 3.39953 -1.9716e-17)
(0.530114 1.53996 2.40553e-17)
(1.63103 4.87262 -1.45252e-17)
(3.05752 8.78452 4.34415e-18)
(3.20253 9.23425 1.01301e-17)
(3.12888 9.22266 6.37169e-18)
(3.11189 8.92594 -5.15939e-18)
(2.99307 8.70274 -3.03864e-18)
(2.94109 8.39917 1.81216e-18)
(2.82482 8.09669 0)
(2.70833 7.75535 0)
(2.56544 7.39046 0)
(2.42305 7.02894 1.60952e-18)
(2.29552 6.72265 4.71571e-18)
(2.1924 6.46835 -2.22617e-18)
(2.10925 6.21278 1.32307e-18)
(1.98954 5.87534 4.01258e-20)
(1.82276 5.49334 0)
(1.76501 5.20536 -3.04486e-18)
(1.57998 4.737 1.52023e-17)
(1.26443 3.72087 -3.51255e-17)
(0.566203 1.92033 2.02627e-17)
(1.28436 4.48334 1.49673e-17)
(2.67235 8.67066 -1.21925e-17)
(2.81247 9.29613 0)
(2.77089 9.28955 3.08783e-18)
(2.77877 9.01092 2.09619e-18)
(2.67779 8.77992 4.22739e-18)
(2.64298 8.47958 -1.69504e-18)
(2.54499 8.17996 0)
(2.4434 7.84199 0)
(2.31548 7.48002 8.36635e-19)
(2.17935 7.12158 4.45059e-19)
(2.05387 6.82013 -2.42648e-18)
(1.95545 6.57966 -1.7915e-18)
(1.88157 6.34342 -4.03993e-18)
(1.77246 6.02997 7.99435e-18)
(1.59365 5.65618 -1.00412e-17)
(1.5344 5.36402 7.52567e-18)
(1.3579 4.92578 0)
(1.12452 3.98346 5.09615e-19)
(0.539761 2.16423 -1.91565e-17)
(0.922765 4.03094 1.50834e-17)
(2.29189 8.50711 0)
(2.42099 9.25597 0)
(2.40704 9.30634 0)
(2.41965 9.06082 1.55717e-18)
(2.33643 8.83766 -4.17045e-18)
(2.32064 8.54481 -1.51014e-18)
(2.24152 8.25083 0)
(2.16095 7.92097 0)
(2.05107 7.56846 -6.12133e-19)
(1.92789 7.22127 -9.44871e-19)
(1.81397 6.9335 1.22702e-18)
(1.71812 6.70711 -1.23204e-19)
(1.63674 6.48455 -1.51098e-18)
(1.53069 6.18547 3.82683e-18)
(1.35076 5.82271 -4.11342e-18)
(1.30256 5.522 4.25472e-18)
(1.15129 5.11787 0)
(0.980335 4.26787 -4.76264e-19)
(0.500473 2.46036 -8.94785e-18)
(0.558844 3.26169 -1.38848e-17)
(1.89512 8.1112 4.71265e-18)
(2.05426 9.19845 6.61956e-18)
(2.04742 9.3018 -6.47513e-19)
(2.07253 9.10269 -3.73276e-18)
(2.00018 8.87297 -2.04288e-18)
(1.99635 8.59066 4.21985e-18)
(1.93593 8.3078 -2.18863e-19)
(1.87287 7.99102 0)
(1.78157 7.65343 4.65327e-20)
(1.67281 7.32283 5.79034e-19)
(1.5642 7.04564 -8.39139e-19)
(1.46061 6.82546 0)
(1.36982 6.62098 1.10173e-18)
(1.27798 6.34797 0)
(1.09895 5.99706 9.18944e-19)
(1.05484 5.68177 5.37538e-19)
(0.911753 5.30473 0)
(0.79158 4.53081 0)
(0.415148 2.72097 -7.76257e-18)
(0.106133 1.93126 1.12919e-17)
(1.54222 7.65971 -4.17805e-18)
(1.65833 9.04566 2.95043e-18)
(1.66003 9.26629 -4.3516e-18)
(1.68773 9.11255 1.65493e-18)
(1.63649 8.8958 -4.98223e-19)
(1.65334 8.62205 2.25109e-19)
(1.61533 8.35078 -5.85859e-19)
(1.57541 8.04995 -2.73072e-19)
(1.50528 7.73044 1.32393e-19)
(1.40794 7.41551 8.34457e-20)
(1.30198 7.15102 0)
(1.19879 6.94425 3.1299e-19)
(1.10962 6.76214 0)
(1.04138 6.53533 0)
(0.864707 6.21486 0)
(0.814143 5.8983 3.68407e-18)
(0.684547 5.56308 -9.51592e-18)
(0.586682 4.89081 2.61824e-20)
(0.31573 3.10505 6.70184e-18)
(-0.204386 0.506702 1.95846e-18)
(1.07606 6.75629 1.73582e-18)
(1.24767 8.82271 -1.42823e-18)
(1.27186 9.18183 -8.8561e-19)
(1.31613 9.09679 7.20704e-19)
(1.27723 8.8767 4.64174e-19)
(1.31274 8.62167 2.851e-19)
(1.29739 8.36945 0)
(1.2786 8.09108 -8.5892e-20)
(1.22613 7.79343 -2.43404e-20)
(1.1411 7.4979 -1.9805e-19)
(1.04454 7.25326 0)
(0.945304 7.06958 1.04766e-20)
(0.851555 6.91012 -3.5873e-19)
(0.794988 6.73025 0)
(0.623359 6.47241 0)
(0.557441 6.18579 -2.17722e-19)
(0.424306 5.9049 0)
(0.336357 5.32587 -1.63129e-19)
(0.160912 3.52588 0)
(-0.219213 -0.45626 0)
(0.583013 5.16477 0)
(0.816197 8.27203 0)
(0.850881 9.00432 0)
(0.90311 9.00455 -1.64263e-32)
(0.916038 8.84252 1.15224e-32)
(0.983138 8.59624 0)
(0.999351 8.36347 0)
(1.00626 8.10785 0)
(0.978953 7.8361 0)
(0.915381 7.56591 0)
(0.837462 7.34123 0)
(0.748556 7.17673 0)
(0.655936 7.03718 0)
(0.611627 6.88697 0)
(0.456603 6.69146 0)
(0.396243 6.45191 0)
(0.272119 6.2276 0)
(0.177683 5.74343 0)
(0.0688983 3.96866 0)
(-0.201267 -1.17634 0)
(0.154396 4.46535 0)
(0.295043 7.78873 0)
(0.392504 8.75302 0)
(0.516516 8.85481 0)
(0.569823 8.75714 0)
(0.680385 8.5364 0)
(0.729696 8.32977 0)
(0.769036 8.10328 0)
(0.771537 7.86133 0)
(0.731559 7.61956 0)
(0.6734 7.41504 0)
(0.59721 7.26698 0)
(0.50964 7.14734 0)
(0.477466 7.01388 0)
(0.342655 6.86538 0)
(0.292476 6.66644 0)
(0.188741 6.48222 0)
(0.112576 6.0549 0)
(0.0345215 4.30145 0)
(-0.265571 -0.223833 0)
(-0.117418 4.6302 0)
(-0.150878 7.55073 0)
(0.0202819 8.50796 0)
(0.192009 8.66146 0)
(0.284593 8.6129 0)
(0.424927 8.43505 0)
(0.500723 8.26754 0)
(0.562877 8.07921 0)
(0.588636 7.87188 0)
(0.569426 7.66425 0)
(0.529076 7.48457 0)
(0.466111 7.35602 0)
(0.386472 7.26148 0)
(0.367856 7.1447 0)
(0.255492 7.03653 0)
(0.218595 6.87811 0)
(0.130894 6.7283 0)
(0.0700336 6.33833 0)
(0.0140349 4.50044 0)
(-0.145921 0.0317377 0)
(-0.168067 4.69366 0)
(-0.258072 7.30334 0)
(-0.138977 8.21995 0)
(-0.00547648 8.42734 0)
(0.0806291 8.43126 0)
(0.232761 8.30603 0)
(0.317447 8.18231 0)
(0.392527 8.03341 0)
(0.434946 7.86663 0)
(0.432545 7.69684 0)
(0.407058 7.54404 0)
(0.359034 7.436 0)
(0.288054 7.368 0)
(0.282267 7.26517 0)
(0.18861 7.18786 0)
(0.164387 7.06396 0)
(0.0943403 6.94182 0)
(0.0444916 6.57877 0)
(0.0111466 4.68319 0)
(-0.136177 0.732389 0)
(-0.169805 4.82649 0)
(-0.244699 7.10346 0)
(-0.160062 7.95301 0)
(-0.0798379 8.18395 0)
(-0.0271696 8.23575 0)
(0.106279 8.16006 0)
(0.18125 8.07918 0)
(0.2612 7.97482 0)
(0.313902 7.85059 0)
(0.32147 7.71712 0)
(0.307371 7.59143 0)
(0.274899 7.50191 0)
(0.212349 7.45643 0)
(0.21536 7.36728 0)
(0.136842 7.31221 0)
(0.122745 7.21625 0)
(0.0678799 7.11498 0)
(0.01991 6.76271 0)
(-0.0097886 4.71438 0)
(-0.113248 1.26114 0)
(-0.156914 4.99865 0)
(-0.222672 6.98933 0)
(-0.139315 7.75426 0)
(-0.0885857 7.9792 0)
(-0.0626284 8.053 0)
(0.0434908 8.01388 0)
(0.0943822 7.97375 0)
(0.171399 7.91171 0)
(0.223152 7.8247 0)
(0.234653 7.72379 0)
(0.228147 7.6251 0)
(0.210402 7.55107 0)
(0.154911 7.52218 0)
(0.16479 7.4466 0)
(0.0976088 7.4063 0)
(0.0866393 7.33238 0)
(0.0420095 7.2458 0)
(-0.00138107 6.89543 0)
(-0.015013 4.69397 0)
(-0.0859014 1.73297 0)
(-0.145456 5.19697 0)
(-0.192488 6.96344 0)
(-0.124156 7.63885 0)
(-0.0783153 7.84474 0)
(-0.0613064 7.92024 0)
(0.0245706 7.89432 0)
(0.0484803 7.88076 0)
(0.114937 7.84927 0)
(0.157666 7.79204 0)
(0.170489 7.71929 0)
(0.167346 7.64554 0)
(0.16087 7.58361 0)
(0.110941 7.56539 0)
(0.12419 7.50185 0)
(0.0656235 7.46942 0)
(0.0529712 7.41299 0)
(0.0185361 7.33773 0)
(-0.0212716 6.9671 0)
(-0.0196632 4.63676 0)
(-0.056327 2.11965 0)
(-0.121427 5.39021 0)
(-0.170836 6.97878 0)
(-0.111278 7.58987 0)
(-0.0718149 7.77468 0)
(-0.057756 7.84339 0)
(0.0185332 7.81358 0)
(0.0245312 7.80902 0)
(0.0810681 7.79541 0)
(0.113584 7.75976 0)
(0.125952 7.70856 0)
(0.121804 7.65477 0)
(0.121987 7.60227 0)
(0.0758283 7.58992 0)
(0.089769 7.53873 0)
(0.0392911 7.50981 0)
(0.0239609 7.46807 0)
(-9.80306e-05 7.40119 0)
(-0.0338378 7.00639 0)
(-0.0212835 4.52655 0)
(-0.0306264 2.40947 0)
(-0.0911357 5.55874 0)
(-0.133545 7.01587 0)
(-0.095324 7.57339 0)
(-0.0674255 7.74122 0)
(-0.0613101 7.80321 0)
(0.00912995 7.76803 0)
(0.00740584 7.76473 0)
(0.0606252 7.75901 0)
(0.0831379 7.73487 0)
(0.0946659 7.6959 0)
(0.0870768 7.65493 0)
(0.0905861 7.6095 0)
(0.0474205 7.60003 0)
(0.0594407 7.56241 0)
(0.0180879 7.53427 0)
(-0.000282407 7.50603 0)
(-0.0131115 7.44526 0)
(-0.0435435 7.01984 0)
(-0.0178861 4.39965 0)
(-0.0142965 2.61066 0)
(-0.0676229 5.69826 0)
(-0.0987658 7.05532 0)
(-0.0795553 7.56789 0)
(-0.0634182 7.72009 0)
(-0.0676331 7.77866 0)
(-0.00193533 7.74435 0)
(-0.00661654 7.74403 0)
(0.0455442 7.73957 0)
(0.0585812 7.71704 0)
(0.0698439 7.68334 0)
(0.0590543 7.65052 0)
(0.0650655 7.61129 0)
(0.0258616 7.60284 0)
(0.0329213 7.5804 0)
(0.00455083 7.5533 0)
(-0.0130826 7.53615 0)
(-0.0184869 7.47917 0)
(-0.0475264 7.01799 0)
(-0.0146333 4.26756 0)
(-0.00567128 2.75052 0)
(-0.0568724 5.81457 0)
(-0.0764418 7.09186 0)
(-0.070383 7.56596 0)
(-0.0585674 7.70329 0)
(-0.0698988 7.76265 0)
(-0.00883335 7.73323 0)
(-0.0189443 7.73672 0)
(0.0292001 7.72626 0)
(0.0341088 7.70439 0)
(0.0485854 7.6752 0)
(0.0365936 7.64822 0)
(0.0439756 7.61534 0)
(0.0111171 7.6056 0)
(0.0123161 7.59942 0)
(-0.00277569 7.57445 0)
(-0.018836 7.56321 0)
(-0.0170727 7.50663 0)
(-0.0478732 7.01246 0)
(-0.0103692 4.14398 0)
(0.00102455 2.85269 0)
(-0.053029 5.91214 0)
(-0.0606997 7.12184 0)
(-0.0638398 7.56345 0)
(-0.0489957 7.68625 0)
(-0.06335 7.74617 0)
(-0.0125411 7.72104 0)
(-0.0321477 7.72934 0)
(0.0108288 7.716 0)
(0.0130679 7.69853 0)
(0.0311787 7.67524 0)
(0.0188343 7.65203 0)
(0.0261256 7.62454 0)
(0.00300301 7.61309 0)
(0.000419308 7.62103 0)
(-0.00711677 7.59864 0)
(-0.0240496 7.59052 0)
(-0.0153736 7.53119 0)
(-0.0471677 7.00405 0)
(-0.00622831 4.03551 0)
(0.00600575 2.93575 0)
(-0.0497595 5.99627 0)
(-0.0461 7.14776 0)
(-0.0594863 7.55889 0)
(-0.0375148 7.6685 0)
(-0.0547004 7.72501 0)
(-0.0143659 7.70102 0)
(-0.0414885 7.71439 0)
(-0.00284806 7.70492 0)
(-0.00276822 7.69781 0)
(0.0164908 7.67902 0)
(0.0043934 7.65849 0)
(0.0104643 7.6383 0)
(-0.000907595 7.62543 0)
(-0.00653288 7.64076 0)
(-0.00923246 7.6203 0)
(-0.0301909 7.61419 0)
(-0.0154694 7.5515 0)
(-0.0474374 6.99155 0)
(-0.00359367 3.93695 0)
(0.00750434 3.01294 0)
(-0.049821 6.07648 0)
(-0.0369182 7.17336 0)
(-0.0605432 7.55807 0)
(-0.0340945 7.65189 0)
(-0.0510196 7.70189 0)
(-0.0144307 7.6759 0)
(-0.0403582 7.69462 0)
(-0.00739751 7.6941 0)
(-0.0133936 7.69359 0)
(0.00413916 7.68049 0)
(-0.00516531 7.66386 0)
(-0.000465991 7.65011 0)
(-0.00464372 7.63852 0)
(-0.0122811 7.65508 0)
(-0.00997359 7.6356 0)
(-0.0341164 7.63174 0)
(-0.0150654 7.56506 0)
(-0.0474044 6.9738 0)
(-0.00207343 3.84248 0)
(0.00847579 3.08644 0)
(-0.0521763 6.15105 0)
(-0.0332179 7.19608 0)
(-0.0647342 7.55616 0)
(-0.0342948 7.63933 0)
(-0.0546512 7.6862 0)
(-0.0176265 7.66252 0)
(-0.0351705 7.6787 0)
(-0.00564646 7.67778 0)
(-0.0187399 7.68246 0)
(-0.00352786 7.67807 0)
(-0.00959062 7.66536 0)
(-0.00733198 7.65782 0)
(-0.00829248 7.6466 0)
(-0.0200171 7.6637 0)
(-0.0110701 7.64559 0)
(-0.0368165 7.6426 0)
(-0.013786 7.57184 0)
(-0.0464395 6.9495 0)
(-0.00100229 3.75084 0)
(0.0115346 3.15502 0)
(-0.0512201 6.22348 0)
(-0.0276007 7.22042 0)
(-0.0643509 7.5572 0)
(-0.0304095 7.63396 0)
(-0.0536505 7.67778 0)
(-0.0194421 7.66105 0)
(-0.0349767 7.67196 0)
(-0.00819757 7.66944 0)
(-0.0199069 7.67205 0)
(-0.00580694 7.67436 0)
(-0.0111362 7.66368 0)
(-0.0121815 7.65806 0)
(-0.0117151 7.64777 0)
(-0.0259211 7.66542 0)
(-0.0107718 7.65035 0)
(-0.0375803 7.64905 0)
(-0.0114149 7.57372 0)
(-0.0438791 6.92331 0)
(0.000729553 3.66716 0)
(0.0162754 3.21039 0)
(-0.0470539 6.28936 0)
(-0.0178126 7.24315 0)
(-0.0620162 7.55978 0)
(-0.0223704 7.63196 0)
(-0.0514492 7.6731 0)
(-0.0189678 7.66029 0)
(-0.0386778 7.66993 0)
(-0.0102751 7.66992 0)
(-0.022021 7.66877 0)
(-0.00714671 7.67117 0)
(-0.0119403 7.65956 0)
(-0.0155876 7.65573 0)
(-0.0116517 7.64829 0)
(-0.0266416 7.66523 0)
(-0.00860656 7.65277 0)
(-0.0359184 7.65228 0)
(-0.00737739 7.57312 0)
(-0.0396949 6.89701 0)
(0.00314374 3.5965 0)
(0.0194428 3.24931 0)
(-0.0416297 6.35435 0)
(-0.00841155 7.27067 0)
(-0.0558644 7.56372 0)
(-0.0148283 7.63185 0)
(-0.0492499 7.66684 0)
(-0.0171153 7.6584 0)
(-0.0397827 7.66657 0)
(-0.0130954 7.66896 0)
(-0.0250468 7.66941 0)
(-0.00981524 7.67126 0)
(-0.0138573 7.65824 0)
(-0.0170202 7.65614 0)
(-0.0102522 7.64925 0)
(-0.0261236 7.66517 0)
(-0.00551256 7.65481 0)
(-0.0324415 7.6547 0)
(-0.00303343 7.57176 0)
(-0.0343783 6.8752 0)
(0.00516256 3.54158 0)
(0.0203129 3.27612 0)
(-0.0384595 6.40734 0)
(-0.00273892 7.29088 0)
(-0.0552706 7.56693 0)
(-0.00932219 7.63159 0)
(-0.0492062 7.66071 0)
(-0.0127298 7.65484 0)
(-0.0393112 7.65979 0)
(-0.0129872 7.66709 0)
(-0.0280875 7.6677 0)
(-0.0125242 7.67093 0)
(-0.0145981 7.65922 0)
(-0.0179233 7.65841 0)
(-0.00867039 7.65229 0)
(-0.0251742 7.66519 0)
(-0.00216599 7.65662 0)
(-0.0297142 7.65596 0)
(0.000547315 7.57009 0)
(-0.0298332 6.85579 0)
(0.00626863 3.49971 0)
(0.0192031 3.29639 0)
(-0.0354077 6.46135 0)
(0.00034274 7.31672 0)
(-0.0537162 7.56978 0)
(-0.00616817 7.6334 0)
(-0.0501713 7.65578 0)
(-0.00976288 7.65217 0)
(-0.0392785 7.65213 0)
(-0.0114621 7.6633 0)
(-0.0286898 7.66348 0)
(-0.012849 7.66935 0)
(-0.0143335 7.65916 0)
(-0.0170056 7.6596 0)
(-0.00704121 7.65462 0)
(-0.0233449 7.66437 0)
(0.000127691 7.65733 0)
(-0.0266702 7.65587 0)
(0.00279199 7.56835 0)
(-0.0253479 6.84022 0)
(0.00648395 3.46755 0)
(0.0189614 3.31443 0)
(-0.0339898 6.5013 0)
(0.00339848 7.33235 0)
(-0.0553838 7.57357 0)
(-0.00189326 7.63613 0)
(-0.0517051 7.65283 0)
(-0.00568487 7.65151 0)
(-0.0403733 7.64821 0)
(-0.00844412 7.66102 0)
(-0.0279393 7.65863 0)
(-0.0116294 7.66718 0)
(-0.0139468 7.65824 0)
(-0.0163321 7.65904 0)
(-0.00567574 7.65472 0)
(-0.0225032 7.66241 0)
(0.00175558 7.65673 0)
(-0.024856 7.65479 0)
(0.00448622 7.56643 0)
(-0.0218738 6.82624 0)
(0.00634 3.44254 0)
(0.0181579 3.32875 0)
(-0.0299331 6.55003 0)
(0.00585545 7.35967 0)
(-0.0525605 7.57903 0)
(0.00142114 7.63978 0)
(-0.0513395 7.65149 0)
(-0.00269787 7.65125 0)
(-0.0412875 7.64674 0)
(-0.00626975 7.659 0)
(-0.0275058 7.65621 0)
(-0.00938186 7.66335 0)
(-0.012411 7.65658 0)
(-0.0149516 7.65686 0)
(-0.0037565 7.65337 0)
(-0.019864 7.65872 0)
(0.00330453 7.65497 0)
(-0.0211528 7.65202 0)
(0.005673 7.56413 0)
(-0.0175056 6.81496 0)
(0.00584272 3.42263 0)
(0.0177717 3.33893 0)
(-0.0281377 6.58015 0)
(0.00809706 7.375 0)
(-0.053984 7.58496 0)
(0.00581389 7.64212 0)
(-0.0510646 7.65011 0)
(0.00216905 7.65042 0)
(-0.0413329 7.64547 0)
(-0.00274609 7.65856 0)
(-0.0278842 7.65466 0)
(-0.0073756 7.66207 0)
(-0.0117126 7.65506 0)
(-0.0136453 7.6554 0)
(-0.00227102 7.65257 0)
(-0.0181274 7.65632 0)
(0.00457259 7.65377 0)
(-0.0188705 7.65008 0)
(0.00660057 7.56254 0)
(-0.014574 6.80622 0)
(0.00536583 3.40967 0)
(0.0155909 3.34796 0)
(-0.0237989 6.62355 0)
(0.00780726 7.4023 0)
(-0.0504832 7.59331 0)
(0.00740159 7.64245 0)
(-0.0497069 7.64955 0)
(0.00468758 7.64672 0)
(-0.040864 7.6449 0)
(-0.000497767 7.65451 0)
(-0.0277846 7.65377 0)
(-0.00581098 7.65918 0)
(-0.0106135 7.6542 0)
(-0.012008 7.65343 0)
(-0.00121496 7.65195 0)
(-0.0153518 7.65311 0)
(0.00489271 7.65239 0)
(-0.0153418 7.64677 0)
(0.00638717 7.56099 0)
(-0.0109463 6.79894 0)
(0.0044397 3.39816 0)
(0.014186 3.35167 0)
(-0.0220205 6.64239 0)
(0.00764052 7.41515 0)
(-0.0505523 7.5995 0)
(0.0092268 7.64148 0)
(-0.048533 7.64847 0)
(0.00782182 7.64474 0)
(-0.039939 7.64443 0)
(0.00234707 7.65227 0)
(-0.0269854 7.65237 0)
(-0.00409804 7.65759 0)
(-0.0103632 7.6535 0)
(-0.0107143 7.65254 0)
(-0.000792231 7.6515 0)
(-0.0140229 7.65167 0)
(0.00475421 7.65159 0)
(-0.0138259 7.64528 0)
(0.0058939 7.56027 0)
(-0.00956387 6.79535 0)
(0.00386687 3.39358 0)
(0.0100537 3.36219 0)
(-0.0178429 6.68438 0)
(0.00566183 7.44674 0)
(-0.0428705 7.6107 0)
(0.00895395 7.63804 0)
(-0.0442922 7.6494 0)
(0.00851539 7.63881 0)
(-0.0374745 7.64664 0)
(0.0037271 7.64549 0)
(-0.0255233 7.65296 0)
(-0.00279407 7.65228 0)
(-0.00939181 7.65274 0)
(-0.00896091 7.64902 0)
(-0.000959631 7.65071 0)
(-0.011404 7.6477 0)
(0.00360844 7.64993 0)
(-0.0106152 7.64144 0)
(0.0042515 7.55845 0)
(-0.00670797 6.78983 0)
(0.00245616 3.38421 0)
(-1.389 3.93961 -1.34625e-21)
(1.33288 4.90546 8.80691e-18)
(0.538702 4.65904 -7.84984e-18)
(0.939179 4.2426 0)
(0.923269 3.97378 0)
(0.925953 3.71504 -1.15658e-17)
(0.913707 3.4586 1.06768e-17)
(0.750802 3.16692 -1.16485e-17)
(0.464903 2.82611 1.8679e-19)
(0.29401 1.86534 1.25697e-17)
(-0.174934 4.39786 -1.73145e-21)
(0.618478 4.31503 9.55045e-19)
(0.344409 4.10308 0)
(0.502941 3.90434 0)
(0.514435 3.67402 3.50978e-19)
(0.512017 3.47661 2.28985e-17)
(0.454727 3.30546 -1.20325e-17)
(0.359962 3.1103 -1.88476e-19)
(0.263689 2.77049 1.83534e-19)
(0.136669 1.73984 0)
(-0.0880521 3.24918 9.38519e-18)
(0.490149 3.78526 -9.3929e-18)
(0.348822 3.79367 0)
(0.411639 3.59973 1.07598e-17)
(0.388603 3.46834 -7.45342e-21)
(0.353869 3.3591 -1.13461e-17)
(0.29916 3.26455 -1.24034e-17)
(0.231375 3.19021 -1.57853e-21)
(0.168992 2.97799 1.92346e-19)
(0.0564735 2.02962 0)
(-0.115144 2.84069 -4.59681e-18)
(0.220191 3.57681 0)
(0.147772 3.57716 -5.43801e-18)
(0.201441 3.50326 -5.34293e-18)
(0.202063 3.39279 3.62195e-19)
(0.193131 3.29999 -6.37603e-18)
(0.172332 3.22915 6.08957e-18)
(0.139344 3.16695 -1.89748e-19)
(0.104288 3.01981 2.9659e-19)
(0.0524909 2.12504 6.42461e-18)
(-0.0311668 2.52216 -5.00612e-18)
(0.185641 3.34201 0)
(0.138578 3.40896 1.08912e-17)
(0.162312 3.34699 -5.89608e-18)
(0.149189 3.28455 -2.77312e-21)
(0.129275 3.24491 3.41808e-19)
(0.111761 3.22042 -1.69425e-20)
(0.094484 3.19188 -6.28088e-18)
(0.0893474 3.06671 1.95802e-19)
(0.0198374 2.2371 -1.31109e-17)
(-0.0397809 2.35428 0)
(0.0646398 3.25063 -5.28988e-18)
(0.0323702 3.33909 -1.08445e-19)
(0.0622367 3.30583 -3.52693e-19)
(0.0683206 3.26367 3.58557e-19)
(0.0677466 3.22156 6.03992e-18)
(0.0714135 3.19165 6.17277e-18)
(0.0621927 3.17527 1.2227e-17)
(0.0628366 3.08177 6.35845e-18)
(0.0288626 2.31048 -3.29704e-21)
(-0.0331612 2.29796 0)
(0.0472376 3.16152 5.37338e-18)
(0.0249634 3.2567 -5.54658e-18)
(0.0449149 3.23393 -3.53614e-19)
(0.0483513 3.20816 7.23018e-19)
(0.0468481 3.19123 8.85798e-22)
(0.0452002 3.18889 -3.89948e-19)
(0.044692 3.17756 -6.34506e-18)
(0.0575578 3.0992 -6.05974e-18)
(0.00803262 2.39882 -7.59433e-21)
(-0.0421493 2.28133 5.30136e-18)
(-0.00290125 3.1321 -2.55228e-19)
(-0.0142707 3.22614 1.75488e-19)
(0.00221873 3.21475 0)
(0.0137884 3.19608 0)
(0.0206248 3.18017 0)
(0.0330503 3.16456 0)
(0.0341224 3.16013 6.40905e-18)
(0.0466711 3.10288 -6.30672e-18)
(0.0182946 2.45755 6.65616e-18)
(-0.0506295 2.35598 1.20123e-19)
(-0.0144591 3.10941 5.50604e-18)
(-0.00766415 3.18336 0)
(0.000435777 3.17369 -3.65403e-19)
(0.0101532 3.16029 3.74471e-19)
(0.017078 3.15357 0)
(0.0204511 3.15547 -1.95693e-19)
(0.0252231 3.14937 -6.20925e-18)
(0.0422699 3.10139 6.50605e-18)
(0.0103179 2.52096 0)
(-0.0369543 2.43433 -6.0652e-20)
(-0.0296012 3.10342 -8.38551e-18)
(-0.0203153 3.16189 0)
(-0.0157753 3.15554 0)
(-0.00692434 3.14482 3.76296e-19)
(0.00333291 3.13516 -3.09347e-18)
(0.0180896 3.12385 -3.92727e-19)
(0.0228654 3.12329 3.22964e-18)
(0.0402641 3.09139 0)
(0.0208898 2.57833 0)
(-0.0415013 2.49569 -8.2613e-18)
(-0.0330224 3.08675 2.82135e-18)
(-0.0187316 3.12547 0)
(-0.0109439 3.11717 0)
(-0.00235197 3.1088 0)
(0.0073441 3.10388 6.19952e-18)
(0.015268 3.10916 0)
(0.0227677 3.1105 -3.44855e-18)
(0.0421818 3.0871 2.07975e-19)
(0.0162979 2.64785 3.40555e-18)
(-0.039229 2.59049 2.83069e-18)
(-0.0418355 3.07818 -2.65107e-19)
(-0.028115 3.10621 3.07354e-18)
(-0.0189354 3.09746 2.96232e-18)
(-0.00807689 3.09057 0)
(0.00282329 3.08682 -3.10567e-18)
(0.0156906 3.0807 0)
(0.0229875 3.08381 0)
(0.0384162 3.07396 0)
(0.0223487 2.70976 -3.42136e-18)
(-0.0323031 2.68303 -2.67031e-18)
(-0.0398646 3.06601 2.74428e-18)
(-0.0207844 3.07201 -2.89166e-18)
(-0.0117552 3.06167 -4.45186e-18)
(-0.00295234 3.05506 0)
(0.00648902 3.05228 3.90381e-19)
(0.0150811 3.05828 -2.00088e-19)
(0.0223267 3.06267 1.44053e-18)
(0.040949 3.05692 1.79428e-18)
(0.0213914 2.77398 -1.83672e-18)
(-0.0352101 2.76935 2.7422e-18)
(-0.0459766 3.04347 -2.64435e-18)
(-0.0342839 3.04624 1.81329e-19)
(-0.0212281 3.03976 1.10445e-18)
(-0.011161 3.03463 -1.50134e-18)
(0.000476658 3.03336 0)
(0.0133757 3.03152 1.61094e-18)
(0.0254177 3.03508 4.88118e-21)
(0.04328 3.03955 -3.39135e-18)
(0.0272493 2.83674 -6.35318e-21)
(-0.0295879 2.86157 -6.91358e-19)
(-0.0448672 3.02372 1.76182e-19)
(-0.0249217 3.01789 -9.04892e-19)
(-0.0126218 3.01291 3.70087e-19)
(-0.00229892 3.01259 1.82634e-18)
(0.00602491 3.01208 -7.5831e-19)
(0.0155392 3.01227 -8.01719e-19)
(0.0240552 3.01567 -8.26613e-19)
(0.0427591 3.01726 1.70457e-18)
(0.0261492 2.89681 8.71991e-19)
(-0.0167448 2.93793 5.57062e-19)
(-0.0250282 3.00024 2.45195e-19)
(-0.0139703 3.00093 5.01344e-19)
(-0.00749056 3.00118 -1.03057e-18)
(-0.00337768 3.00211 3.43919e-19)
(0.00151101 3.00168 7.09689e-19)
(0.00510965 3.00047 -7.39762e-19)
(0.0100753 2.99988 -7.62703e-19)
(0.0215466 3.00114 9.82723e-20)
(0.0154363 2.95315 7.04067e-19)
)
;

boundaryField
{
    wall-4
    {
        type            noSlip;
    }
    pressure-outlet-7
    {
        type            zeroGradient;
    }
    velocity-inlet-6
    {
        type            fixedValue;
        value           uniform (0 3 0);
    }
    velocity-inlet-5
    {
        type            parabolicVelocity;
        maxValue        10;
        n               (1 0 0);
        y               (0 1 0);
        value           nonuniform List<vector> 
20
(
(0.381518 0 0)
(1.19474 0 0)
(2.1232 0 0)
(3.16908 0 0)
(4.32585 0 0)
(5.57242 0 0)
(6.86447 0 0)
(8.12141 0 0)
(9.20707 0 0)
(9.90123 0 0)
(9.90123 0 0)
(9.20707 0 0)
(8.12141 0 0)
(6.86447 0 0)
(5.57242 0 0)
(4.32585 0 0)
(3.16908 0 0)
(2.1232 0 0)
(1.19474 0 0)
(0.381518 0 0)
)
;
    }
    frontAndBackPlanes
    {
        type            empty;
    }
}


// ************************************************************************* //
