/*--------------------------------*- C++ -*----------------------------------*\
| =========                 |                                                 |
| \\      /  F ield         | OpenFOAM: The Open Source CFD Toolbox           |
|  \\    /   O peration     | Version:  2412                                  |
|   \\  /    A nd           | Website:  www.openfoam.com                      |
|    \\/     M anipulation  |                                                 |
\*---------------------------------------------------------------------------*/
FoamFile
{
    version     2.0;
    format      ascii;
    arch        "LSB;label=32;scalar=64";
    class       volVectorField;
    location    "1.75";
    object      U;
}
// * * * * * * * * * * * * * * * * * * * * * * * * * * * * * * * * * * * * * //

dimensions      [0 1 -1 0 0 0 0];

internalField   nonuniform List<vector> 
2200
(
(0.352199 0.010893 0)
(1.16074 -0.00324805 0)
(2.10691 -0.00167617 0)
(3.16203 0.000391563 0)
(4.32472 0.00459679 0)
(5.57481 0.00793332 0)
(6.86592 0.0106275 0)
(8.12278 0.0117304 0)
(9.20902 0.0124354 0)
(9.89932 0.00648561 0)
(9.8988 -0.00394694 0)
(9.20801 -0.0113378 0)
(8.12314 -0.0105474 0)
(6.86579 -0.00946045 0)
(5.5744 -0.00719155 0)
(4.32452 -0.00403728 0)
(3.16201 9.59508e-05 0)
(2.10674 0.00207461 0)
(1.16049 0.0035172 0)
(0.351916 -0.0108469 0)
(0.403713 0.0251852 0)
(1.14789 0.0387346 0)
(2.1006 0.0205628 0)
(3.1451 0.0229442 0)
(4.3111 0.0286642 0)
(5.56359 0.0279375 0)
(6.85929 0.0301454 0)
(8.11312 0.0307635 0)
(9.18908 0.0225509 0)
(9.88204 0.00880971 0)
(9.88205 -0.00398339 0)
(9.18913 -0.0182596 0)
(8.11235 -0.0274069 0)
(6.8587 -0.0276628 0)
(5.56345 -0.0257069 0)
(4.31069 -0.0266645 0)
(3.1442 -0.0215653 0)
(2.09956 -0.0198653 0)
(1.14675 -0.0383822 0)
(0.402852 -0.0250191 0)
(0.563936 0.0362573 0)
(1.18708 0.0869556 0)
(2.08731 0.0896849 0)
(3.1653 0.0624559 0)
(4.32631 0.0628317 0)
(5.55823 0.0794981 0)
(6.83702 0.076108 0)
(8.08643 0.0641929 0)
(9.17437 0.0503757 0)
(9.85657 0.0278772 0)
(9.8564 -0.0203125 0)
(9.17359 -0.0445051 0)
(8.08606 -0.0578657 0)
(6.83587 -0.0709845 0)
(5.55684 -0.075357 0)
(4.32427 -0.059944 0)
(3.16272 -0.0605059 0)
(2.08474 -0.0883641 0)
(1.18479 -0.0866974 0)
(0.561513 -0.0361417 0)
(0.815736 0.0341092 0)
(1.32005 0.121406 0)
(2.07963 0.169114 0)
(3.16502 0.149609 0)
(4.39154 0.126791 0)
(5.61027 0.127224 0)
(6.84541 0.136627 0)
(8.06314 0.115977 0)
(9.12421 0.0916988 0)
(9.79896 0.0434735 0)
(9.79944 -0.0322629 0)
(9.12312 -0.0815155 0)
(8.0606 -0.108619 0)
(6.84253 -0.12994 0)
(5.60638 -0.122599 0)
(4.3868 -0.12333 0)
(3.16037 -0.147052 0)
(2.07464 -0.16826 0)
(1.31631 -0.12011 0)
(0.81413 -0.0337153 0)
(1.1288 0.0379152 0)
(1.64631 0.159207 0)
(2.14903 0.257763 0)
(3.17231 0.288106 0)
(4.41428 0.278601 0)
(5.6796 0.242529 0)
(6.9241 0.228392 0)
(8.07556 0.198932 0)
(9.10535 0.135069 0)
(9.73297 0.0521078 0)
(9.73348 -0.0388002 0)
(9.10054 -0.12227 0)
(8.07009 -0.186722 0)
(6.91638 -0.220167 0)
(5.67122 -0.235531 0)
(4.40534 -0.273971 0)
(3.16296 -0.285854 0)
(2.14275 -0.255831 0)
(1.64018 -0.159212 0)
(1.11978 -0.0381154 0)
(1.51808 0.0551685 0)
(2.06113 0.188698 0)
(2.3906 0.353897 0)
(3.23721 0.448794 0)
(4.36182 0.461125 0)
(5.63122 0.407265 0)
(6.92262 0.350011 0)
(8.08161 0.315486 0)
(9.0979 0.225642 0)
(9.6892 0.0919366 0)
(9.68828 -0.0756667 0)
(9.09118 -0.211228 0)
(8.07234 -0.302304 0)
(6.91084 -0.339491 0)
(5.61811 -0.399866 0)
(4.34912 -0.456839 0)
(3.22696 -0.446197 0)
(2.3796 -0.35311 0)
(2.05373 -0.188156 0)
(1.5173 -0.0547323 0)
(1.99722 0.0714803 0)
(2.55905 0.204892 0)
(2.79278 0.418085 0)
(3.41071 0.567464 0)
(4.33518 0.632767 0)
(5.52238 0.594383 0)
(6.76471 0.485622 0)
(7.9981 0.383548 0)
(9.00621 0.298557 0)
(9.58398 0.131584 0)
(9.58232 -0.109482 0)
(8.99678 -0.278507 0)
(7.9857 -0.369362 0)
(6.75047 -0.474081 0)
(5.50461 -0.586857 0)
(4.31957 -0.627901 0)
(3.39484 -0.563562 0)
(2.78072 -0.414502 0)
(2.54884 -0.201943 0)
(1.98385 -0.0707226 0)
(2.53139 0.0774462 0)
(3.136 0.210194 0)
(3.29723 0.442747 0)
(3.72316 0.630237 0)
(4.42314 0.76355 0)
(5.4571 0.783611 0)
(6.55713 0.699214 0)
(7.7964 0.496967 0)
(8.80164 0.333704 0)
(9.36153 0.149531 0)
(9.35988 -0.125036 0)
(8.79012 -0.31001 0)
(7.7753 -0.475357 0)
(6.53433 -0.685394 0)
(5.43386 -0.773404 0)
(4.40191 -0.755998 0)
(3.70609 -0.62592 0)
(3.2849 -0.440015 0)
(3.12237 -0.209373 0)
(2.51724 -0.0771361 0)
(3.07089 0.0733864 0)
(3.75174 0.204664 0)
(3.86743 0.43959 0)
(4.14795 0.645761 0)
(4.6483 0.836755 0)
(5.47339 0.92221 0)
(6.43498 0.901554 0)
(7.51153 0.73114 0)
(8.48856 0.439831 0)
(9.00229 0.192802 0)
(8.99787 -0.161314 0)
(8.47166 -0.413785 0)
(7.48682 -0.711081 0)
(6.40435 -0.883726 0)
(5.44682 -0.90906 0)
(4.62162 -0.826845 0)
(4.12561 -0.637457 0)
(3.84684 -0.434499 0)
(3.73172 -0.202294 0)
(3.05298 -0.0722488 0)
(3.56858 0.0614207 0)
(4.36027 0.185833 0)
(4.45328 0.406992 0)
(4.63364 0.612058 0)
(4.97105 0.826186 0)
(5.55723 0.9713 0)
(6.402 0.985409 0)
(7.31249 0.909425 0)
(8.22411 0.570953 0)
(8.72764 0.244222 0)
(8.72341 -0.20552 0)
(8.20101 -0.537818 0)
(7.28385 -0.88454 0)
(6.36478 -0.961722 0)
(5.52427 -0.953742 0)
(4.93865 -0.812478 0)
(4.60323 -0.601482 0)
(4.42464 -0.399381 0)
(4.33458 -0.181369 0)
(3.53793 -0.0579224 0)
(3.98713 0.0451207 0)
(4.91838 0.155662 0)
(5.00403 0.348949 0)
(5.12056 0.536526 0)
(5.34618 0.741208 0)
(5.73449 0.920011 0)
(6.40082 0.985682 0)
(7.16497 0.929805 0)
(7.95427 0.638233 0)
(8.46301 0.265054 0)
(8.45266 -0.220277 0)
(7.92479 -0.597983 0)
(7.12357 -0.892545 0)
(6.35888 -0.958029 0)
(5.68999 -0.896495 0)
(5.30666 -0.721382 0)
(5.08333 -0.52302 0)
(4.96862 -0.338418 0)
(4.88319 -0.149531 0)
(3.94127 -0.0429814 0)
(4.30743 0.0292466 0)
(5.39441 0.120649 0)
(5.48119 0.279386 0)
(5.55733 0.438407 0)
(5.70944 0.617209 0)
(5.97692 0.783432 0)
(6.42429 0.911575 0)
(7.01082 0.844897 0)
(7.64513 0.632431 0)
(8.10654 0.26068 0)
(8.09362 -0.205959 0)
(7.61123 -0.584331 0)
(6.96283 -0.798542 0)
(6.37424 -0.873882 0)
(5.92312 -0.749734 0)
(5.65904 -0.592105 0)
(5.50859 -0.419822 0)
(5.43278 -0.266302 0)
(5.34072 -0.114018 0)
(4.246 -0.0280683 0)
(4.53401 0.0174299 0)
(5.77407 0.0886454 0)
(5.86633 0.212429 0)
(5.91634 0.340066 0)
(6.01843 0.483466 0)
(6.19881 0.623044 0)
(6.49704 0.737668 0)
(6.89754 0.719289 0)
(7.3795 0.576779 0)
(7.74479 0.249143 0)
(7.73341 -0.177809 0)
(7.33647 -0.511572 0)
(6.84441 -0.664742 0)
(6.43397 -0.686881 0)
(6.1327 -0.582371 0)
(5.95107 -0.452517 0)
(5.84837 -0.316148 0)
(5.79735 -0.197007 0)
(5.7008 -0.0813607 0)
(4.45441 -0.0133282 0)
(4.68868 0.0101394 0)
(6.06364 0.0630899 0)
(6.16275 0.156427 0)
(6.19557 0.254172 0)
(6.26402 0.365975 0)
(6.38272 0.473956 0)
(6.57902 0.570609 0)
(6.85401 0.582256 0)
(7.19858 0.490272 0)
(7.46682 0.226911 0)
(7.44821 -0.134021 0)
(7.14447 -0.402415 0)
(6.78766 -0.510339 0)
(6.5032 -0.506543 0)
(6.30216 -0.425909 0)
(6.17815 -0.327388 0)
(6.10539 -0.225877 0)
(6.06971 -0.136856 0)
(5.97263 -0.0522345 0)
(4.5803 -0.00158199 0)
(4.79377 0.00574037 0)
(6.28 0.0467467 0)
(6.38369 0.113614 0)
(6.40605 0.187974 0)
(6.45185 0.272942 0)
(6.52937 0.355092 0)
(6.65606 0.428534 0)
(6.84433 0.456689 0)
(7.07186 0.392121 0)
(7.25936 0.194525 0)
(7.23001 -0.0787306 0)
(7.00934 -0.283232 0)
(6.7563 -0.356898 0)
(6.5594 -0.34685 0)
(6.42372 -0.290497 0)
(6.34063 -0.222037 0)
(6.29219 -0.150525 0)
(6.26773 -0.087895 0)
(6.16721 -0.0277325 0)
(4.63621 0.00226182 0)
(4.87001 0.00392 0)
(6.43992 0.0324347 0)
(6.54942 0.0837858 0)
(6.56477 0.136455 0)
(6.59404 0.200866 0)
(6.64433 0.265223 0)
(6.72294 0.319937 0)
(6.84195 0.352936 0)
(6.97659 0.306941 0)
(7.1018 0.168287 0)
(7.07028 -0.0227765 0)
(6.91245 -0.172562 0)
(6.73549 -0.222276 0)
(6.601 -0.21637 0)
(6.50853 -0.180967 0)
(6.45122 -0.136064 0)
(6.41926 -0.0902553 0)
(6.4021 -0.0507676 0)
(6.28376 -0.0129029 0)
(4.66358 -0.000744983 0)
(4.92397 0.00322872 0)
(6.55959 0.0288482 0)
(6.67035 0.0634358 0)
(6.6812 0.106887 0)
(6.69879 0.15284 0)
(6.72991 0.203316 0)
(6.77689 0.245194 0)
(6.84201 0.273945 0)
(6.91423 0.24925 0)
(6.98767 0.160338 0)
(6.95554 0.0280831 0)
(6.83722 -0.0779028 0)
(6.712 -0.114686 0)
(6.61941 -0.116521 0)
(6.55518 -0.0983901 0)
(6.51393 -0.0729623 0)
(6.49077 -0.0479577 0)
(6.47622 -0.026262 0)
(6.34345 -0.00834411 0)
(4.68271 0.00134071 0)
(4.98001 0.00581074 0)
(6.6482 0.0207684 0)
(6.76617 0.0545523 0)
(6.7732 0.0851139 0)
(6.78128 0.122859 0)
(6.7976 0.164435 0)
(6.82236 0.199675 0)
(6.84977 0.223852 0)
(6.88523 0.225992 0)
(6.91407 0.172358 0)
(6.87805 0.0770043 0)
(6.78276 0.00285338 0)
(6.69141 -0.0291827 0)
(6.62408 -0.0404294 0)
(6.57701 -0.0371991 0)
(6.54585 -0.0281835 0)
(6.52578 -0.0183547 0)
(6.50814 -0.00792931 0)
(6.37457 -0.00258535 0)
(4.6825 0.00259728 0)
(5.03064 0.00530188 0)
(6.7323 0.0296703 0)
(6.84364 0.049573 0)
(6.84811 0.0816024 0)
(6.85091 0.112926 0)
(6.85692 0.148855 0)
(6.86588 0.182233 0)
(6.86913 0.203874 0)
(6.88221 0.226172 0)
(6.8666 0.199871 0)
(6.82107 0.12604 0)
(6.7357 0.0728801 0)
(6.66356 0.0403079 0)
(6.60941 0.0217598 0)
(6.5719 0.0129021 0)
(6.5475 0.00952465 0)
(6.53236 0.00714427 0)
(6.51244 0.004803 0)
(6.37785 0.00500616 0)
(4.67585 0.00255603 0)
(5.10405 0.0106203 0)
(6.7987 0.0215912 0)
(6.9221 0.0526671 0)
(6.92301 0.0808301 0)
(6.91992 0.112618 0)
(6.91535 0.149026 0)
(6.91037 0.186884 0)
(6.89441 0.207968 0)
(6.88994 0.236251 0)
(6.83614 0.239308 0)
(6.77654 0.178471 0)
(6.69636 0.137752 0)
(6.63317 0.101064 0)
(6.58559 0.0746311 0)
(6.55302 0.054015 0)
(6.53148 0.0371039 0)
(6.51789 0.0252253 0)
(6.50104 0.0145044 0)
(6.36828 0.00756216 0)
(4.65599 0.00630832 0)
(5.1792 0.0104155 0)
(6.89631 0.0420133 0)
(7.00126 0.0637545 0)
(7.00117 0.0933829 0)
(6.99154 0.128641 0)
(6.97791 0.166066 0)
(6.9578 0.207648 0)
(6.92889 0.235968 0)
(6.91622 0.270855 0)
(6.82046 0.284935 0)
(6.74158 0.237147 0)
(6.65994 0.201005 0)
(6.5962 0.159489 0)
(6.54837 0.126007 0)
(6.51529 0.0972588 0)
(6.49327 0.073201 0)
(6.47894 0.0531811 0)
(6.46925 0.0363958 0)
(6.34263 0.0259571 0)
(4.61243 0.00901569 0)
(5.29762 0.016161 0)
(6.97453 0.0347262 0)
(7.09554 0.0700715 0)
(7.08733 0.113899 0)
(7.07312 0.157941 0)
(7.04805 0.202966 0)
(7.01096 0.255877 0)
(6.96753 0.295261 0)
(6.93845 0.333352 0)
(6.80584 0.344267 0)
(6.70581 0.309018 0)
(6.61648 0.269975 0)
(6.547 0.222624 0)
(6.49637 0.180485 0)
(6.46155 0.14111 0)
(6.43847 0.106069 0)
(6.42434 0.0781021 0)
(6.41361 0.0506355 0)
(6.27918 0.0276986 0)
(4.51198 0.0168458 0)
(5.41987 0.0226482 0)
(7.1189 0.0681279 0)
(7.21335 0.109226 0)
(7.20351 0.1526 0)
(7.17647 0.203533 0)
(7.13538 0.265379 0)
(7.07942 0.325321 0)
(7.01578 0.377216 0)
(6.95842 0.412679 0)
(6.79846 0.418553 0)
(6.67729 0.391579 0)
(6.57498 0.345604 0)
(6.49619 0.290843 0)
(6.43922 0.238563 0)
(6.39947 0.190197 0)
(6.37259 0.146302 0)
(6.35531 0.109238 0)
(6.34535 0.081412 0)
(6.20526 0.0517684 0)
(4.42811 0.0154266 0)
(5.65287 0.03234 0)
(7.26191 0.0752125 0)
(7.36412 0.133787 0)
(7.34026 0.204477 0)
(7.29756 0.284433 0)
(7.23821 0.355046 0)
(7.15745 0.427423 0)
(7.06643 0.488641 0)
(6.9722 0.520131 0)
(6.78787 0.521168 0)
(6.64186 0.493613 0)
(6.52049 0.436598 0)
(6.42884 0.372357 0)
(6.36244 0.308677 0)
(6.3152 0.248152 0)
(6.28365 0.193084 0)
(6.26314 0.14093 0)
(6.24237 0.0921907 0)
(6.06393 0.0516354 0)
(4.26987 0.0217795 0)
(5.87446 0.0545241 0)
(7.49498 0.141849 0)
(7.56693 0.216953 0)
(7.51559 0.309708 0)
(7.44628 0.395157 0)
(7.35421 0.48673 0)
(7.24127 0.567563 0)
(7.1163 0.630218 0)
(6.98022 0.655795 0)
(6.77283 0.648786 0)
(6.60122 0.611213 0)
(6.45994 0.540462 0)
(6.35474 0.464172 0)
(6.2778 0.388179 0)
(6.22125 0.315558 0)
(6.18009 0.247888 0)
(6.15166 0.190614 0)
(6.12503 0.137448 0)
(5.94398 0.0827696 0)
(4.14831 0.0271489 0)
(6.53209 0.125438 0)
(7.76027 0.212226 0)
(7.80355 0.344791 0)
(7.7177 0.471379 0)
(7.60837 0.586598 3.20666e-33)
(7.47728 0.681272 -2.11954e-33)
(7.32773 0.756172 0)
(7.16332 0.810296 0)
(6.98349 0.825269 0)
(6.75234 0.804349 0)
(6.55336 0.74917 0)
(6.38999 0.662718 0)
(6.26815 0.573631 0)
(6.17649 0.486493 0)
(6.10733 0.405546 0)
(6.05514 0.328862 0)
(6.01378 0.250772 0)
(5.96617 0.180176 0)
(5.71316 0.105914 0)
(3.83134 0.0502878 0)
(6.96835 0.285607 -3.09866e-19)
(8.13861 0.381334 2.71959e-19)
(8.07804 0.592222 0)
(7.92125 0.743323 4.90932e-20)
(7.76516 0.845072 -3.95464e-20)
(7.59179 0.929522 2.24783e-33)
(7.40324 0.992191 0)
(7.19536 1.03533 2.0234e-19)
(6.97209 1.03664 -7.21053e-19)
(6.71279 0.999546 1.57706e-19)
(6.48098 0.925461 0)
(6.29134 0.824123 -5.09534e-19)
(6.14851 0.722898 -6.38145e-19)
(6.03793 0.624771 1.12297e-18)
(5.95092 0.532201 -9.03358e-19)
(5.88207 0.44971 0)
(5.82485 0.379614 -3.49912e-19)
(5.7489 0.28927 0)
(5.41598 0.205987 -1.90242e-18)
(3.56096 0.132279 2.14422e-18)
(7.26988 0.634172 -1.05763e-19)
(8.38406 0.817168 -2.04037e-18)
(8.28151 0.991934 5.38762e-19)
(8.09689 1.07351 6.35508e-19)
(7.90162 1.15316 -7.71991e-20)
(7.69044 1.22007 1.62754e-19)
(7.45903 1.27118 0)
(7.20936 1.3019 0)
(6.94672 1.28882 1.14635e-18)
(6.65621 1.23747 0)
(6.38907 1.14783 1.77883e-18)
(6.1698 1.03657 5.54776e-19)
(6.00091 0.930258 1.80827e-20)
(5.86586 0.832624 -1.27711e-18)
(5.75443 0.744376 0)
(5.65968 0.663498 0)
(5.5776 0.598692 -6.0397e-18)
(5.48852 0.572444 1.53312e-17)
(5.21482 0.450686 -8.99054e-18)
(3.41885 0.318843 -1.01314e-17)
(7.40557 0.981117 2.72693e-18)
(8.5873 1.38596 -9.38586e-19)
(8.4672 1.42838 -2.33399e-19)
(8.2457 1.44911 -1.16203e-18)
(8.01158 1.50285 5.57921e-19)
(7.76287 1.54668 -2.69018e-19)
(7.49261 1.58187 2.5226e-19)
(7.20932 1.58965 0)
(6.91228 1.55774 -2.39161e-18)
(6.59061 1.48955 2.60849e-18)
(6.29044 1.38464 -4.86298e-18)
(6.04297 1.26599 2.36546e-18)
(5.84943 1.15834 -1.74382e-18)
(5.69293 1.06453 3.81983e-18)
(5.56374 0.986413 0)
(5.45496 0.918288 -1.50042e-18)
(5.36076 0.849324 0)
(5.26627 0.80534 8.74888e-18)
(5.03227 0.769235 -2.08694e-17)
(3.38984 0.44069 1.25676e-17)
(7.44571 1.29239 -1.26804e-17)
(8.65659 1.92897 6.34478e-18)
(8.57697 1.88997 9.15801e-19)
(8.34455 1.86668 0)
(8.08694 1.88458 5.52957e-19)
(7.80273 1.9033 -5.61715e-19)
(7.50206 1.9087 -3.03991e-19)
(7.19026 1.88812 0)
(6.86229 1.83561 1.69214e-18)
(6.512 1.7491 -1.79459e-18)
(6.1841 1.62858 4.25859e-18)
(5.91484 1.50224 0)
(5.70532 1.39223 -3.65638e-18)
(5.53816 1.29821 2.02299e-18)
(5.40346 1.22077 5.47515e-18)
(5.29421 1.16091 -4.80878e-18)
(5.2033 1.10392 8.0277e-18)
(5.1111 1.0225 -1.79257e-17)
(4.90984 1.01714 1.14217e-17)
(3.39626 0.622149 -1.45827e-17)
(7.45403 1.55055 8.51672e-18)
(8.6939 2.43386 -7.00357e-18)
(8.63762 2.28631 2.78993e-18)
(8.38513 2.28186 -3.80993e-18)
(8.10479 2.28777 2.42377e-18)
(7.80406 2.27212 -3.22336e-19)
(7.48559 2.24237 1.19007e-19)
(7.15273 2.19207 -1.24575e-18)
(6.79963 2.1176 -1.7227e-18)
(6.42722 2.00992 -3.8651e-18)
(6.07995 1.87176 -9.17462e-18)
(5.79792 1.73541 -3.05764e-18)
(5.58173 1.62024 1.21728e-19)
(5.41217 1.52319 -7.18749e-18)
(5.27759 1.44155 -2.55012e-19)
(5.17036 1.37818 7.01452e-18)
(5.08099 1.34397 -2.17467e-18)
(4.99783 1.23826 -1.29422e-18)
(4.81266 1.25439 0)
(3.39234 0.787231 3.08881e-17)
(7.36819 1.84512 0)
(8.64681 2.86191 1.89399e-18)
(8.64884 2.65236 0)
(8.36197 2.69091 -4.72099e-19)
(8.07807 2.6718 -2.88806e-18)
(7.77234 2.63056 4.80075e-19)
(7.44678 2.571 2.21085e-19)
(7.09947 2.49365 2.20368e-18)
(6.72798 2.39573 -1.0318e-18)
(6.34103 2.26525 1.72724e-18)
(5.98101 2.10947 4.94131e-18)
(5.69092 1.96179 6.75924e-18)
(5.47078 1.83939 -4.19546e-18)
(5.29967 1.73818 7.76583e-18)
(5.16439 1.65255 -6.22987e-18)
(5.05735 1.58114 0)
(4.96473 1.56205 -1.66775e-17)
(4.89125 1.4474 2.24202e-17)
(4.71349 1.46936 1.71321e-18)
(3.36004 0.94512 -3.23754e-17)
(7.29039 2.19184 -9.08839e-19)
(8.61875 3.2899 -5.60503e-18)
(8.60934 3.00616 -1.47471e-17)
(8.29066 3.08246 7.90403e-18)
(8.01397 3.03193 -1.51615e-18)
(7.71395 2.96544 7.6385e-19)
(7.38805 2.88242 7.87428e-20)
(7.03143 2.78459 -3.07469e-19)
(6.64918 2.66611 -3.73398e-18)
(6.25291 2.51472 2.54214e-20)
(5.88171 2.3413 -5.35417e-18)
(5.58354 2.18014 -7.15998e-18)
(5.35873 2.04835 4.71583e-18)
(5.18513 1.94173 -2.7841e-18)
(5.04872 1.85258 6.75478e-18)
(4.94212 1.77198 0)
(4.84659 1.76024 -1.02973e-17)
(4.78112 1.63798 1.5235e-17)
(4.61049 1.65853 2.97347e-17)
(3.30154 1.09008 -3.36771e-17)
(7.17948 2.42462 -2.63281e-17)
(8.51325 3.64101 1.27789e-17)
(8.53327 3.33661 9.20711e-18)
(8.18976 3.44374 -8.25775e-18)
(7.93416 3.35276 4.70242e-19)
(7.6393 3.27253 1.9316e-18)
(7.31295 3.17515 -3.30169e-19)
(6.94925 3.06288 -9.02697e-19)
(6.56085 2.92567 -2.33112e-18)
(6.15694 2.75359 3.89777e-18)
(5.77559 2.56242 5.10514e-18)
(5.4705 2.38754 1.12413e-17)
(5.24194 2.2457 0)
(5.06691 2.13216 2.09538e-19)
(4.93052 2.03894 -1.87297e-17)
(4.82689 1.94785 4.29262e-18)
(4.72821 1.94074 2.20146e-17)
(4.67394 1.80918 -6.3864e-18)
(4.5029 1.83145 1.43135e-17)
(3.23569 1.20995 -8.80835e-19)
(7.05274 2.70359 1.07538e-18)
(8.43428 4.00995 1.16865e-17)
(8.44477 3.66553 6.65535e-18)
(8.09275 3.77534 -1.4028e-17)
(7.84999 3.64766 8.51382e-18)
(7.5554 3.55555 -2.33853e-18)
(7.22502 3.44786 2.77814e-19)
(6.85398 3.32326 2.17857e-18)
(6.46397 3.16861 4.17174e-18)
(6.05513 2.97988 -4.96607e-18)
(5.66629 2.77429 0)
(5.35575 2.58591 -4.41031e-18)
(5.12424 2.4326 5.05943e-18)
(4.9482 2.31031 6.79633e-18)
(4.81241 2.21227 -3.88885e-18)
(4.71192 2.11349 -9.86404e-18)
(4.60998 2.1025 -2.99251e-18)
(4.56281 1.96562 -3.78988e-20)
(4.38871 1.98727 0)
(3.16656 1.31379 0)
(6.96032 2.94852 -1.27004e-17)
(8.31928 4.34519 0)
(8.35417 3.97454 7.46864e-18)
(7.99002 4.09642 -3.54117e-18)
(7.76655 3.92627 -8.50918e-18)
(7.46776 3.82329 2.40243e-18)
(7.13062 3.70536 2.00742e-19)
(6.75442 3.56836 -1.23353e-18)
(6.36602 3.39837 2.8853e-18)
(5.95184 3.19628 -1.9846e-18)
(5.55598 2.97606 2.88941e-18)
(5.23995 2.77338 1.37305e-17)
(5.00534 2.60853 5.12833e-19)
(4.82861 2.4766 -6.91086e-18)
(4.69315 2.37089 1.33595e-17)
(4.59562 2.26401 1.85635e-19)
(4.49332 2.24909 3.20142e-18)
(4.46158 2.10962 -1.56976e-17)
(4.28114 2.12827 1.61909e-17)
(3.09472 1.4063 -1.66843e-17)
(6.83144 3.13794 -1.20498e-21)
(8.22594 4.63286 0)
(8.26205 4.2578 0)
(7.89465 4.38902 3.00451e-18)
(7.68327 4.1866 3.36141e-18)
(7.37747 4.07822 -1.70868e-18)
(7.03205 3.94977 5.36942e-19)
(6.6548 3.79971 0)
(6.26781 3.61436 -4.54098e-18)
(5.84808 3.39992 7.29143e-18)
(5.44722 3.1669 8.67567e-18)
(5.12632 2.9521 -5.15987e-18)
(4.88864 2.7755 -6.44776e-18)
(4.71052 2.63247 1.52168e-17)
(4.57586 2.51992 -4.71725e-18)
(4.48082 2.41085 -5.74166e-18)
(4.3752 2.3815 -3.50284e-18)
(4.33653 2.2364 -1.69787e-17)
(4.15611 2.24714 2.23493e-18)
(3.01521 1.48706 1.77912e-17)
(6.7535 3.39191 -5.06847e-18)
(8.11027 4.93729 -6.87885e-18)
(8.16285 4.52784 9.32774e-19)
(7.7977 4.66202 1.27661e-19)
(7.59475 4.43343 8.8503e-19)
(7.28313 4.31966 -4.71655e-18)
(6.93013 4.18065 0)
(6.55811 4.0167 9.70558e-19)
(6.17205 3.8181 -7.63789e-19)
(5.7478 3.59431 1.17908e-17)
(5.34152 3.35072 -2.1668e-18)
(5.01302 3.12435 2.38e-18)
(4.7687 2.93645 0)
(4.58584 2.78242 -8.30036e-18)
(4.44739 2.65635 1.03098e-17)
(4.35097 2.53431 0)
(4.25339 2.49638 -7.71102e-18)
(4.244 2.35463 2.24922e-17)
(4.057 2.36156 2.74826e-18)
(2.9298 1.55484 -2.19518e-17)
(6.6323 3.54469 -1.06019e-17)
(8.01192 5.18272 1.28689e-17)
(8.07346 4.77847 0)
(7.69151 4.91801 7.34355e-18)
(7.50258 4.66281 0)
(7.18335 4.54649 4.23273e-18)
(6.82839 4.39718 0)
(6.46489 4.21954 0)
(6.07723 4.0103 -1.56147e-18)
(5.64843 3.77793 -1.14088e-17)
(5.23688 3.5243 -1.6139e-17)
(4.90181 3.28756 2.96135e-18)
(4.65298 3.08749 1.09648e-17)
(4.46874 2.91929 9.28143e-18)
(4.33487 2.78417 -3.29975e-17)
(4.2415 2.66505 -1.37413e-17)
(4.1333 2.61507 7.96749e-18)
(4.09227 2.45482 0)
(3.91054 2.44061 2.38649e-17)
(2.83706 1.60834 -2.34546e-17)
(6.5547 3.7455 1.16428e-17)
(7.88773 5.43247 -1.40244e-17)
(7.96139 4.99377 0)
(7.58393 5.14784 -3.84672e-19)
(7.40573 4.87318 -2.93005e-18)
(7.08038 4.75727 0)
(6.72903 4.59872 -5.27028e-20)
(6.3731 4.40812 1.01671e-18)
(5.98262 4.19016 -2.39659e-18)
(5.5522 3.95054 1.27188e-18)
(5.13737 3.69008 0)
(4.79439 3.44633 1.18079e-17)
(4.53408 3.23864 3.41061e-20)
(4.33478 3.06225 5.01056e-18)
(4.18081 2.91183 6.09437e-18)
(4.07902 2.76656 0)
(3.99066 2.6893 -1.35042e-17)
(4.00381 2.54171 2.64692e-17)
(3.80872 2.53808 -2.90342e-17)
(2.73565 1.64558 5.06172e-17)
(6.45144 3.89945 0)
(7.79065 5.63607 0)
(7.8643 5.21509 -7.04813e-18)
(7.47826 5.36124 0)
(7.30783 5.06762 0)
(6.97813 4.95199 5.74923e-18)
(6.63246 4.78517 -1.08941e-19)
(6.28248 4.58325 5.71726e-19)
(5.89031 4.35861 -3.81845e-19)
(5.46025 4.11315 0)
(5.04111 3.84756 -2.54692e-18)
(4.68915 3.59857 -9.75851e-18)
(4.42126 3.38216 -1.21565e-17)
(4.22394 3.1911 -5.01495e-18)
(4.08947 3.02543 6.64238e-18)
(3.98979 2.88894 -1.57678e-17)
(3.87866 2.81501 2.92302e-17)
(3.8369 2.63443 5.29894e-19)
(3.64867 2.57138 -2.77312e-17)
(2.62456 1.67121 -3.45363e-18)
(6.36143 4.05012 0)
(7.66113 5.87769 -1.00885e-17)
(7.76137 5.40362 8.04174e-18)
(7.36782 5.5622 0)
(7.21186 5.24807 0)
(6.87779 5.13283 -1.2605e-17)
(6.53902 4.95767 0)
(6.1941 4.74583 0)
(5.80124 4.51579 -5.09531e-18)
(5.37206 4.26495 2.18624e-18)
(4.94964 3.99629 -2.10657e-17)
(4.59056 3.74549 0)
(4.30976 3.52561 -1.29553e-17)
(4.08454 3.32996 4.45433e-19)
(3.89809 3.15503 -2.07979e-17)
(3.78108 2.972 8.54682e-18)
(3.69138 2.84435 2.20263e-19)
(3.71176 2.67064 -3.13388e-17)
(3.518 2.65458 1.50394e-17)
(2.50159 1.67219 3.67252e-18)
(6.27909 4.19111 0)
(7.56711 6.02426 -1.17898e-17)
(7.66113 5.5821 8.27275e-18)
(7.26558 5.7443 1.58576e-17)
(7.11992 5.41399 2.93639e-18)
(6.78024 5.30025 -1.60398e-18)
(6.44928 5.11689 1.04648e-18)
(6.10825 4.89681 1.16346e-18)
(5.71561 4.66226 5.45914e-18)
(5.2883 4.40705 1.50229e-17)
(4.86326 4.13756 1.75104e-17)
(4.49581 3.88738 3.23958e-18)
(4.20339 3.66616 1.88454e-17)
(3.97857 3.46314 1.1999e-17)
(3.82428 3.27453 1.50029e-17)
(3.69796 3.12661 -9.21259e-18)
(3.5821 3.00333 -1.13138e-17)
(3.54859 2.79262 1.36114e-17)
(3.33061 2.64408 -8.36333e-18)
(2.35659 1.65665 1.20557e-17)
(6.19941 4.32267 1.76386e-17)
(7.45716 6.23666 1.86249e-17)
(7.5638 5.75365 4.31301e-18)
(7.16582 5.9167 2.73418e-19)
(7.03043 5.5689 -1.0526e-17)
(6.68582 5.45624 3.71249e-18)
(6.36339 5.26414 -1.18263e-18)
(6.0254 5.03687 -3.54799e-19)
(5.63404 4.79842 -6.26966e-18)
(5.20915 4.53956 -1.65617e-17)
(4.78229 4.27019 1.12813e-18)
(4.40854 4.02253 0)
(4.10443 3.8036 0)
(3.85172 3.60349 -6.14552e-18)
(3.63228 3.4102 -2.39307e-17)
(3.46912 3.18955 1.97555e-17)
(3.35066 3.00917 1.20753e-17)
(3.34449 2.78226 0)
(3.16956 2.69239 2.68879e-17)
(2.20528 1.61944 -1.36118e-17)
(6.11642 4.44182 -8.94956e-18)
(7.33817 6.38397 7.4937e-18)
(7.46802 5.89932 -9.8801e-18)
(7.06418 6.0722 -9.9826e-18)
(6.94483 5.71254 -4.12246e-18)
(6.59501 5.60093 1.09102e-18)
(6.28124 5.40005 0)
(5.94562 5.16686 -1.40748e-18)
(5.55647 4.92495 6.34266e-19)
(5.13457 4.663 0)
(4.707 4.39499 0)
(4.32735 4.15262 2.16578e-18)
(4.01159 3.93948 3.14932e-18)
(3.74932 3.73812 -6.50675e-18)
(3.54634 3.54164 1.72687e-17)
(3.3957 3.37393 -2.12609e-17)
(3.24032 3.2154 -2.63785e-17)
(3.17115 2.95285 2.43337e-17)
(2.89637 2.66606 -9.92733e-18)
(2.01275 1.57185 5.40531e-18)
(6.04946 4.54848 1.04734e-17)
(7.25331 6.52404 0)
(7.38504 6.04614 0)
(6.9764 6.2185 -3.20377e-18)
(6.8643 5.84446 2.58637e-18)
(6.50745 5.7357 -3.0572e-19)
(6.20277 5.52565 -3.63934e-18)
(5.86918 5.28729 4.89679e-19)
(5.48314 5.04219 1.08282e-17)
(5.06433 4.77753 -1.30785e-18)
(4.63611 4.51151 2.87705e-18)
(4.25141 4.27539 -1.82791e-17)
(3.92346 4.0693 -1.89983e-17)
(3.63927 3.88159 -3.40128e-18)
(3.38213 3.69839 0)
(3.1389 3.48855 -3.62669e-19)
(2.94688 3.27346 1.36161e-17)
(2.88051 2.96779 -2.66262e-17)
(2.66089 2.71447 2.02414e-17)
(1.77593 1.458 1.7743e-17)
(5.9874 4.66158 -2.24755e-17)
(7.17818 6.71414 -8.58584e-18)
(7.31298 6.1939 1.1061e-19)
(6.89123 6.36636 4.26554e-18)
(6.78207 5.96997 0)
(6.42194 5.86205 1.00347e-17)
(6.1259 5.6434 4.23796e-18)
(5.79422 5.40146 -5.96365e-19)
(5.41137 5.15377 -5.44111e-18)
(4.99533 4.88708 -1.26447e-18)
(4.56896 4.62468 1.17004e-18)
(4.18362 4.39842 1.59819e-17)
(3.84923 4.20506 1.84509e-17)
(3.55252 4.02482 3.2362e-18)
(3.29342 3.84377 1.71474e-17)
(3.09164 3.67962 0)
(2.87454 3.53473 0)
(2.65362 3.26956 1.72964e-17)
(2.07194 2.74112 1.96164e-19)
(0.922664 1.81147 -1.58578e-17)
(5.91463 4.74594 1.20893e-17)
(7.06035 6.78877 2.57138e-17)
(7.20474 6.29681 -3.72804e-17)
(6.78541 6.48593 2.09301e-17)
(6.70066 6.08817 -2.19477e-18)
(6.33757 5.98194 1.29161e-17)
(6.05039 5.75575 0)
(5.72032 5.51153 1.29842e-19)
(5.3405 5.26202 0)
(4.92829 4.99478 1.61276e-17)
(4.50422 4.73727 -1.59352e-18)
(4.11478 4.52136 1.78176e-18)
(3.76591 4.341 2.06903e-17)
(3.44676 4.1794 -7.11297e-18)
(3.15409 4.03368 -9.06814e-18)
(2.841 3.87681 0)
(2.53529 3.69564 0)
(2.24869 3.37921 0)
(1.60376 2.72523 -9.75572e-18)
(1.08315 2.24807 -5.50775e-18)
(5.83166 4.83474 0)
(6.93939 6.91031 0)
(7.10125 6.3882 1.33269e-17)
(6.69214 6.58398 -1.73125e-17)
(6.62949 6.19542 1.11278e-17)
(6.25441 6.09418 -1.16988e-17)
(5.9772 5.8622 -3.69337e-19)
(5.64791 5.61695 2.86004e-19)
(5.27177 5.36658 9.39388e-19)
(4.86382 5.09989 -1.84647e-17)
(4.44186 4.84736 2.72948e-18)
(4.05401 4.64513 1.57112e-17)
(3.70696 4.48761 -2.05374e-17)
(3.38261 4.34845 -2.31666e-17)
(3.07249 4.21201 8.05926e-18)
(2.80998 4.08224 0)
(2.5467 3.95641 1.27249e-17)
(2.1845 3.63112 1.56627e-17)
(1.52217 2.96886 -1.84544e-17)
(1.03414 2.95854 2.36784e-17)
(5.79231 4.93813 0)
(6.89185 7.06982 1.74816e-17)
(7.09491 6.55349 -3.31794e-18)
(6.64343 6.72434 2.1657e-17)
(6.5576 6.29849 -1.16903e-17)
(6.175 6.20265 0)
(5.90722 5.96375 0)
(5.57746 5.71804 0)
(5.20576 5.46766 3.66202e-18)
(4.80156 5.20174 6.95788e-19)
(4.38376 4.95499 0)
(3.99943 4.76619 -1.55262e-17)
(3.64656 4.62956 0)
(3.3056 4.51424 1.65116e-17)
(2.98391 4.41506 -1.13316e-17)
(2.65553 4.32567 -9.2345e-18)
(2.32041 4.13781 -2.42831e-17)
(1.90299 3.71771 -1.35234e-17)
(1.295 3.37511 -2.37074e-17)
(1.07462 3.47103 2.02851e-17)
(5.76621 5.00498 -7.48041e-18)
(6.86059 7.18201 -5.25165e-20)
(7.0055 6.64634 -3.40129e-18)
(6.5534 6.85169 -1.67352e-17)
(6.47714 6.40417 0)
(6.10151 6.30778 0)
(5.83819 6.06053 0)
(5.50953 5.81588 1.06059e-19)
(5.1419 5.56562 -4.74703e-18)
(4.74164 5.30112 0)
(4.32989 5.0609 0)
(3.94962 4.88536 0)
(3.60053 4.77216 0)
(3.2689 4.69484 1.21181e-17)
(2.94883 4.62744 3.10339e-17)
(2.66952 4.53767 9.8734e-18)
(2.38669 4.35417 2.33823e-17)
(1.90885 3.93467 -1.89297e-17)
(1.41512 3.81944 7.79658e-18)
(1.22305 3.9232 0)
(5.65148 5.0713 6.2079e-18)
(6.70039 7.21545 -3.97641e-17)
(6.86743 6.70972 -8.49431e-18)
(6.43155 6.9034 -2.59867e-18)
(6.41258 6.49866 2.60088e-18)
(6.02482 6.40641 -1.68087e-17)
(5.77009 6.15523 1.04786e-18)
(5.44335 5.91185 2.36351e-18)
(5.07908 5.66141 0)
(4.68444 5.39921 -1.15847e-18)
(4.2787 5.16437 1.05465e-18)
(3.9068 5.00132 0)
(3.56978 4.91289 0)
(3.24674 4.86762 -1.51658e-17)
(2.93539 4.82901 2.62478e-18)
(2.61411 4.76959 -9.21337e-18)
(2.20234 4.58217 2.05998e-17)
(1.63076 4.19589 1.79666e-17)
(1.18567 4.1823 -3.27363e-17)
(1.05848 4.22952 1.62621e-17)
(5.59263 5.1453 1.17225e-17)
(6.60854 7.34154 3.69117e-17)
(6.82759 6.81604 1.0286e-17)
(6.3834 7.01217 0)
(6.34978 6.58896 0)
(5.943 6.5049 1.26434e-17)
(5.70212 6.25061 -6.11109e-18)
(5.37481 6.0081 -2.306e-18)
(5.0156 5.75777 3.08037e-20)
(4.62704 5.49731 1.32941e-17)
(4.22926 5.26686 -1.89099e-17)
(3.87047 5.11605 0)
(3.54546 5.0448 0)
(3.23492 5.0286 -1.07336e-17)
(2.9344 5.03586 -1.40875e-17)
(2.63127 4.9855 0)
(2.26814 4.7337 -2.98482e-17)
(1.76978 4.46904 -5.50465e-18)
(1.42521 4.66119 3.21731e-17)
(1.25434 4.73682 -1.5104e-17)
(5.57165 5.25023 -2.49735e-17)
(6.58982 7.50397 -1.76577e-17)
(6.79198 6.96727 0)
(6.31611 7.1664 0)
(6.26316 6.69733 0)
(5.86345 6.61319 0)
(5.62984 6.34802 6.40041e-18)
(5.30239 6.10564 -3.51214e-18)
(4.94963 5.85453 0)
(4.56806 5.59459 -1.19978e-17)
(4.18116 5.36794 3.41815e-17)
(3.83766 5.22652 1.45243e-18)
(3.53435 5.17621 2.17262e-18)
(3.24744 5.18735 1.81751e-17)
(2.96089 5.21441 -1.21076e-17)
(2.64927 5.17528 0)
(2.20543 5.00574 9.44426e-18)
(1.62697 4.91267 7.6647e-19)
(1.15805 5.10664 -5.18898e-18)
(0.786509 5.20878 1.00435e-17)
(5.48091 5.31594 1.18133e-17)
(6.47123 7.58589 -1.69088e-17)
(6.65372 7.03279 0)
(6.18445 7.25136 -3.75447e-18)
(6.17484 6.80411 1.39684e-17)
(5.77512 6.72129 0)
(5.54936 6.44622 0)
(5.2259 6.20413 6.43591e-18)
(4.88003 5.95083 -5.97894e-19)
(4.50674 5.69084 1.18231e-17)
(4.13331 5.46682 -1.6284e-17)
(3.80881 5.33161 1.04719e-17)
(3.52633 5.29161 0)
(3.25933 5.32424 -9.9346e-18)
(2.99636 5.38072 6.20581e-18)
(2.70044 5.35574 6.79293e-18)
(2.31864 5.17169 0)
(1.82803 5.17236 4.68624e-18)
(1.3423 5.80667 7.82735e-18)
(1.25631 6.06465 2.34458e-18)
(5.36856 5.39385 -2.18531e-17)
(6.31623 7.67842 2.45563e-17)
(6.53796 7.12353 1.7283e-17)
(6.08184 7.34338 -4.38989e-18)
(6.09166 6.90194 -2.10728e-17)
(5.67587 6.82586 0)
(5.46546 6.54532 5.66197e-18)
(5.14487 6.30277 -2.80872e-18)
(4.80569 6.04562 -7.23208e-20)
(4.44334 5.78504 -1.02784e-17)
(4.0853 5.56213 -8.17114e-19)
(3.78003 5.42939 -1.1748e-17)
(3.52737 5.40117 1.43237e-17)
(3.29827 5.45074 4.51583e-18)
(3.06612 5.5262 -1.04972e-17)
(2.81789 5.50251 1.18537e-17)
(2.46847 5.35015 0)
(2.00645 5.75843 0)
(1.78322 6.62327 9.67001e-19)
(0.427708 6.70298 -4.52611e-18)
(5.30557 5.49831 1.05943e-17)
(6.23755 7.83347 2.28822e-17)
(6.46501 7.27874 -1.72684e-17)
(5.99027 7.49063 1.53462e-17)
(5.99009 7.01205 2.04496e-17)
(5.5727 6.93585 0)
(5.37661 6.64457 -5.9931e-18)
(5.05786 6.39983 -3.99394e-18)
(4.72836 6.1385 0)
(4.37833 5.87604 0)
(4.03666 5.65248 0)
(3.75542 5.52014 0)
(3.532 5.49275 -1.63142e-17)
(3.33875 5.55297 -6.1492e-18)
(3.1677 5.64179 0)
(2.95543 5.63821 -5.65448e-18)
(2.72439 5.59105 0)
(2.64427 5.90122 -2.45658e-18)
(2.7071 6.05327 -3.94843e-19)
(1.46671 6.12911 2.20809e-18)
(5.21163 5.58819 -2.02727e-17)
(6.12027 7.9644 -1.45308e-17)
(6.33155 7.39223 -1.0758e-17)
(5.85731 7.61242 -1.43139e-17)
(5.87758 7.12741 -9.59261e-18)
(5.46354 7.0496 0)
(5.27993 6.74553 -1.07892e-18)
(4.96523 6.49794 5.24751e-19)
(4.64638 6.23126 -1.1951e-18)
(4.30852 5.96374 0)
(3.98752 5.74012 9.63753e-19)
(3.73194 5.60586 -1.09566e-18)
(3.5463 5.57723 0)
(3.40628 5.63108 7.59724e-18)
(3.27964 5.72099 0)
(3.13579 5.71365 4.02956e-18)
(3.06917 5.64094 -9.01779e-18)
(3.21186 5.57786 1.97758e-18)
(3.46821 4.92188 -1.76826e-18)
(1.33503 4.37224 1.0228e-18)
(5.08504 5.66992 -5.61193e-19)
(5.96015 8.08089 -7.37298e-18)
(6.18377 7.50095 1.47771e-17)
(5.72185 7.72255 -6.46217e-19)
(5.76024 7.2396 -2.56119e-18)
(5.34024 7.1632 0)
(5.17335 6.84901 5.79299e-18)
(4.86405 6.59932 3.57633e-18)
(4.55656 6.32589 2.46299e-18)
(4.2342 6.05338 -7.72952e-18)
(3.93667 5.82851 -1.17443e-17)
(3.70872 5.68903 0)
(3.5537 5.64647 1.072e-17)
(3.45109 5.68433 -3.14725e-18)
(3.39867 5.74319 -3.39929e-18)
(3.3251 5.71731 0)
(3.24613 5.6494 4.22955e-18)
(3.18243 5.53138 -3.6676e-18)
(2.92739 4.29816 5.55332e-18)
(-0.388856 2.01162 4.51327e-18)
(4.96862 5.77513 1.75966e-17)
(5.8144 8.225 -6.99421e-18)
(6.04857 7.6405 9.70708e-18)
(5.58642 7.86014 7.08263e-18)
(5.63031 7.36111 4.88195e-18)
(5.20839 7.28251 1.04268e-17)
(5.05992 6.95765 -1.10623e-17)
(4.75505 6.70492 -4.15647e-18)
(4.46 6.42431 -1.29961e-18)
(4.15543 6.14559 -6.88032e-20)
(3.87904 5.9133 1.05983e-18)
(3.67663 5.76442 -9.55423e-18)
(3.55921 5.70358 4.4094e-18)
(3.51322 5.71327 -6.74961e-18)
(3.48927 5.73047 6.5544e-18)
(3.44512 5.67289 -3.40783e-18)
(3.334 5.59727 7.75296e-18)
(3.13518 5.43163 -3.85065e-18)
(2.65175 3.90065 0)
(-0.1638 0.851176 7.31242e-18)
(4.84068 5.87624 0)
(5.66122 8.37351 -2.43917e-17)
(5.88859 7.78222 6.08308e-19)
(5.42952 7.99878 -1.22857e-17)
(5.48358 7.48993 0)
(5.06405 7.40716 -7.66206e-18)
(4.93587 7.07084 9.06548e-18)
(4.63509 6.81345 3.89436e-18)
(4.35613 6.52627 6.97501e-19)
(4.06898 6.23879 6.07871e-18)
(3.81256 5.99355 9.80327e-18)
(3.63739 5.834 2.53193e-19)
(3.5466 5.74744 -8.98592e-18)
(3.51501 5.70988 -1.75515e-18)
(3.5366 5.6764 6.11231e-18)
(3.51327 5.58241 -7.13552e-18)
(3.41748 5.50329 -3.64409e-18)
(3.20801 5.33233 4.01315e-18)
(2.77012 3.77608 0)
(0.253241 0.640666 0)
(4.68551 5.97442 -1.54229e-17)
(5.47366 8.51459 2.42969e-17)
(5.70646 7.91595 0)
(5.26023 8.13305 0)
(5.32734 7.62236 0)
(4.90892 7.53491 0)
(4.80218 7.18862 -4.12877e-18)
(4.50606 6.92607 -5.28041e-19)
(4.24335 6.63061 -4.52024e-19)
(3.9725 6.33262 8.84072e-19)
(3.73634 6.07037 -1.05015e-17)
(3.58349 5.89365 7.79191e-18)
(3.51063 5.77658 0)
(3.49599 5.70029 -4.91406e-20)
(3.52568 5.62298 -9.05651e-18)
(3.53652 5.45843 3.4108e-18)
(3.50035 5.30507 -3.68011e-18)
(3.25509 5.16358 -2.03038e-18)
(2.7571 3.66557 8.03804e-18)
(0.465952 0.687527 1.23055e-17)
(4.5239 6.07902 7.69568e-18)
(5.27895 8.66668 1.06652e-17)
(5.51601 8.06558 -4.46986e-19)
(5.07751 8.27356 5.61487e-18)
(5.15114 7.75652 0)
(4.73629 7.6642 1.10458e-17)
(4.65589 7.30954 -2.55339e-18)
(4.36224 7.03951 7.85705e-19)
(4.11717 6.73398 -2.03971e-19)
(3.86423 6.42634 7.8631e-19)
(3.64686 6.14531 7.15405e-18)
(3.50722 5.94191 -5.77329e-18)
(3.44414 5.79735 -5.70201e-18)
(3.44442 5.67412 -2.35942e-18)
(3.4645 5.56552 5.69494e-18)
(3.46565 5.39452 -1.08987e-17)
(3.4766 5.1227 6.21736e-18)
(3.21798 4.90618 -7.74359e-18)
(2.73306 3.63645 1.88315e-17)
(0.818842 1.00184 -1.6257e-17)
(4.34129 6.18203 -7.21133e-18)
(5.0595 8.81973 0)
(5.30219 8.21476 -7.75992e-18)
(4.87669 8.41762 -1.05949e-17)
(4.95982 7.89536 0)
(4.55498 7.7964 -8.51938e-18)
(4.49711 7.43275 0)
(4.20245 7.1527 -3.4552e-18)
(3.97939 6.83762 -2.48347e-19)
(3.74304 6.51952 3.70532e-18)
(3.54115 6.22158 -5.92013e-18)
(3.4081 5.98465 2.74297e-18)
(3.34463 5.81343 1.27449e-17)
(3.33695 5.64646 -4.72013e-18)
(3.3342 5.49482 5.64855e-18)
(3.30004 5.34917 3.44495e-18)
(3.33022 5.05364 -9.26005e-18)
(3.07072 4.78441 1.06397e-17)
(2.69499 3.66842 -1.97254e-19)
(1.03136 1.46655 1.83303e-18)
(4.14497 6.28331 1.3651e-17)
(4.82304 8.97277 -9.53434e-18)
(5.07076 8.36702 7.79601e-18)
(4.65591 8.56102 4.99405e-18)
(4.74651 8.03143 8.37728e-19)
(4.35171 7.9273 4.8936e-18)
(4.315 7.55254 0)
(4.02456 7.26622 -1.51964e-19)
(3.82887 6.94211 0)
(3.60603 6.61008 -3.46811e-18)
(3.41483 6.29641 5.54672e-18)
(3.28349 6.03132 -1.17329e-18)
(3.2096 5.82828 -1.0229e-17)
(3.18391 5.64415 -4.75092e-18)
(3.17122 5.45688 2.61697e-18)
(3.12207 5.32705 -3.74072e-18)
(3.1515 5.05728 1.30885e-17)
(2.88096 4.83294 8.38818e-18)
(2.59839 3.87886 3.70288e-18)
(1.23096 2.05124 -1.62205e-17)
(3.92464 6.37944 6.07044e-19)
(4.5577 9.11546 5.28506e-18)
(4.81358 8.515 0)
(4.41312 8.70273 8.80877e-18)
(4.51081 8.1664 -1.28536e-17)
(4.13647 8.05844 4.62829e-18)
(4.11846 7.67153 -2.7868e-18)
(3.83684 7.3832 2.2704e-18)
(3.66412 7.0465 -6.10985e-19)
(3.44937 6.69856 -5.83328e-19)
(3.26526 6.36728 5.34901e-18)
(3.13442 6.08753 1.01076e-17)
(3.05127 5.86163 -3.78458e-20)
(3.01089 5.67505 8.49998e-18)
(2.99685 5.47028 5.71219e-18)
(2.94293 5.35309 -1.01849e-17)
(2.96658 5.1059 8.95674e-18)
(2.71985 4.94899 -5.14145e-18)
(2.51727 4.18799 4.60942e-20)
(1.42285 2.6062 1.58874e-17)
(3.6869 6.47101 2.35187e-17)
(4.27131 9.25791 -4.96341e-18)
(4.53232 8.66226 -1.20654e-17)
(4.14381 8.83999 9.81599e-18)
(4.25521 8.29585 -5.41157e-18)
(3.90248 8.18891 8.084e-18)
(3.897 7.78739 4.27545e-18)
(3.62829 7.49835 0)
(3.47518 7.14585 4.63094e-19)
(3.27244 6.78698 8.52888e-20)
(3.09888 6.44003 -1.08706e-18)
(2.96975 6.15086 -8.90307e-18)
(2.8833 5.91749 -4.91891e-19)
(2.8251 5.72552 -1.97677e-19)
(2.79539 5.50801 8.15608e-18)
(2.72114 5.41263 3.78694e-18)
(2.76572 5.18113 -1.01022e-17)
(2.55102 5.08026 -5.06553e-18)
(2.41023 4.49553 -1.54319e-18)
(1.53407 3.05385 -1.51569e-17)
(3.42049 6.54752 0)
(3.9494 9.38068 4.10451e-18)
(4.22543 8.79869 -5.24637e-18)
(3.85698 8.97309 9.16844e-18)
(3.97791 8.42494 -1.07645e-17)
(3.6498 8.31303 4.11038e-18)
(3.65222 7.8965 0)
(3.40443 7.60828 0)
(3.27066 7.24374 0)
(3.08154 6.88057 -9.83649e-19)
(2.91687 6.52384 9.24385e-19)
(2.78903 6.22243 -1.8275e-18)
(2.69798 5.98246 -5.64889e-18)
(2.62163 5.78192 -4.12993e-18)
(2.57921 5.56716 7.34172e-18)
(2.46964 5.47849 -6.49666e-18)
(2.53482 5.28229 -3.88599e-19)
(2.36115 5.19225 1.18666e-17)
(2.23836 4.77163 -1.47773e-18)
(1.57076 3.41318 0)
(3.1399 6.61457 2.0931e-17)
(3.60256 9.50297 -3.83988e-18)
(3.89515 8.93048 -6.60721e-20)
(3.53705 9.08736 0)
(3.67117 8.54033 -4.72188e-18)
(3.36781 8.42284 5.37896e-19)
(3.38256 7.99945 0)
(3.16289 7.71358 5.52892e-19)
(3.04553 7.34193 -4.36882e-19)
(2.87121 6.9739 0)
(2.71578 6.61146 0)
(2.58903 6.30087 3.90685e-18)
(2.49338 6.05273 5.51081e-18)
(2.41091 5.85071 -2.1931e-19)
(2.36703 5.66149 2.16807e-18)
(2.23077 5.549 -2.96553e-18)
(2.27728 5.39594 0)
(2.16035 5.29862 6.99126e-18)
(2.04042 5.00718 1.15621e-17)
(1.5229 3.68674 -2.65765e-17)
(2.82482 6.63718 1.6935e-17)
(3.20965 9.58294 -3.49958e-18)
(3.5258 9.04338 4.44233e-18)
(3.19075 9.18461 -1.13848e-17)
(3.34451 8.64814 0)
(3.0686 8.52061 0)
(3.09734 8.09855 0)
(2.9063 7.80905 5.25135e-19)
(2.80227 7.43579 -4.14907e-19)
(2.64463 7.06569 0)
(2.49747 6.70022 0)
(2.37075 6.38645 -5.60016e-18)
(2.27113 6.13628 2.53438e-18)
(2.18606 5.9424 -3.0289e-18)
(2.14864 5.783 -6.38926e-18)
(2.0068 5.63741 0)
(2.02031 5.51685 1.7048e-18)
(1.94857 5.41239 2.12635e-18)
(1.83277 5.21506 -2.0893e-17)
(1.41626 3.88106 2.54435e-17)
(2.49746 6.65329 -1.46426e-17)
(2.79369 9.6584 4.66565e-18)
(3.14119 9.13845 1.00244e-17)
(2.81785 9.25937 6.14348e-18)
(2.99237 8.73863 -4.92972e-18)
(2.74661 8.60072 -2.7486e-18)
(2.78965 8.18915 1.57656e-18)
(2.62696 7.89311 0)
(2.5386 7.5248 0)
(2.39936 7.15698 0)
(2.26222 6.79152 1.94031e-18)
(2.13925 6.4799 5.20077e-18)
(2.03916 6.23282 -2.36936e-18)
(1.94875 6.04995 1.40213e-18)
(1.91788 5.9116 4.42486e-20)
(1.79541 5.74147 0)
(1.76302 5.65091 -3.15609e-18)
(1.73585 5.52584 1.58513e-17)
(1.60322 5.39911 -3.6809e-17)
(1.27356 4.00574 2.13075e-17)
(2.14256 6.59492 1.5275e-17)
(2.33685 9.66701 -1.24083e-17)
(2.71842 9.20458 0)
(2.42235 9.30329 3.00632e-18)
(2.61887 8.80931 1.95679e-18)
(2.40603 8.65624 3.80956e-18)
(2.46022 8.26094 -1.47504e-18)
(2.3288 7.96382 0)
(2.26162 7.60596 0)
(2.14236 7.24431 1.40025e-18)
(2.01619 6.8848 4.10217e-19)
(1.8967 6.58048 -2.72493e-18)
(1.79508 6.33947 -1.94456e-18)
(1.69671 6.16341 -4.24343e-18)
(1.65592 6.03751 8.31382e-18)
(1.57206 5.8602 -1.04182e-17)
(1.48938 5.78687 7.79164e-18)
(1.51095 5.65388 0)
(1.35293 5.55049 5.32846e-19)
(1.11305 4.09372 -2.03998e-17)
(1.76957 6.51669 1.59157e-17)
(1.85586 9.65496 0)
(2.27957 9.22389 0)
(2.00149 9.30358 0)
(2.21909 8.84433 1.37869e-18)
(2.04731 8.68301 -3.75557e-18)
(2.11627 8.31039 -1.2549e-18)
(2.02012 8.02109 0)
(1.97447 7.67881 0)
(1.87441 7.32884 -9.55275e-19)
(1.76008 6.98246 -1.07218e-18)
(1.64487 6.69097 1.36109e-18)
(1.54352 6.46058 -1.14364e-19)
(1.44461 6.288 -1.54677e-18)
(1.38821 6.16631 3.99454e-18)
(1.33585 6.00206 -4.2589e-18)
(1.22468 5.92719 4.39825e-18)
(1.27228 5.80318 0)
(1.09354 5.69412 -4.97604e-19)
(0.938088 4.19937 -9.53005e-18)
(1.39105 6.29665 -1.43468e-17)
(1.35648 9.53045 4.75052e-18)
(1.81197 9.19292 6.06694e-18)
(1.57268 9.25453 -7.46846e-19)
(1.80957 8.84682 -3.41956e-18)
(1.68448 8.67986 -1.71825e-18)
(1.76323 8.33442 3.47301e-18)
(1.70503 8.05884 -2.24029e-19)
(1.68007 7.73556 0)
(1.60049 7.40266 -4.58608e-20)
(1.4991 7.07497 6.27787e-19)
(1.38838 6.80049 -9.81238e-19)
(1.28601 6.58504 0)
(1.18672 6.41808 1.15744e-18)
(1.11151 6.29648 0)
(1.06788 6.1536 9.50074e-19)
(0.943235 6.07217 5.49987e-19)
(0.998813 5.96309 0)
(0.812988 5.83944 0)
(0.738464 4.32298 -8.21686e-18)
(1.01335 6.04965 1.09943e-17)
(0.858527 9.3514 -3.9454e-18)
(1.34564 9.08351 2.52219e-18)
(1.15128 9.1443 -3.7815e-18)
(1.39357 8.79965 1.43218e-18)
(1.31729 8.63455 -3.89727e-19)
(1.4104 8.32686 1.67536e-19)
(1.39089 8.07244 -4.75531e-19)
(1.3859 7.77654 -1.95084e-19)
(1.32785 7.47025 2.09818e-19)
(1.2403 7.17007 7.34574e-20)
(1.13599 6.91984 0)
(1.03395 6.72541 3.34848e-19)
(0.935667 6.572 0)
(0.848151 6.4559 0)
(0.798404 6.33677 0)
(0.6765 6.25505 3.76026e-18)
(0.71407 6.16023 -9.71371e-18)
(0.529498 6.03076 -3.96041e-20)
(0.531567 4.52365 6.96655e-18)
(0.682041 5.54959 1.72085e-18)
(0.399031 9.00875 1.38431e-18)
(0.891101 8.91205 -1.1093e-18)
(0.760168 8.96734 -6.87462e-19)
(0.98991 8.71109 5.71693e-19)
(0.975668 8.5491 3.64787e-19)
(1.07862 8.2883 2.13066e-19)
(1.09361 8.0613 0)
(1.10532 7.79887 -5.10261e-20)
(1.06608 7.52481 -1.66684e-24)
(0.990975 7.25723 -2.57652e-19)
(0.8933 7.03545 0)
(0.791816 6.86527 5.1468e-21)
(0.692134 6.73139 -3.76447e-19)
(0.59275 6.62806 0)
(0.526149 6.5329 0)
(0.400296 6.46157 -2.21339e-19)
(0.411273 6.38394 0)
(0.215917 6.26432 -1.66524e-19)
(0.302627 4.78974 0)
(0.389485 4.88785 0)
(0.00183162 8.49162 0)
(0.49291 8.62336 0)
(0.433891 8.71355 0)
(0.628013 8.55924 -1.23581e-32)
(0.665261 8.41852 8.402e-33)
(0.782987 8.21444 0)
(0.829653 8.02226 0)
(0.859652 7.7974 0)
(0.843317 7.5595 0)
(0.787536 7.32603 0)
(0.704508 7.13233 0)
(0.612837 6.98583 0)
(0.520926 6.87311 0)
(0.425874 6.78766 0)
(0.356431 6.71632 0)
(0.245615 6.66138 0)
(0.235854 6.60633 0)
(0.0414861 6.5109 0)
(0.152889 5.14219 0)
(0.249082 4.42805 0)
(-0.195659 8.09059 0)
(0.316384 8.32885 0)
(0.181128 8.42836 0)
(0.356622 8.35836 0)
(0.439231 8.26334 0)
(0.559611 8.11555 0)
(0.617352 7.9616 0)
(0.661576 7.77913 0)
(0.666346 7.58138 0)
(0.629603 7.38292 0)
(0.562433 7.21669 0)
(0.483439 7.09193 0)
(0.402549 6.99773 0)
(0.317502 6.92784 0)
(0.249557 6.87425 0)
(0.151263 6.83465 0)
(0.153065 6.7933 0)
(-0.0256099 6.71651 0)
(0.0948573 5.35221 0)
(0.176284 4.32581 0)
(-0.186311 7.80157 0)
(0.250669 8.05956 0)
(0.0240574 8.1624 0)
(0.217985 8.16878 0)
(0.299272 8.11385 0)
(0.392222 8.00704 0)
(0.451248 7.89046 0)
(0.504373 7.75013 0)
(0.521822 7.59157 0)
(0.498372 7.4278 0)
(0.44461 7.28963 0)
(0.377773 7.1871 0)
(0.308126 7.11185 0)
(0.236289 7.0582 0)
(0.177251 7.02185 0)
(0.0929833 6.99887 0)
(0.118514 6.9738 0)
(-0.0364911 6.90187 0)
(0.071693 5.50226 0)
(0.140347 4.40533 0)
(-0.194609 7.61254 0)
(0.213075 7.86255 0)
(-0.0406659 7.95877 0)
(0.18212 8.00483 0)
(0.215687 7.96373 0)
(0.274558 7.89112 0)
(0.330306 7.81254 0)
(0.383575 7.71047 0)
(0.405931 7.58697 0)
(0.391701 7.45545 0)
(0.349511 7.3438 0)
(0.294672 7.26237 0)
(0.23749 7.20535 0)
(0.18132 7.16724 0)
(0.13771 7.14425 0)
(0.0664832 7.1326 0)
(0.102017 7.11703 0)
(-0.0358497 7.03723 0)
(0.0562116 5.5809 0)
(0.101736 4.60854 0)
(-0.199764 7.51698 0)
(0.167213 7.74966 0)
(-0.0798066 7.83729 0)
(0.169511 7.88046 0)
(0.154586 7.83668 0)
(0.201702 7.78768 0)
(0.251298 7.73882 0)
(0.295308 7.66757 0)
(0.315793 7.5755 0)
(0.307223 7.47398 0)
(0.274935 7.3867 0)
(0.231926 7.32391 0)
(0.187306 7.28149 0)
(0.144373 7.25388 0)
(0.112495 7.23676 0)
(0.04834 7.22748 0)
(0.0813949 7.21507 0)
(-0.0373225 7.12423 0)
(0.0352455 5.58393 0)
(0.0814834 4.83501 0)
(-0.180145 7.4755 0)
(0.121743 7.68834 0)
(-0.101717 7.77627 0)
(0.143868 7.80233 0)
(0.0954474 7.75691 0)
(0.151087 7.72379 0)
(0.196879 7.68777 0)
(0.23063 7.63418 0)
(0.247331 7.56528 0)
(0.241736 7.48778 0)
(0.216919 7.41996 0)
(0.183316 7.37074 0)
(0.147911 7.33698 0)
(0.112903 7.31401 0)
(0.0876706 7.29825 0)
(0.0301821 7.28866 0)
(0.059262 7.27922 0)
(-0.036161 7.17705 0)
(0.0253347 5.56527 0)
(0.0651021 5.0015 0)
(-0.143709 7.45235 0)
(0.0895323 7.64636 0)
(-0.0985831 7.7349 0)
(0.112914 7.74258 0)
(0.0442923 7.71056 0)
(0.110319 7.68961 0)
(0.149683 7.65813 0)
(0.177487 7.61328 0)
(0.192811 7.55817 0)
(0.189588 7.49656 0)
(0.170091 7.44215 0)
(0.142937 7.40197 0)
(0.113759 7.37369 0)
(0.0842748 7.3541 0)
(0.0647187 7.34061 0)
(0.0176357 7.33225 0)
(0.0415281 7.32669 0)
(-0.0293393 7.21435 0)
(0.0156778 5.53294 0)
(0.0472412 5.1117 0)
(-0.105745 7.43144 0)
(0.0664511 7.60852 0)
(-0.0795161 7.69123 0)
(0.0861156 7.68266 0)
(0.016537 7.67072 0)
(0.0796072 7.65891 0)
(0.108466 7.63372 0)
(0.132378 7.59773 0)
(0.147503 7.55292 0)
(0.146647 7.50258 0)
(0.131496 7.45817 0)
(0.109569 7.42544 0)
(0.0860128 7.40264 0)
(0.0622542 7.38741 0)
(0.0479737 7.37751 0)
(0.0124737 7.37093 0)
(0.0293366 7.36778 0)
(-0.0210195 7.24799 0)
(0.00903484 5.50929 0)
(0.0304319 5.18887 0)
(-0.0738898 7.41373 0)
(0.0464361 7.57943 0)
(-0.0576681 7.6497 0)
(0.0648917 7.63156 0)
(0.00895084 7.63264 0)
(0.0595774 7.62519 0)
(0.0786057 7.60789 0)
(0.0980873 7.58214 0)
(0.1117 7.54772 0)
(0.112347 7.5077 0)
(0.100961 7.47232 0)
(0.0839236 7.44664 0)
(0.0657641 7.42919 0)
(0.0473692 7.41789 0)
(0.0366309 7.41081 0)
(0.0106703 7.40533 0)
(0.0203208 7.40262 0)
(-0.0144079 7.27743 0)
(0.00415608 5.49162 0)
(0.0175189 5.24769 0)
(-0.0490387 7.40316 0)
(0.0301874 7.5638 0)
(-0.0391493 7.61905 0)
(0.0465315 7.59909 0)
(0.00910254 7.60407 0)
(0.0462446 7.59758 0)
(0.0592465 7.58571 0)
(0.0743897 7.56777 0)
(0.085383 7.54225 0)
(0.0864078 7.51145 0)
(0.0778826 7.48407 0)
(0.0648945 7.46434 0)
(0.0510674 7.45099 0)
(0.0368163 7.44227 0)
(0.0280994 7.43681 0)
(0.00934462 7.43214 0)
(0.013522 7.42906 0)
(-0.00975494 7.30001 0)
(0.000952181 5.47481 0)
(0.0089682 5.29104 0)
(-0.0306885 7.39711 0)
(0.0186037 7.55644 0)
(-0.0244551 7.59736 0)
(0.0317103 7.58076 0)
(0.00996261 7.58532 0)
(0.0359207 7.57925 0)
(0.0458488 7.57017 0)
(0.057769 7.55667 0)
(0.066417 7.53719 0)
(0.0673511 7.51346 0)
(0.0607851 7.49231 0)
(0.0507211 7.47704 0)
(0.0399728 7.46658 0)
(0.0287916 7.45961 0)
(0.0214519 7.45528 0)
(0.00809069 7.4515 0)
(0.00884991 7.44797 0)
(-0.00649818 7.31612 0)
(-0.000754813 5.45891 0)
(0.00394734 5.31986 0)
(-0.018282 7.39204 0)
(0.0110133 7.55144 0)
(-0.0136886 7.58052 0)
(0.0210659 7.5688 0)
(0.0101672 7.57194 0)
(0.0275717 7.5669 0)
(0.0354803 7.55976 0)
(0.0449744 7.54907 0)
(0.0518797 7.53362 0)
(0.0526783 7.5149 0)
(0.0474871 7.49832 0)
(0.0395471 7.48638 0)
(0.0311029 7.47817 0)
(0.022375 7.47268 0)
(0.0162646 7.46936 0)
(0.00684067 7.4665 0)
(0.0057959 7.46257 0)
(-0.00431385 7.32851 0)
(-0.00144838 5.44558 0)
(0.00121798 5.33833 0)
(-0.0106448 7.38646 0)
(0.00626828 7.54584 0)
(-0.00654757 7.56619 0)
(0.0141454 7.55881 0)
(0.00992718 7.56054 0)
(0.0214364 7.55669 0)
(0.0277438 7.55129 0)
(0.0352415 7.54298 0)
(0.0407888 7.53078 0)
(0.041495 7.51598 0)
(0.0373805 7.50297 0)
(0.0311057 7.49365 0)
(0.0244359 7.48726 0)
(0.0176304 7.48301 0)
(0.0125371 7.48049 0)
(0.0057861 7.47839 0)
(0.00389468 7.47411 0)
(-0.00293155 7.33823 0)
(-0.00161793 5.43513 0)
(-0.000130965 5.35112 0)
(-0.0062853 7.38223 0)
(0.00336655 7.54099 0)
(-0.00240871 7.55546 0)
(0.00964665 7.55117 0)
(0.00900401 7.55185 0)
(0.0167297 7.54896 0)
(0.0217301 7.54489 0)
(0.0275323 7.53851 0)
(0.0318775 7.52896 0)
(0.03241 7.51729 0)
(0.0291104 7.50708 0)
(0.0241483 7.49987 0)
(0.0189261 7.49497 0)
(0.0136535 7.49174 0)
(0.00950067 7.48984 0)
(0.00461817 7.48832 0)
(0.00257118 7.48381 0)
(-0.00213363 7.34625 0)
(-0.00154865 5.42684 0)
(-0.000669522 5.36022 0)
(-0.00379679 7.37865 0)
(0.00173333 7.53614 0)
(-0.000266486 7.54689 0)
(0.00679341 7.54453 0)
(0.00781366 7.54459 0)
(0.0132014 7.54239 0)
(0.0172306 7.53926 0)
(0.021737 7.53433 0)
(0.0251498 7.52693 0)
(0.0255628 7.51785 0)
(0.0229481 7.50996 0)
(0.0190559 7.50439 0)
(0.0149148 7.5006 0)
(0.0107905 7.49809 0)
(0.00736823 7.49662 0)
(0.00373107 7.49551 0)
(0.00178596 7.49081 0)
(-0.0015969 7.35184 0)
(-0.00137166 5.4199 0)
(-0.000798342 5.36728 0)
(-0.0023989 7.37688 0)
(0.000829605 7.53279 0)
(0.000636673 7.54129 0)
(0.00492385 7.54004 0)
(0.00651921 7.53981 0)
(0.0103859 7.53814 0)
(0.0136166 7.53568 0)
(0.0171304 7.53183 0)
(0.0198 7.52601 0)
(0.0200863 7.51887 0)
(0.017943 7.51269 0)
(0.0148058 7.50838 0)
(0.0115296 7.50548 0)
(0.00828816 7.5036 0)
(0.00555591 7.50251 0)
(0.00284151 7.50172 0)
(0.00121131 7.49694 0)
(-0.00125845 7.35666 0)
(-0.00115573 5.41424 0)
(-0.000741646 5.37234 0)
(-0.00162163 7.37484 0)
(0.000327168 7.52901 0)
(0.0008455 7.53619 0)
(0.00358229 7.53555 0)
(0.00521256 7.53524 0)
(0.00802788 7.53398 0)
(0.0105999 7.53207 0)
(0.0133115 7.52908 0)
(0.0153959 7.52456 0)
(0.0155973 7.51903 0)
(0.0139204 7.51429 0)
(0.011505 7.51099 0)
(0.00893855 7.50876 0)
(0.00644625 7.50732 0)
(0.00427362 7.50649 0)
(0.00222037 7.5059 0)
(0.00088296 7.50102 0)
(-0.000973843 7.35969 0)
(-0.000935172 5.40952 0)
(-0.000617822 5.37625 0)
(-0.00108993 7.37412 0)
(0.00017891 7.52676 0)
(0.000932933 7.53314 0)
(0.00282071 7.53282 0)
(0.00431245 7.53249 0)
(0.00645547 7.53153 0)
(0.00852328 7.53006 0)
(0.0106971 7.52774 0)
(0.0123743 7.52421 0)
(0.0125511 7.51988 0)
(0.0111625 7.51615 0)
(0.0091673 7.51357 0)
(0.00709665 7.51186 0)
(0.00509435 7.51077 0)
(0.00335007 7.51015 0)
(0.00175022 7.5097 0)
(0.000644589 7.5048 0)
(-0.000793504 7.36259 0)
(-0.00076402 5.40588 0)
(-0.000521263 5.37918 0)
(-0.000844843 7.37291 0)
(2.78511e-05 7.52417 0)
(0.000775121 7.53002 0)
(0.00211736 7.52987 0)
(0.00335068 7.52959 0)
(0.00495625 7.52889 0)
(0.00659106 7.52777 0)
(0.00823386 7.526 0)
(0.00951239 7.52329 0)
(0.00959188 7.51995 0)
(0.00849885 7.51713 0)
(0.00698641 7.51523 0)
(0.00540692 7.51396 0)
(0.00387895 7.51317 0)
(0.00252459 7.51271 0)
(0.00129421 7.51238 0)
(0.000449093 7.50739 0)
(-0.000635191 7.36442 0)
(-0.000602193 5.40283 0)
(-0.000384025 5.38145 0)
(-0.000580428 7.3724 0)
(6.01164e-05 7.52251 0)
(0.000696084 7.52802 0)
(0.00169853 7.52797 0)
(0.00272712 7.52774 0)
(0.00400326 7.52721 0)
(0.00530847 7.52636 0)
(0.00665421 7.525 0)
(0.00768192 7.52293 0)
(0.00777231 7.52039 0)
(0.00689636 7.51823 0)
(0.00565532 7.51674 0)
(0.00435147 7.51574 0)
(0.0031234 7.51511 0)
(0.00202946 7.51474 0)
(0.00106728 7.51447 0)
(0.000375945 7.50949 0)
(-0.000490379 7.36597 0)
(-0.000479005 5.40049 0)
(-0.000320494 5.3831 0)
(-0.00042205 7.37189 0)
(8.72373e-05 7.52116 0)
(0.000648209 7.52645 0)
(0.00141838 7.52642 0)
(0.00224019 7.52624 0)
(0.00323129 7.52585 0)
(0.0042735 7.52521 0)
(0.00530578 7.5242 0)
(0.00614364 7.52263 0)
(0.00620495 7.52068 0)
(0.00548037 7.51903 0)
(0.00448873 7.51793 0)
(0.00346936 7.51721 0)
(0.00247639 7.51676 0)
(0.0015996 7.51651 0)
(0.000817497 7.51629 0)
(0.00027172 7.51127 0)
(-0.000398931 7.36724 0)
(-0.000374904 5.39863 0)
(-0.000245636 5.38439 0)
(-0.000342642 7.37109 0)
(9.43992e-05 7.51955 0)
(0.000568595 7.52475 0)
(0.00119097 7.52478 0)
(0.00189598 7.52467 0)
(0.00271641 7.52441 0)
(0.00357696 7.52394 0)
(0.00442861 7.52319 0)
(0.00502593 7.52204 0)
(0.00503358 7.52064 0)
(0.00446038 7.51947 0)
(0.00366946 7.51868 0)
(0.00283042 7.51818 0)
(0.0020404 7.51788 0)
(0.00134612 7.51772 0)
(0.000743645 7.51756 0)
(0.000290569 7.51253 0)
(-0.000260274 7.36816 0)
(-0.000287159 5.39721 0)
(-0.000157247 5.3853 0)
(-0.000182627 7.37082 0)
(0.000167335 7.51885 0)
(0.000537295 7.52398 0)
(0.00101308 7.52403 0)
(0.00156604 7.52394 0)
(0.00221307 7.52374 0)
(0.00289601 7.52342 0)
(0.00358509 7.52292 0)
(0.00418806 7.5221 0)
(0.00426896 7.52104 0)
(0.00375958 7.52018 0)
(0.00305642 7.51962 0)
(0.00235018 7.51923 0)
(0.00168882 7.51899 0)
(0.00110196 7.51885 0)
(0.000592109 7.51869 0)
(0.000220088 7.51366 0)
(-0.000237607 7.36898 0)
(-0.000222466 5.39614 0)
(-0.000160543 5.38593 0)
(-0.000160464 7.37016 0)
(0.000156358 7.51761 0)
(0.000513015 7.52275 0)
(0.000943039 7.52282 0)
(0.00143235 7.52278 0)
(0.00199639 7.52267 0)
(0.00259905 7.52248 0)
(0.00318967 7.52216 0)
(0.00358998 7.52166 0)
(0.00351559 7.52107 0)
(0.00312643 7.52056 0)
(0.00258944 7.52022 0)
(0.00202561 7.52004 0)
(0.00149848 7.51995 0)
(0.00102092 7.51991 0)
(0.000594599 7.51981 0)
(0.000276171 7.51476 0)
(-9.2094e-05 7.36985 0)
(-0.000135276 5.39539 0)
(-0.000122063 5.38661 0)
(-0.000113665 7.36989 0)
(0.00020061 7.51715 0)
(0.000543736 7.52231 0)
(0.000942228 7.52239 0)
(0.00140257 7.52237 0)
(0.00191935 7.52231 0)
(0.00246703 7.52219 0)
(0.00299181 7.52201 0)
(0.00336599 7.52173 0)
(0.00345423 7.52128 0)
(0.00306881 7.52087 0)
(0.00256483 7.52063 0)
(0.00202909 7.5205 0)
(0.00150601 7.52044 0)
(0.00104068 7.52041 0)
(0.000633761 7.52032 0)
(0.000308175 7.51527 0)
(-3.22506e-05 7.37026 0)
(-9.76871e-05 5.39505 0)
(-3.39001e-05 5.38687 0)
(2.57076e-05 7.36915 0)
(0.000303729 7.51599 0)
(0.000602785 7.52118 0)
(0.000962473 7.52131 0)
(0.00138375 7.52136 0)
(0.00185613 7.52141 0)
(0.00235578 7.52147 0)
(0.00283489 7.52154 0)
(0.00318442 7.52159 0)
(0.00321679 7.52161 0)
(0.00290082 7.52166 0)
(0.00243809 7.52172 0)
(0.00193988 7.52176 0)
(0.00144829 7.5218 0)
(0.00101022 7.52182 0)
(0.000629075 7.52174 0)
(0.000326005 7.51668 0)
(1.8399e-05 7.37145 0)
(-6.82408e-05 5.39485 0)
(-1.58565 4.31349 -1.24109e-21)
(1.42646 5.10915 8.74518e-18)
(0.47115 4.72936 -7.4975e-18)
(1.01491 4.32517 0)
(1.01151 3.95343 0)
(1.05219 3.63001 -1.16846e-17)
(1.05497 3.41624 1.19813e-17)
(0.816259 3.1621 -1.23508e-17)
(0.741068 2.79396 2.03512e-19)
(0.112078 1.98769 1.30353e-17)
(-0.26012 4.6929 -1.67239e-21)
(0.704932 4.37093 1.08209e-18)
(0.332691 4.0488 0)
(0.584368 3.89679 0)
(0.539623 3.61197 3.52947e-19)
(0.586353 3.43702 2.31281e-17)
(0.558758 3.16239 -1.22862e-17)
(0.403831 2.99352 -1.99065e-19)
(0.392763 2.77787 2.03089e-19)
(0.0226749 2.29661 0)
(-0.210103 3.62241 9.41071e-18)
(0.554106 3.84833 -9.47787e-18)
(0.293482 3.73197 0)
(0.502377 3.55882 1.08906e-17)
(0.424396 3.34534 -8.7435e-21)
(0.437011 3.21155 -1.13084e-17)
(0.368034 3.07879 -1.25009e-17)
(0.217202 3.00451 -2.22811e-21)
(0.224618 2.94999 2.04419e-19)
(-0.0423756 2.40347 0)
(-0.18702 3.25901 -4.60452e-18)
(0.316465 3.58808 0)
(0.10789 3.48041 -5.4531e-18)
(0.275974 3.39559 -5.39009e-18)
(0.208534 3.28455 3.63838e-19)
(0.228227 3.19929 -6.31716e-18)
(0.203623 3.10791 6.11325e-18)
(0.0950951 3.04888 -1.96904e-19)
(0.13661 3.00912 3.09307e-19)
(-0.0544166 2.47305 6.44897e-18)
(-0.11533 2.93662 -5.24179e-18)
(0.252031 3.33466 0)
(0.098973 3.31316 1.08603e-17)
(0.230956 3.23737 -5.96847e-18)
(0.143314 3.16833 -3.08485e-21)
(0.152552 3.11991 3.3634e-19)
(0.121276 3.0767 -1.14391e-20)
(0.0368544 3.05757 -6.4043e-18)
(0.0771529 3.04873 2.03012e-19)
(-0.0517737 2.51599 -1.31215e-17)
(-0.0938286 2.76167 0)
(0.150961 3.21543 -5.5304e-18)
(0.00421379 3.24562 -1.03959e-19)
(0.121774 3.19524 -3.62062e-19)
(0.0547163 3.16186 3.5892e-19)
(0.0794171 3.13154 5.94754e-18)
(0.0640574 3.11574 6.05822e-18)
(0.0140159 3.09216 1.20114e-17)
(0.0549247 3.09213 6.53583e-18)
(-0.0413955 2.5441 2.95305e-21)
(-0.0593694 2.65472 0)
(0.103392 3.14333 5.69792e-18)
(0.00148062 3.17907 -5.71906e-18)
(0.0934439 3.13394 -3.63686e-19)
(0.0271123 3.13434 7.22007e-19)
(0.0500413 3.11145 8.59963e-22)
(0.033542 3.11416 -3.68319e-19)
(0.00636313 3.10408 -5.8073e-18)
(0.0332589 3.10511 -5.9394e-18)
(-0.0275565 2.56341 -6.36087e-21)
(-0.0461068 2.59369 5.31902e-18)
(0.0626835 3.09502 -2.70504e-19)
(-0.0200935 3.15322 1.81265e-19)
(0.0497692 3.12179 0)
(0.00548007 3.13561 0)
(0.0315145 3.11293 0)
(0.0216855 3.12645 0)
(0.00605846 3.10896 5.53686e-18)
(0.0291831 3.11521 -5.63209e-18)
(-0.0156866 2.57831 6.80327e-18)
(-0.036114 2.56443 1.09574e-19)
(0.044473 3.06044 5.59413e-18)
(-0.0154492 3.12715 0)
(0.0399957 3.09023 -3.67502e-19)
(-0.00242947 3.12114 3.81531e-19)
(0.0233096 3.09586 0)
(0.0159199 3.12496 -1.91115e-19)
(0.00828596 3.10895 -5.81005e-18)
(0.0267622 3.11522 5.7707e-18)
(-0.00277238 2.59633 0)
(-0.0329605 2.55004 -6.45574e-20)
(0.0324225 3.04317 -8.41066e-18)
(-0.0202041 3.11506 0)
(0.0203367 3.08501 0)
(-0.00331804 3.11316 3.8544e-19)
(0.0101915 3.09445 -3.00663e-18)
(0.0156289 3.11879 -4.03095e-19)
(0.00579901 3.10855 3.01687e-18)
(0.0274979 3.11261 0)
(0.00212856 2.63907 0)
(-0.0330433 2.56008 -8.44039e-18)
(0.00414654 3.05088 2.80458e-18)
(-0.0215587 3.10935 0)
(-0.000457659 3.09475 0)
(-0.00645347 3.10703 0)
(-0.00014022 3.09892 6.01479e-18)
(0.0119988 3.11558 0)
(0.0040456 3.11093 -3.21242e-18)
(0.0279964 3.11272 1.93145e-19)
(0.00551925 2.69017 3.47203e-18)
(-0.0338063 2.63043 2.88791e-18)
(-0.0127216 3.06987 -2.62654e-19)
(-0.025772 3.10686 3.13409e-18)
(-0.0112431 3.09946 2.92204e-18)
(-0.0131454 3.10024 0)
(-0.003564 3.0971 -3.16037e-18)
(0.00454627 3.10393 0)
(0.00258686 3.1048 0)
(0.0289325 3.10335 0)
(0.0119222 2.72857 -3.48815e-18)
(-0.0382608 2.69381 -2.72313e-18)
(-0.0312224 3.06321 2.7849e-18)
(-0.0291585 3.08178 -2.92629e-18)
(-0.0275681 3.07453 -4.50883e-18)
(-0.0168232 3.0633 0)
(-0.0099355 3.06257 3.93482e-19)
(0.00103146 3.06147 -2.03536e-19)
(0.0104111 3.06764 1.45994e-18)
(0.0304343 3.06475 1.82138e-18)
(0.0211123 2.76894 -1.87428e-18)
(-0.0360334 2.73714 2.79638e-18)
(-0.0479705 3.03685 -2.67531e-18)
(-0.0309279 3.0366 1.83705e-19)
(-0.0267223 3.02992 1.12776e-18)
(-0.0122302 3.02617 -1.54139e-18)
(-0.00113092 3.02651 0)
(0.0128519 3.02931 1.64001e-18)
(0.0230471 3.0329 5.49113e-21)
(0.0436005 3.03463 -3.44354e-18)
(0.0288513 2.81694 -6.82203e-21)
(-0.0338519 2.83685 -7.05583e-19)
(-0.0456901 3.01716 1.79824e-19)
(-0.0316097 3.01503 -9.23442e-19)
(-0.0145352 3.00893 3.79925e-19)
(-0.00554658 3.00917 1.90202e-18)
(0.0041721 3.01067 -7.82095e-19)
(0.014023 3.01185 -8.15478e-19)
(0.0237805 3.01459 -8.43853e-19)
(0.0444006 3.01827 1.73967e-18)
(0.0268849 2.89357 8.90358e-19)
(-0.0149974 2.95113 5.68546e-19)
(-0.028112 3.00129 2.50168e-19)
(-0.0132106 2.99888 5.11702e-19)
(-0.00661425 2.99952 -1.05174e-18)
(-0.0021648 3.00096 3.53209e-19)
(0.00241539 3.00136 7.23482e-19)
(0.00626802 2.99984 -7.52462e-19)
(0.0106245 2.9993 -7.78311e-19)
(0.0199023 2.99829 1.00252e-19)
(0.014749 2.96122 7.18361e-19)
)
;

boundaryField
{
    wall-4
    {
        type            noSlip;
    }
    pressure-outlet-7
    {
        type            zeroGradient;
    }
    velocity-inlet-6
    {
        type            fixedValue;
        value           uniform (0 3 0);
    }
    velocity-inlet-5
    {
        type            parabolicVelocity;
        maxValue        10;
        n               (1 0 0);
        y               (0 1 0);
        value           nonuniform List<vector> 
20
(
(0.381518 0 0)
(1.19474 0 0)
(2.1232 0 0)
(3.16908 0 0)
(4.32585 0 0)
(5.57242 0 0)
(6.86447 0 0)
(8.12141 0 0)
(9.20707 0 0)
(9.90123 0 0)
(9.90123 0 0)
(9.20707 0 0)
(8.12141 0 0)
(6.86447 0 0)
(5.57242 0 0)
(4.32585 0 0)
(3.16908 0 0)
(2.1232 0 0)
(1.19474 0 0)
(0.381518 0 0)
)
;
    }
    frontAndBackPlanes
    {
        type            empty;
    }
}


// ************************************************************************* //
