/*--------------------------------*- C++ -*----------------------------------*\
| =========                 |                                                 |
| \\      /  F ield         | OpenFOAM: The Open Source CFD Toolbox           |
|  \\    /   O peration     | Version:  2412                                  |
|   \\  /    A nd           | Website:  www.openfoam.com                      |
|    \\/     M anipulation  |                                                 |
\*---------------------------------------------------------------------------*/
FoamFile
{
    version     2.0;
    format      ascii;
    arch        "LSB;label=32;scalar=64";
    class       volVectorField;
    location    "3";
    object      U;
}
// * * * * * * * * * * * * * * * * * * * * * * * * * * * * * * * * * * * * * //

dimensions      [0 1 -1 0 0 0 0];

internalField   nonuniform List<vector> 
2200
(
(0.364101 0.00226647 0)
(1.18541 -0.00458195 0)
(2.11929 -0.00055706 0)
(3.16803 0.000401063 0)
(4.32563 0.00167363 0)
(5.57245 0.00253685 0)
(6.86293 0.00305564 0)
(8.11962 0.00294658 0)
(9.20626 0.00324684 0)
(9.90133 0.00274682 0)
(9.90058 0.000683145 0)
(9.20663 -0.000868586 0)
(8.12056 -0.000917628 0)
(6.86331 -0.00115316 0)
(5.57211 -0.00132517 0)
(4.3253 -0.00063583 0)
(3.16788 0.000228288 0)
(2.11923 0.00139331 0)
(1.18492 0.00529001 0)
(0.363234 -0.00225032 0)
(0.372506 0.00910539 0)
(1.17111 0.00451527 0)
(2.11685 0.00565133 0)
(3.16664 0.00547676 0)
(4.32391 0.00843974 0)
(5.57024 0.0108125 0)
(6.86421 0.0119682 0)
(8.11958 0.0116538 0)
(9.20343 0.0096096 0)
(9.89605 0.00629358 0)
(9.89662 0.00225833 0)
(9.20266 -0.00202094 0)
(8.11803 -0.00517022 0)
(6.86242 -0.00697786 0)
(5.56979 -0.00591712 0)
(4.32336 -0.00490175 0)
(3.1657 -0.00331277 0)
(2.11449 -0.00458812 0)
(1.16835 -0.00343345 0)
(0.370535 -0.00908796 0)
(0.412943 0.014191 0)
(1.1745 0.0232698 0)
(2.12539 0.0156046 0)
(3.16404 0.0228488 0)
(4.32373 0.0201935 0)
(5.56522 0.023954 0)
(6.85437 0.0230763 0)
(8.11093 0.0223723 0)
(9.19887 0.0194134 0)
(9.89013 0.0126322 0)
(9.89001 0.00189732 0)
(9.19716 -0.00796196 0)
(8.10994 -0.0116672 0)
(6.85269 -0.0139438 0)
(5.56264 -0.0158421 0)
(4.32051 -0.0144272 0)
(3.16049 -0.0186958 0)
(2.12113 -0.0130305 0)
(1.16949 -0.022269 0)
(0.408449 -0.0138927 0)
(0.504305 0.0149954 0)
(1.19971 0.043149 0)
(2.13758 0.0382082 0)
(3.18057 0.0438196 0)
(4.32989 0.0451298 0)
(5.57618 0.0373931 0)
(6.85521 0.0375888 0)
(8.10319 0.0336936 0)
(9.18344 0.0283666 0)
(9.8739 0.0176399 0)
(9.87514 0.000985007 0)
(9.18174 -0.0106502 0)
(8.10042 -0.0187783 0)
(6.8508 -0.0247956 0)
(5.56899 -0.0277852 0)
(4.3218 -0.0366628 0)
(3.17283 -0.0368735 0)
(2.12721 -0.0337952 0)
(1.19055 -0.0409985 0)
(0.49817 -0.0140049 0)
(0.613457 0.00963389 0)
(1.25789 0.0531752 0)
(2.13046 0.0545066 0)
(3.20627 0.0506489 0)
(4.34173 0.0695775 0)
(5.57772 0.0622761 0)
(6.86064 0.0602949 0)
(8.10341 0.051307 0)
(9.18072 0.0394517 0)
(9.86024 0.0219875 0)
(9.86073 0.000547977 0)
(9.17395 -0.0175038 0)
(8.09488 -0.0318681 0)
(6.8505 -0.0437336 0)
(5.56565 -0.0495445 0)
(4.32903 -0.0582868 0)
(3.18966 -0.0427533 0)
(2.113 -0.0501538 0)
(1.24204 -0.050775 0)
(0.596722 -0.00917196 0)
(0.720938 0.00691361 0)
(1.38025 0.0555417 0)
(2.11989 0.0729029 0)
(3.22174 0.0539978 0)
(4.37456 0.0753326 0)
(5.59681 0.0951184 0)
(6.86913 0.0873065 0)
(8.10059 0.0775455 0)
(9.16924 0.0598401 0)
(9.83793 0.0310998 0)
(9.83779 -0.00273209 0)
(9.1587 -0.0333274 0)
(8.0889 -0.0544978 0)
(6.85288 -0.0676728 0)
(5.57829 -0.0785569 0)
(4.35396 -0.0625997 0)
(3.19694 -0.0468766 0)
(2.09544 -0.0683904 0)
(1.35952 -0.0542328 0)
(0.705904 -0.00638495 0)
(0.827857 0.0124879 0)
(1.50691 0.0579434 0)
(2.12422 0.099937 0)
(3.22631 0.0716421 0)
(4.42516 0.0885682 0)
(5.63104 0.115468 0)
(6.89022 0.11432 0)
(8.11048 0.10324 0)
(9.16663 0.0804357 0)
(9.82076 0.0420568 0)
(9.81944 -0.0086681 0)
(9.15125 -0.0497204 0)
(8.09247 -0.0760952 0)
(6.86726 -0.0916971 0)
(5.60495 -0.0975612 0)
(4.39433 -0.0770777 0)
(3.19385 -0.0633228 0)
(2.09263 -0.0956168 0)
(1.47781 -0.0544795 0)
(0.803669 -0.0115766 0)
(0.965694 0.0222967 0)
(1.65773 0.0698516 0)
(2.16797 0.137276 0)
(3.22698 0.136536 0)
(4.45078 0.12408 0)
(5.64051 0.13343 0)
(6.88821 0.141244 0)
(8.10364 0.135913 0)
(9.15617 0.106862 0)
(9.79566 0.0546765 0)
(9.79408 -0.0140676 0)
(9.13458 -0.0699281 0)
(8.07771 -0.103631 0)
(6.85735 -0.116735 0)
(5.60492 -0.114477 0)
(4.41101 -0.111824 0)
(3.1852 -0.127932 0)
(2.12894 -0.132535 0)
(1.62355 -0.0671184 0)
(0.934901 -0.0214582 0)
(1.15546 0.0318982 0)
(1.85639 0.0841281 0)
(2.29288 0.180259 0)
(3.23768 0.212106 0)
(4.43959 0.196638 0)
(5.64376 0.167421 0)
(6.85518 0.178937 0)
(8.06464 0.162243 0)
(9.11968 0.136998 0)
(9.74553 0.0695242 0)
(9.74307 -0.0215596 0)
(9.09228 -0.0953853 0)
(8.03147 -0.126032 0)
(6.81459 -0.149641 0)
(5.59745 -0.146298 0)
(4.38905 -0.179976 0)
(3.18499 -0.202917 0)
(2.24619 -0.174284 0)
(1.81607 -0.0809352 0)
(1.11885 -0.0315378 0)
(1.39223 0.0387017 0)
(2.10357 0.0949413 0)
(2.47786 0.212115 0)
(3.28633 0.264871 0)
(4.41533 0.277308 0)
(5.64513 0.23666 0)
(6.82911 0.220007 0)
(7.98468 0.191311 0)
(9.04296 0.14679 0)
(9.65278 0.0794179 0)
(9.64991 -0.024012 0)
(9.01011 -0.0967278 0)
(7.94385 -0.149602 0)
(6.77834 -0.186592 0)
(5.58686 -0.212209 0)
(4.35095 -0.260464 0)
(3.22327 -0.25566 0)
(2.4233 -0.205228 0)
(2.05346 -0.0913652 0)
(1.34696 -0.0374966 0)
(1.66292 0.0431985 0)
(2.39375 0.105706 0)
(2.71052 0.239545 0)
(3.39133 0.31483 0)
(4.41649 0.352795 0)
(5.64054 0.333429 0)
(6.80952 0.295829 0)
(7.91905 0.250583 0)
(8.93168 0.177077 0)
(9.49788 0.0973493 0)
(9.49333 -0.0315504 0)
(8.88916 -0.117697 0)
(7.8634 -0.202191 0)
(6.74585 -0.257128 0)
(5.56472 -0.303943 0)
(4.33365 -0.334667 0)
(3.31426 -0.301737 0)
(2.64544 -0.231965 0)
(2.33363 -0.101658 0)
(1.60727 -0.0411337 0)
(1.96019 0.0463207 0)
(2.72391 0.11578 0)
(2.99375 0.267665 0)
(3.55392 0.362353 0)
(4.45804 0.431863 0)
(5.62895 0.428793 0)
(6.78086 0.392668 0)
(7.88946 0.336914 0)
(8.8464 0.254168 0)
(9.36451 0.131321 0)
(9.35855 -0.053584 0)
(8.79757 -0.185392 0)
(7.8203 -0.277573 0)
(6.69968 -0.346853 0)
(5.53275 -0.395991 0)
(4.36179 -0.41067 0)
(3.46652 -0.348634 0)
(2.91735 -0.257053 0)
(2.65524 -0.111311 0)
(1.8942 -0.0431153 0)
(2.28614 0.045923 0)
(3.10142 0.126571 0)
(3.32419 0.28774 0)
(3.77425 0.406806 0)
(4.54503 0.503714 0)
(5.61164 0.512208 0)
(6.73736 0.472357 0)
(7.86331 0.403756 0)
(8.79304 0.324928 0)
(9.28765 0.160975 0)
(9.27798 -0.071813 0)
(8.73522 -0.243053 0)
(7.77456 -0.333507 0)
(6.63014 -0.420963 0)
(5.49767 -0.475993 0)
(4.43083 -0.477377 0)
(3.67203 -0.386298 0)
(3.23574 -0.2757 0)
(3.01516 -0.118061 0)
(2.19651 -0.0420514 0)
(2.61343 0.0434421 0)
(3.50405 0.127119 0)
(3.70147 0.300436 0)
(4.04648 0.427774 0)
(4.67679 0.556055 0)
(5.60607 0.590089 0)
(6.67385 0.550919 0)
(7.78397 0.459814 0)
(8.68661 0.358921 0)
(9.15194 0.184844 0)
(9.13665 -0.0752144 0)
(8.61564 -0.258087 0)
(7.6686 -0.376467 0)
(6.53814 -0.491737 0)
(5.47094 -0.548742 0)
(4.54603 -0.526609 0)
(3.92929 -0.409383 0)
(3.59605 -0.284033 0)
(3.40966 -0.119785 0)
(2.50491 -0.0396868 0)
(2.94797 0.0376943 0)
(3.94343 0.131623 0)
(4.10461 0.302623 0)
(4.3621 0.446904 0)
(4.85894 0.593935 0)
(5.63707 0.665504 0)
(6.60863 0.650573 0)
(7.64734 0.547855 0)
(8.50197 0.38934 0)
(8.9214 0.214395 0)
(8.89968 -0.0816617 0)
(8.41696 -0.268694 0)
(7.50046 -0.447465 0)
(6.44026 -0.573147 0)
(5.47298 -0.610607 0)
(4.70368 -0.551258 0)
(4.22522 -0.414215 0)
(3.98212 -0.28 0)
(3.81344 -0.115965 0)
(2.8006 -0.0319705 0)
(3.24761 0.0340029 0)
(4.36634 0.121341 0)
(4.52881 0.29762 0)
(4.71259 0.448722 0)
(5.09183 0.611422 0)
(5.71752 0.720675 0)
(6.57043 0.739471 0)
(7.49156 0.654558 0)
(8.29761 0.440936 0)
(8.67896 0.255572 0)
(8.6498 -0.0913756 0)
(8.19092 -0.293348 0)
(7.31309 -0.532255 0)
(6.3665 -0.636499 0)
(5.51828 -0.646139 0)
(4.91203 -0.554644 0)
(4.55073 -0.404949 0)
(4.37866 -0.264949 0)
(4.21858 -0.10657 0)
(3.06011 -0.0205493 0)
(3.54885 0.0254995 0)
(4.8205 0.120885 0)
(4.96484 0.28436 0)
(5.09186 0.437443 0)
(5.37069 0.60598 0)
(5.85239 0.739134 0)
(6.56508 0.786436 0)
(7.35383 0.722043 0)
(8.10319 0.494526 0)
(8.4683 0.290454 0)
(8.43067 -0.0915413 0)
(7.96801 -0.319401 0)
(7.14939 -0.57975 0)
(6.32213 -0.656387 0)
(5.61839 -0.637932 0)
(5.15724 -0.521469 0)
(4.89142 -0.373345 0)
(4.77208 -0.234291 0)
(4.61156 -0.0889124 0)
(3.26976 -0.00969095 0)
(3.77879 0.0198328 0)
(5.21718 0.0975376 0)
(5.38184 0.252431 0)
(5.46749 0.403597 0)
(5.67178 0.573529 0)
(6.02599 0.714001 0)
(6.57499 0.795301 0)
(7.23775 0.743355 0)
(7.89983 0.545109 0)
(8.24534 0.319306 0)
(8.19223 -0.0677452 0)
(7.72466 -0.327296 0)
(6.99358 -0.562208 0)
(6.30369 -0.642389 0)
(5.75039 -0.581987 0)
(5.4111 -0.466537 0)
(5.22042 -0.325763 0)
(5.13975 -0.198839 0)
(4.9732 -0.0680872 0)
(3.42274 6.46097e-06 0)
(4.00881 0.0149782 0)
(5.61994 0.0985587 0)
(5.77993 0.229415 0)
(5.83348 0.365944 0)
(5.97522 0.517964 0)
(6.22384 0.661043 0)
(6.61095 0.772786 0)
(7.14571 0.739571 0)
(7.6918 0.585918 0)
(7.99652 0.341661 0)
(7.92536 -0.0276263 0)
(7.47836 -0.306594 0)
(6.8522 -0.498224 0)
(6.30591 -0.572763 0)
(5.90245 -0.486113 0)
(5.65678 -0.384399 0)
(5.51893 -0.258314 0)
(5.45909 -0.14722 0)
(5.27306 -0.0427919 0)
(3.50348 0.00900341 0)
(4.17559 0.011393 0)
(5.94018 0.0734285 0)
(6.11997 0.192369 0)
(6.16031 0.31715 0)
(6.25768 0.466875 0)
(6.43078 0.592866 0)
(6.70245 0.709313 0)
(7.08864 0.720527 0)
(7.50749 0.603627 0)
(7.74928 0.365788 0)
(7.66131 0.0299138 0)
(7.25412 -0.241708 0)
(6.73802 -0.3942 0)
(6.32594 -0.433122 0)
(6.03588 -0.367454 0)
(5.85914 -0.284083 0)
(5.76024 -0.191202 0)
(5.71294 -0.107779 0)
(5.51624 -0.0244444 0)
(3.53148 0.0126303 0)
(4.34871 0.0157618 0)
(6.25695 0.0847974 0)
(6.43457 0.176496 0)
(6.45536 0.288279 0)
(6.51672 0.406971 0)
(6.62728 0.530805 0)
(6.80426 0.643206 0)
(7.06561 0.684091 0)
(7.36097 0.60283 0)
(7.53004 0.396349 0)
(7.4227 0.103668 0)
(7.0693 -0.139315 0)
(6.65919 -0.261969 0)
(6.35102 -0.287159 0)
(6.14015 -0.243854 0)
(6.00992 -0.184069 0)
(5.93979 -0.113431 0)
(5.90298 -0.0563589 0)
(5.6753 -0.00338356 0)
(3.52881 0.0110237 0)
(4.54047 0.0176434 0)
(6.506 0.0695094 0)
(6.70182 0.162704 0)
(6.71919 0.261413 0)
(6.75275 0.37887 0)
(6.81433 0.495547 0)
(6.91714 0.595879 0)
(7.07456 0.656471 0)
(7.25284 0.612339 0)
(7.34983 0.4407 0)
(7.221 0.195662 0)
(6.91987 -0.010857 0)
(6.5985 -0.10932 0)
(6.36521 -0.134749 0)
(6.20724 -0.113326 0)
(6.10948 -0.0793317 0)
(6.05287 -0.0427682 0)
(6.01657 -0.0141911 0)
(5.73173 0.0179162 0)
(3.49917 0.00883693 0)
(4.70697 0.0263657 0)
(6.77222 0.0914538 0)
(6.95812 0.167732 0)
(6.96112 0.26624 0)
(6.96579 0.372414 0)
(6.98949 0.482755 0)
(7.03182 0.590993 0)
(7.09861 0.657917 0)
(7.1746 0.641474 0)
(7.20013 0.505222 0)
(7.05181 0.305898 0)
(6.78938 0.132758 0)
(6.53636 0.0454953 0)
(6.35656 0.00911932 0)
(6.23369 0.00328132 0)
(6.15644 0.0102069 0)
(6.11026 0.0274803 0)
(6.06029 0.0346327 0)
(5.72612 0.0356605 0)
(3.42645 0.0203455 0)
(5.01216 0.0402079 0)
(7.01132 0.10358 0)
(7.205 0.194171 0)
(7.19476 0.298 0)
(7.17691 0.402427 0)
(7.15472 0.521811 0)
(7.14039 0.626275 0)
(7.12867 0.690026 0)
(7.12396 0.698027 0)
(7.0759 0.597685 0)
(6.91207 0.430744 0)
(6.67684 0.283962 0)
(6.47007 0.197212 0)
(6.32228 0.147898 0)
(6.21998 0.120789 0)
(6.15213 0.0989375 0)
(6.10713 0.0801775 0)
(6.04821 0.072449 0)
(5.67965 0.0452504 0)
(3.26472 0.0328321 0)
(5.27673 0.0659618 0)
(7.30842 0.161565 0)
(7.46612 0.256621 0)
(7.43374 0.370156 0)
(7.37463 0.496922 0)
(7.31395 0.609226 0)
(7.24595 0.710606 0)
(7.17055 0.77205 0)
(7.09557 0.789749 0)
(6.97935 0.716842 0)
(6.79581 0.568096 0)
(6.57463 0.439995 0)
(6.3942 0.347753 0)
(6.26167 0.282019 0)
(6.16765 0.232598 0)
(6.10291 0.193139 0)
(6.05695 0.158717 0)
(5.99337 0.118806 0)
(5.59261 0.0888073 0)
(3.12244 0.0409385 0)
(6.0245 0.138097 0)
(7.61646 0.237321 0)
(7.74877 0.368636 0)
(7.6663 0.529806 0)
(7.57077 0.651193 2.72478e-33)
(7.45985 0.76644 -1.89434e-33)
(7.3402 0.858495 0)
(7.20873 0.911112 0)
(7.07692 0.925483 0)
(6.89391 0.863401 0)
(6.68791 0.721531 0)
(6.47383 0.600732 0)
(6.30683 0.498222 0)
(6.18169 0.419849 0)
(6.09015 0.35273 0)
(6.02221 0.291858 0)
(5.97073 0.238456 0)
(5.88825 0.189516 0)
(5.34931 0.122856 0)
(2.74285 0.0588258 0)
(6.50478 0.28937 -3.28215e-19)
(8.02134 0.397042 2.86495e-19)
(8.03093 0.609873 0)
(7.89351 0.782195 2.88105e-20)
(7.74447 0.895321 -2.32078e-20)
(7.58588 0.993207 2.00875e-33)
(7.41752 1.06607 0)
(7.23803 1.10502 1.90869e-19)
(7.05668 1.1075 -6.85849e-19)
(6.80786 1.04638 1.50872e-19)
(6.57868 0.909926 0)
(6.36122 0.790632 -4.97925e-19)
(6.1924 0.679562 -6.23437e-19)
(6.06277 0.588203 1.09618e-18)
(5.96468 0.508891 -8.8172e-19)
(5.88875 0.439599 0)
(5.82114 0.366071 -3.40957e-19)
(5.6892 0.273736 0)
(5.03246 0.223035 -1.75067e-18)
(2.43952 0.104681 2.12932e-18)
(6.82935 0.623418 -8.81755e-20)
(8.2914 0.798984 -2.07243e-18)
(8.26426 0.992381 5.39888e-19)
(8.0758 1.10222 6.7822e-19)
(7.88615 1.19057 -4.64102e-20)
(7.68779 1.26488 1.1316e-19)
(7.47414 1.32553 0)
(7.25577 1.34878 0)
(7.02526 1.33885 1.09446e-18)
(6.71863 1.27276 0)
(6.46074 1.14178 1.73527e-18)
(6.22631 1.02132 5.42218e-19)
(6.04387 0.908124 1.61737e-20)
(5.90033 0.811006 -1.24989e-18)
(5.78491 0.722992 0)
(5.69236 0.651931 0)
(5.60884 0.606113 -5.89051e-18)
(5.46634 0.529566 1.49572e-17)
(4.8488 0.425927 -8.20696e-18)
(2.32024 0.213384 -1.03851e-17)
(6.98898 0.980745 2.73429e-18)
(8.49778 1.3385 -9.62204e-19)
(8.4385 1.41781 -2.41966e-19)
(8.21887 1.48085 -1.22484e-18)
(7.99982 1.5222 5.447e-19)
(7.75834 1.57776 -1.4554e-19)
(7.50793 1.61542 2.09132e-19)
(7.25313 1.62016 0)
(6.97782 1.59221 -2.29586e-18)
(6.63049 1.51304 2.53855e-18)
(6.34531 1.38267 -4.74849e-18)
(6.09239 1.25646 2.31418e-18)
(5.89524 1.14181 -1.71109e-18)
(5.73828 1.04722 3.74501e-18)
(5.60878 0.964289 0)
(5.49841 0.891187 -1.47838e-18)
(5.40221 0.83087 0)
(5.25451 0.827965 8.59133e-18)
(4.72011 0.630024 -1.96722e-17)
(2.31748 0.368208 1.28951e-17)
(7.03941 1.28794 -1.24455e-17)
(8.59275 1.86304 6.44838e-18)
(8.55861 1.90522 9.312e-19)
(8.33458 1.87693 0)
(8.07697 1.89382 6.07048e-19)
(7.80246 1.91913 -6.3341e-19)
(7.52051 1.92591 -2.52575e-19)
(7.23032 1.90982 0)
(6.91972 1.85883 1.62748e-18)
(6.54415 1.76266 -1.74548e-18)
(6.23169 1.62694 4.17663e-18)
(5.95914 1.4932 0)
(5.7452 1.3772 -3.60063e-18)
(5.57421 1.28403 1.9833e-18)
(5.43458 1.20971 5.40832e-18)
(5.32001 1.14005 -4.75418e-18)
(5.22327 1.0656 7.9321e-18)
(5.08774 1.05863 -1.77151e-17)
(4.60587 0.866709 1.12215e-17)
(2.39842 0.488154 -1.43265e-17)
(7.05472 1.505 8.42067e-18)
(8.62576 2.39084 -7.13601e-18)
(8.61952 2.31784 2.8538e-18)
(8.37719 2.29474 -3.90315e-18)
(8.1066 2.28968 2.537e-18)
(7.8161 2.2755 -3.69473e-19)
(7.50887 2.25095 1.2219e-19)
(7.19056 2.2099 -1.16259e-18)
(6.85398 2.13198 -1.66421e-18)
(6.45594 2.0161 -3.78093e-18)
(6.11794 1.87098 -9.01818e-18)
(5.82984 1.73071 -3.02559e-18)
(5.6071 1.6125 1.17123e-19)
(5.43359 1.51569 -7.13557e-18)
(5.30036 1.44053 -2.58743e-19)
(5.19121 1.37702 6.96797e-18)
(5.09196 1.28991 -2.16751e-18)
(4.95111 1.2636 -1.28024e-18)
(4.52123 1.07894 0)
(2.47499 0.623011 3.05133e-17)
(6.95452 1.82665 0)
(8.61565 2.80577 1.98e-18)
(8.6447 2.69171 0)
(8.37889 2.69304 -4.79875e-19)
(8.10289 2.66645 -3.06397e-18)
(7.79738 2.63134 5.62912e-19)
(7.47366 2.57756 1.58711e-19)
(7.13626 2.51029 2.07283e-18)
(6.77994 2.40555 -1.00421e-18)
(6.36439 2.27058 1.66791e-18)
(6.00652 2.11312 4.86777e-18)
(5.70854 1.96218 6.69997e-18)
(5.48133 1.83671 -4.17565e-18)
(5.30388 1.72875 7.72322e-18)
(5.16248 1.64066 -6.19756e-18)
(5.05422 1.57969 0)
(4.97075 1.51175 -1.66095e-17)
(4.86099 1.47289 2.23266e-17)
(4.47348 1.30965 1.7068e-18)
(2.53015 0.749761 -3.21817e-17)
(6.93183 2.14012 -7.96341e-19)
(8.58636 3.23356 -5.74161e-18)
(8.61665 3.08977 -1.54747e-17)
(8.34973 3.07691 8.4192e-18)
(8.06005 3.03653 -1.69758e-18)
(7.74946 2.97411 8.87061e-19)
(7.41699 2.8948 -7.92745e-20)
(7.06802 2.80337 -2.52636e-19)
(6.69664 2.6752 -3.60415e-18)
(6.26985 2.52182 2.0162e-20)
(5.90026 2.34732 -5.2962e-18)
(5.59964 2.18215 -7.10225e-18)
(5.37646 2.04874 4.68967e-18)
(5.20875 1.93822 -2.77288e-18)
(5.08343 1.84783 6.72213e-18)
(4.97579 1.78815 0)
(4.8749 1.72487 -1.02582e-17)
(4.73069 1.64857 1.51755e-17)
(4.37376 1.51096 2.95917e-17)
(2.52378 0.87388 -3.45187e-17)
(6.79032 2.35554 -2.7091e-17)
(8.50292 3.56696 1.32533e-17)
(8.56942 3.39803 9.78136e-18)
(8.26583 3.44152 -8.93185e-18)
(7.98615 3.38292 5.17111e-19)
(7.67837 3.30043 2.22568e-18)
(7.34511 3.19873 -2.46797e-19)
(6.98895 3.0854 -8.41398e-19)
(6.60685 2.93647 -2.25129e-18)
(6.17567 2.76451 3.80558e-18)
(5.79852 2.57163 5.03849e-18)
(5.49157 2.39269 1.11441e-17)
(5.25923 2.2499 0)
(5.07473 2.13072 2.06891e-19)
(4.9218 2.02455 -1.86229e-17)
(4.81273 1.93846 4.26023e-18)
(4.73536 1.89741 2.19367e-17)
(4.6556 1.83769 -6.34931e-18)
(4.32635 1.68827 1.42124e-17)
(2.47333 0.984666 -9.92346e-19)
(6.69402 2.6479 9.7093e-19)
(8.41244 3.91145 1.21122e-17)
(8.48381 3.71053 7.07746e-18)
(8.16036 3.76197 -1.50524e-17)
(7.88649 3.68568 9.24027e-18)
(7.58689 3.59366 -2.64698e-18)
(7.25815 3.48013 1.77431e-19)
(6.89946 3.35189 1.96782e-18)
(6.51258 3.18618 4.00513e-18)
(6.08013 2.99721 -4.85368e-18)
(5.69487 2.78735 0)
(5.38186 2.59443 -4.37139e-18)
(5.15215 2.43936 5.01485e-18)
(4.98532 2.31488 6.75997e-18)
(4.86429 2.21476 -3.86705e-18)
(4.75162 2.14721 -9.81939e-18)
(4.6487 2.09965 -2.98763e-18)
(4.51444 1.995 -3.95695e-20)
(4.20133 1.82546 0)
(2.4209 1.06181 0)
(6.56223 2.83966 -1.29842e-17)
(8.32109 4.23168 0)
(8.38729 4.02473 7.83856e-18)
(8.04576 4.07514 -3.6597e-18)
(7.78653 3.96513 -9.07259e-18)
(7.49374 3.85969 2.56473e-18)
(7.16457 3.7392 9.60106e-20)
(6.80396 3.60022 -1.06869e-18)
(6.41377 3.42143 2.72605e-18)
(5.98027 3.21772 -1.95676e-18)
(5.58562 2.99213 2.83472e-18)
(5.26264 2.78452 1.36071e-17)
(5.01882 2.61626 5.22568e-19)
(4.82424 2.48187 -6.87014e-18)
(4.66709 2.36344 1.33078e-17)
(4.57126 2.23869 1.85636e-19)
(4.49492 2.19252 3.19836e-18)
(4.42513 2.11138 -1.56916e-17)
(4.14267 1.98765 1.61485e-17)
(2.367 1.12834 -1.71259e-17)
(6.43417 3.03568 4.21235e-21)
(8.19251 4.53225 0)
(8.27292 4.31045 0)
(7.92472 4.369 3.09928e-18)
(7.68909 4.22301 3.53153e-18)
(7.39637 4.10773 -1.82684e-18)
(7.06541 3.97903 7.71772e-19)
(6.70237 3.8301 0)
(6.31032 3.64098 -4.31991e-18)
(5.87624 3.42537 7.12523e-18)
(5.47423 3.18686 8.55019e-18)
(5.14616 2.96778 -5.11962e-18)
(4.90798 2.78892 -6.4127e-18)
(4.74016 2.64362 1.51397e-17)
(4.62231 2.52737 -4.69952e-18)
(4.51157 2.45249 -5.72029e-18)
(4.4169 2.4065 -3.50062e-18)
(4.31102 2.28201 -1.69639e-17)
(4.00727 2.09343 2.25622e-18)
(2.30127 1.18843 1.83403e-17)
(6.30626 3.23688 -5.13867e-18)
(8.07394 4.78555 -7.04563e-18)
(8.16335 4.56716 9.75851e-19)
(7.82064 4.6309 8.89772e-20)
(7.59768 4.46213 9.5216e-19)
(7.30313 4.34109 -4.92422e-18)
(6.96659 4.2049 0)
(6.6001 4.045 8.95718e-19)
(6.20596 3.84585 -7.04862e-19)
(5.77218 3.61998 1.15373e-17)
(5.36351 3.37139 -2.1336e-18)
(5.02791 3.14065 2.35479e-18)
(4.77908 2.94694 0)
(4.58419 2.79109 -8.26047e-18)
(4.42595 2.65681 1.02715e-17)
(4.32913 2.50352 0)
(4.24657 2.45341 -7.67868e-18)
(4.17693 2.32525 2.24388e-17)
(3.91692 2.21972 2.74453e-18)
(2.22787 1.23088 -2.26368e-17)
(6.19168 3.40017 -1.07605e-17)
(7.97802 5.08687 1.31097e-17)
(8.0609 4.83668 0)
(7.72289 4.88468 7.56118e-18)
(7.5089 4.6868 0)
(7.20713 4.56081 4.48167e-18)
(6.86539 4.41644 0)
(6.49776 4.24551 0)
(6.10416 4.03725 -1.51778e-18)
(5.67152 3.80323 -1.11716e-17)
(5.25748 3.5473 -1.59233e-17)
(4.91771 3.30823 2.93941e-18)
(4.66857 3.10476 1.08924e-17)
(4.48865 2.93827 9.23762e-18)
(4.36814 2.80295 -3.28544e-17)
(4.26525 2.70091 -1.35303e-17)
(4.1709 2.64704 7.90231e-18)
(4.0877 2.49627 0)
(3.77977 2.29331 2.3786e-17)
(2.14219 1.2656 -2.42941e-17)
(6.07704 3.55275 1.17928e-17)
(7.84834 5.28171 -1.42975e-17)
(7.96971 5.06263 0)
(7.62949 5.12302 -3.83628e-19)
(7.42091 4.90592 -3.03053e-18)
(7.1143 4.77109 0)
(6.76814 4.61692 -1.04472e-19)
(6.40159 4.43444 9.93192e-19)
(6.0085 4.21754 -2.30125e-18)
(5.57598 3.9759 1.23706e-18)
(5.15648 3.71444 0)
(4.80906 3.4685 1.16971e-17)
(4.54793 3.25534 2.47384e-20)
(4.34227 3.07343 4.98402e-18)
(4.17519 2.91857 6.07126e-18)
(4.07303 2.74317 0)
(3.99199 2.67135 -1.35064e-17)
(3.93371 2.51792 2.65241e-17)
(3.66306 2.39148 -2.8933e-17)
(2.04177 1.27913 5.25189e-17)
(5.99187 3.71312 0)
(7.76796 5.52064 0)
(7.87651 5.27151 -7.25681e-18)
(7.53009 5.33944 0)
(7.33154 5.1064 0)
(7.01836 4.96869 6.13788e-18)
(6.672 4.80508 -1.64574e-19)
(6.30896 4.61149 5.80988e-19)
(5.91757 4.38686 -3.54461e-19)
(5.4849 4.13878 0)
(5.05935 3.87369 -2.51854e-18)
(4.70391 3.62294 -9.67214e-18)
(4.43419 3.4013 -1.20647e-17)
(4.23684 3.2161 -4.9797e-18)
(4.103 3.05962 6.60672e-18)
(3.99931 2.92097 -1.56334e-17)
(3.89523 2.85272 2.90166e-17)
(3.82561 2.65656 5.41084e-19)
(3.51461 2.41933 -2.76471e-17)
(1.9284 1.28404 -3.58892e-18)
(5.89374 3.84905 0)
(7.66439 5.71721 -1.04386e-17)
(7.77844 5.48035 8.31229e-18)
(7.43531 5.5398 0)
(7.24052 5.29458 0)
(6.92469 5.15352 -1.34694e-17)
(6.58098 4.98129 0)
(6.22229 4.77764 0)
(5.83184 4.54607 -4.85266e-18)
(5.39749 4.2919 2.14882e-18)
(4.96715 4.02408 -2.07772e-17)
(4.60638 3.7719 0)
(4.32722 3.54818 -1.28473e-17)
(4.10012 3.34748 4.47152e-19)
(3.91146 3.16852 -2.06585e-17)
(3.79017 2.97446 8.47362e-18)
(3.7014 2.86169 2.15099e-19)
(3.65622 2.66883 -3.14366e-17)
(3.36408 2.49791 1.50296e-17)
(1.79406 1.25844 3.83114e-18)
(5.80218 3.96949 0)
(7.55661 5.90745 -1.22249e-17)
(7.68854 5.65887 8.55277e-18)
(7.33649 5.72726 1.66096e-17)
(7.14735 5.46596 3.05527e-18)
(6.82968 5.32342 -1.72134e-18)
(6.49081 5.14389 1.13521e-18)
(6.13693 4.93163 7.73581e-19)
(5.74808 4.69414 5.19928e-18)
(5.31306 4.43497 1.46851e-17)
(4.87923 4.16611 1.72715e-17)
(4.5096 3.91394 3.20281e-18)
(4.21276 3.6866 1.86923e-17)
(3.98677 3.48606 1.19092e-17)
(3.83178 3.30917 1.49005e-17)
(3.71482 3.13931 -9.1902e-18)
(3.59479 3.03883 -1.13678e-17)
(3.52973 2.78373 1.35317e-17)
(3.18873 2.47685 -8.3371e-18)
(1.65002 1.22433 1.2776e-17)
(5.70993 4.08661 1.79077e-17)
(7.47191 6.0668 1.93421e-17)
(7.58432 5.8304 4.4108e-18)
(7.23294 5.8953 2.28237e-19)
(7.05407 5.62402 -1.10109e-17)
(6.7373 5.47972 3.97665e-18)
(6.40433 5.29367 -1.27655e-18)
(6.05543 5.07417 -3.60812e-19)
(5.66791 4.83174 -5.94402e-18)
(5.23229 4.56858 -1.62056e-17)
(4.79676 4.29963 1.10921e-18)
(4.42246 4.05035 0)
(4.12075 3.82781 0)
(3.86954 3.62269 -6.1002e-18)
(3.64799 3.43 -2.37503e-17)
(3.48691 3.21828 1.97081e-17)
(3.36475 3.05724 1.21905e-17)
(3.30994 2.80935 0)
(2.99971 2.5375 2.67837e-17)
(1.48771 1.1594 -1.45806e-17)
(5.61983 4.19474 -9.1486e-18)
(7.34923 6.23389 7.68737e-18)
(7.47874 5.97789 -1.01676e-17)
(7.13394 6.04422 -1.0414e-17)
(6.96295 5.76578 -4.29038e-18)
(6.64617 5.62194 1.17857e-18)
(6.31967 5.43067 0)
(5.9751 5.20522 -8.99806e-19)
(5.58958 4.9587 5.8704e-19)
(5.15552 4.69276 0)
(4.71988 4.42498 0)
(4.3387 4.18013 2.14651e-18)
(4.01854 3.96172 3.12731e-18)
(3.75537 3.76145 -6.45554e-18)
(3.55848 3.57485 1.71381e-17)
(3.41393 3.38256 -2.11285e-17)
(3.26056 3.23838 -2.63138e-17)
(3.15975 2.91359 2.40617e-17)
(2.74616 2.47626 -9.83511e-18)
(1.26153 1.10205 5.55029e-18)
(5.52564 4.27558 1.05768e-17)
(7.26107 6.37422 0)
(7.3926 6.13288 0)
(7.04582 6.19219 -3.32586e-18)
(6.87891 5.89941 2.67892e-18)
(6.56133 5.75441 -2.97451e-19)
(6.24012 5.55727 -3.95147e-18)
(5.89937 5.3265 -7.3002e-20)
(5.51606 5.0765 1.02241e-17)
(5.08388 4.80873 -1.28659e-18)
(4.64874 4.54244 2.8397e-18)
(4.26341 4.30321 -1.81141e-17)
(3.93843 4.09353 -1.8855e-17)
(3.65755 3.89726 -3.37621e-18)
(3.39989 3.70807 0)
(3.17166 3.50446 -3.54679e-19)
(2.98348 3.30718 1.35307e-17)
(2.86527 2.97668 -2.62905e-17)
(2.47747 2.51934 2.0083e-17)
(0.931234 0.865744 1.77352e-17)
(5.45827 4.38171 -2.27256e-17)
(7.18578 6.52733 -8.94063e-18)
(7.31985 6.28294 4.95647e-20)
(6.96596 6.33792 4.3976e-18)
(6.79661 6.02849 0)
(6.4789 5.87971 1.05861e-17)
(6.16249 5.6769 4.64005e-18)
(5.82446 5.44141 -6.35172e-19)
(5.44352 5.18863 -5.11884e-18)
(5.01417 4.91988 -1.2437e-18)
(4.57998 4.65623 1.15075e-18)
(4.18903 4.42447 1.58396e-17)
(3.84855 4.22571 1.83091e-17)
(3.55024 4.04343 3.21374e-18)
(3.30078 3.87007 1.7042e-17)
(3.10904 3.67888 0)
(2.89515 3.51088 0)
(2.67413 3.11623 1.70009e-17)
(1.98778 2.34965 2.0052e-19)
(0.620752 1.24152 -1.74194e-17)
(5.36739 4.45383 1.2222e-17)
(7.08737 6.63397 2.65876e-17)
(7.20941 6.39073 -3.83236e-17)
(6.86552 6.45908 2.17605e-17)
(6.71647 6.1515 -2.28938e-18)
(6.39944 6.00009 1.36313e-17)
(6.08766 5.79226 0)
(5.75215 5.55298 6.35123e-19)
(5.37371 5.29834 0)
(4.94648 5.02984 1.57385e-17)
(4.51357 4.77015 -1.57849e-18)
(4.12047 4.54821 1.76487e-18)
(3.77651 4.364 2.05746e-17)
(3.46525 4.19481 -7.07198e-18)
(3.16874 4.03069 -9.01146e-18)
(2.87517 3.86402 0)
(2.56433 3.68075 0)
(2.23273 3.26965 0)
(1.29646 2.37876 -8.76084e-18)
(0.809601 2.06298 -5.58077e-18)
(5.2917 4.54129 0)
(6.95971 6.73692 0)
(7.10092 6.49045 1.36948e-17)
(6.77729 6.55811 -1.80445e-17)
(6.64299 6.26071 1.15752e-17)
(6.32141 6.11367 -1.23719e-17)
(6.01478 5.90232 -4.18929e-19)
(5.68113 5.66034 3.244e-19)
(5.30507 5.40453 8.99852e-19)
(4.88076 5.13678 -1.80148e-17)
(4.45061 4.88207 2.69475e-18)
(4.05513 4.6717 1.56084e-17)
(3.69875 4.50407 -2.04182e-17)
(3.36863 4.35805 -2.30794e-17)
(3.06795 4.22777 8.02559e-18)
(2.80425 4.0831 0)
(2.51985 3.88939 1.2722e-17)
(2.04742 3.2982 1.55294e-17)
(1.31246 2.64631 -1.60823e-17)
(0.890516 2.90042 2.20382e-17)
(5.24236 4.62371 0)
(6.925 6.8942 2.16062e-17)
(7.09394 6.65895 -3.49802e-18)
(6.74158 6.70435 2.2704e-17)
(6.57492 6.37222 -1.21641e-17)
(6.24954 6.22488 0)
(5.94486 6.00785 0)
(5.61319 5.76397 0)
(5.2398 5.50753 3.31221e-18)
(4.81824 5.24142 6.63919e-19)
(4.3914 4.99241 0)
(3.9968 4.79488 -1.54179e-17)
(3.64064 4.64736 0)
(3.307 4.52345 1.64605e-17)
(2.98359 4.40621 -1.13288e-17)
(2.65731 4.28717 -9.23135e-18)
(2.2754 4.05246 -2.42886e-17)
(1.70981 3.44529 -1.30446e-17)
(1.22408 3.18605 -2.33773e-17)
(0.998441 3.44605 1.72607e-17)
(5.19846 4.6867 -7.57652e-18)
(6.9046 7.01342 1.39634e-20)
(7.01901 6.76998 -3.59959e-18)
(6.65591 6.83394 -1.759e-17)
(6.49758 6.48637 0)
(6.17818 6.33195 0)
(5.87606 6.10956 0)
(5.54694 5.86421 6.85227e-20)
(5.17578 5.6077 -4.319e-18)
(4.7579 5.34353 0)
(4.336 5.10044 0)
(3.94433 4.91672 0)
(3.58581 4.7908 0)
(3.24295 4.69636 1.2132e-17)
(2.92141 4.62211 3.10635e-17)
(2.6258 4.5069 9.87802e-18)
(2.2752 4.19572 2.30099e-17)
(1.77823 3.6817 -1.81053e-17)
(1.33832 3.78195 7.87273e-18)
(1.1723 3.91511 0)
(5.1004 4.73784 7.21011e-18)
(6.75364 7.0418 -4.05458e-17)
(6.87195 6.82682 -9.28478e-18)
(6.53648 6.88397 -2.70553e-18)
(6.42793 6.58029 2.73671e-18)
(6.10383 6.43096 -1.79113e-17)
(5.80886 6.20887 1.12436e-18)
(5.48236 5.9626 3.05972e-18)
(5.11428 5.70646 0)
(4.70052 5.44482 -1.13311e-18)
(4.2839 5.20722 1.03153e-18)
(3.89856 5.03724 0)
(3.54739 4.93361 0)
(3.21657 4.8665 -1.51887e-17)
(2.89959 4.80318 2.65188e-18)
(2.57253 4.69135 -9.23194e-18)
(2.10452 4.38788 2.03126e-17)
(1.52848 4.02037 1.76272e-17)
(1.14265 4.19606 -3.25044e-17)
(1.04557 4.24665 1.71073e-17)
(5.03315 4.82594 1.3474e-17)
(6.66203 7.16986 3.77247e-17)
(6.82574 6.94184 1.1233e-17)
(6.49491 6.99892 0)
(6.3645 6.67505 0)
(6.02824 6.53209 1.34919e-17)
(5.74045 6.30836 -6.64792e-18)
(5.4157 6.06183 -2.93356e-18)
(5.05113 5.80605 8.52658e-23)
(4.6428 5.54637 1.27803e-17)
(4.23396 5.31329 -1.85638e-17)
(3.85839 5.15589 0)
(3.51809 5.07438 0)
(3.19522 5.04032 -1.07251e-17)
(2.88714 5.01501 -1.41402e-17)
(2.56218 4.90285 0)
(2.12457 4.5166 -2.91333e-17)
(1.73398 4.33161 -5.34994e-18)
(1.44049 4.70916 3.35823e-17)
(1.17553 4.71508 -1.72133e-17)
(4.99684 4.8943 -2.55158e-17)
(6.64191 7.31362 -1.84588e-17)
(6.7966 7.10132 0)
(6.43826 7.158 0)
(6.27949 6.79442 0)
(5.95231 6.64378 0)
(5.66697 6.4106 6.97885e-18)
(5.3458 6.1626 -4.28679e-18)
(4.9862 5.9063 0)
(4.5848 5.64838 -1.15235e-17)
(4.18504 5.4187 3.35102e-17)
(3.82309 5.27189 1.43179e-18)
(3.50092 5.20923 2.16438e-18)
(3.20069 5.19936 1.81351e-17)
(2.90627 5.18285 -1.20965e-17)
(2.57377 5.03736 0)
(2.08457 4.77595 9.47895e-18)
(1.64057 4.86254 7.30837e-19)
(1.13984 5.1265 -5.0556e-18)
(0.75139 5.18522 1.03326e-17)
(4.90975 4.95732 1.20771e-17)
(6.53814 7.4003 -1.76886e-17)
(6.65664 7.1688 0)
(6.30377 7.23702 -3.94544e-18)
(6.18493 6.89962 1.4598e-17)
(5.86383 6.7508 0)
(5.58625 6.51359 0)
(5.27106 6.26384 7.87169e-18)
(4.91696 6.00662 -5.44359e-19)
(4.52408 5.74958 1.11841e-17)
(4.13671 5.52221 -1.59357e-17)
(3.792 5.38334 1.03182e-17)
(3.49106 5.33648 0)
(3.20924 5.35275 -9.89346e-18)
(2.93171 5.36307 6.18946e-18)
(2.59522 5.24558 6.7982e-18)
(2.16129 4.99553 0)
(1.77077 5.16908 4.70984e-18)
(1.30794 5.7983 7.85206e-18)
(1.20311 6.00385 2.365e-18)
(4.79315 5.0172 -2.24926e-17)
(6.38138 7.48291 2.55685e-17)
(6.53048 7.26453 1.7872e-17)
(6.20395 7.32901 -4.57412e-18)
(6.0978 6.99841 -2.19952e-17)
(5.76875 6.85493 0)
(5.50161 6.61627 6.1271e-18)
(5.1915 6.36461 -3.38611e-18)
(4.84456 6.10589 -1.39924e-19)
(4.46221 5.84931 -9.72591e-18)
(4.08888 5.62357 -7.85488e-19)
(3.7635 5.48944 -1.15725e-17)
(3.48829 5.45222 1.41406e-17)
(3.2383 5.48 4.49156e-18)
(2.97857 5.50092 -1.04768e-17)
(2.66365 5.34794 1.14983e-17)
(2.30914 5.18561 0)
(1.95782 5.79838 0)
(1.73107 6.49651 1.16233e-18)
(0.451547 6.55963 -4.86422e-18)
(4.72537 5.11423 1.0841e-17)
(6.29996 7.63656 2.38394e-17)
(6.45818 7.42311 -1.78572e-17)
(6.11865 7.48037 1.61848e-17)
(5.99794 7.117 2.13569e-17)
(5.66953 6.96729 0)
(5.4116 6.71958 -6.50135e-18)
(5.10728 6.46457 -4.74705e-18)
(4.76826 6.2032 0)
(4.39776 5.94566 0)
(4.04152 5.72048 0)
(3.73831 5.58813 0)
(3.48911 5.5549 -1.61084e-17)
(3.26588 5.59298 -6.10168e-18)
(3.04608 5.61837 0)
(2.74377 5.50689 -5.7201e-18)
(2.5669 5.53901 0)
(2.59501 5.88984 -2.42102e-18)
(2.64948 5.93258 4.43728e-19)
(1.43081 5.97338 1.45445e-18)
(4.6224 5.17694 -2.07309e-17)
(6.18691 7.74889 -1.51651e-17)
(6.32708 7.54265 -1.10966e-17)
(5.98836 7.60002 -1.5093e-17)
(5.88263 7.23543 -1.00224e-17)
(5.56167 7.08191 0)
(5.31359 6.82452 -1.19528e-18)
(5.01703 6.56499 5.95592e-19)
(4.68714 6.29938 -6.75666e-19)
(4.33073 6.03962 0)
(3.99339 5.8146 9.35432e-19)
(3.71323 5.682 -1.06337e-18)
(3.49329 5.64712 0)
(3.31313 5.67788 7.53254e-18)
(3.131 5.69631 0)
(2.9317 5.60249 4.01195e-18)
(2.88832 5.60277 -9.20782e-18)
(3.05507 5.51798 2.0914e-18)
(3.3024 4.80703 -1.97364e-18)
(1.24239 4.23569 1.89293e-18)
(4.50017 5.26183 -4.819e-19)
(6.03812 7.87552 -7.60429e-18)
(6.17236 7.65625 1.52733e-17)
(5.85184 7.70881 -6.48831e-19)
(5.76322 7.34717 -2.68323e-18)
(5.44054 7.19469 0)
(5.20632 6.93142 6.24509e-18)
(4.91829 6.66804 4.16739e-18)
(4.59845 6.39807 1.4811e-18)
(4.25751 6.13475 -6.994e-18)
(3.94111 5.9079 -1.12173e-17)
(3.68796 5.77326 0)
(3.50072 5.73209 1.04708e-17)
(3.35768 5.75291 -3.13596e-18)
(3.22515 5.734 -3.37105e-18)
(3.07915 5.62073 0)
(3.0219 5.59907 4.35271e-18)
(2.99367 5.45798 -4.08166e-18)
(2.68539 4.17999 5.81568e-18)
(-0.454487 1.75796 4.98775e-18)
(4.37149 5.32726 1.80753e-17)
(5.89161 7.99414 -7.20559e-18)
(6.03197 7.80278 9.9959e-18)
(5.71892 7.84808 7.4685e-18)
(5.63246 7.47286 5.11241e-18)
(5.31118 7.31519 1.11591e-17)
(5.09106 7.04278 -1.19023e-17)
(4.81146 6.77475 -4.81524e-18)
(4.50249 6.49899 -3.53684e-19)
(4.17961 6.2309 -4.59838e-21)
(3.88534 5.99985 1.08445e-18)
(3.65885 5.85974 -9.24828e-18)
(3.50328 5.80621 4.22404e-18)
(3.40077 5.79889 -8.39248e-18)
(3.29753 5.74591 6.60498e-18)
(3.15888 5.58794 -3.46672e-18)
(3.0464 5.55361 7.95367e-18)
(2.86892 5.33929 -4.47988e-18)
(2.34382 3.62242 0)
(-0.225252 0.767806 7.92947e-18)
(4.24449 5.42591 0)
(5.74752 8.14884 -2.53793e-17)
(5.87147 7.94782 7.00164e-19)
(5.56453 7.98674 -1.29154e-17)
(5.48686 7.60367 0)
(5.16807 7.44022 -8.19992e-18)
(4.96523 7.15812 9.71509e-18)
(4.69497 6.88495 4.51161e-18)
(4.39828 6.60289 -1.97217e-19)
(4.09492 6.32854 5.44899e-18)
(3.82313 6.09039 9.28443e-18)
(3.62375 5.93997 3.05021e-19)
(3.50019 5.8702 -8.74406e-18)
(3.42368 5.83469 -2.4503e-18)
(3.32967 5.72727 5.64362e-18)
(3.19479 5.53094 -6.93871e-18)
(3.06697 5.45281 -3.71674e-18)
(2.83508 5.17276 4.41287e-18)
(2.23462 3.34156 0)
(0.00129076 0.37158 0)
(4.08298 5.47829 -1.59034e-17)
(5.56138 8.26792 2.51557e-17)
(5.68723 8.09098 0)
(5.39549 8.122 0)
(5.32797 7.7363 0)
(5.01307 7.56862 0)
(4.83008 7.27746 -4.39279e-18)
(4.56862 6.99845 -5.28522e-19)
(4.28524 6.70881 -5.2137e-19)
(4.00322 6.42624 8.03598e-19)
(3.75422 6.17841 -9.70214e-18)
(3.57921 6.01264 7.41494e-18)
(3.47633 5.91897 0)
(3.40899 5.85145 1.43462e-20)
(3.325 5.70443 -8.04694e-18)
(3.19894 5.45432 3.32683e-18)
(3.098 5.33458 -3.45551e-18)
(2.84062 4.99199 -1.88274e-18)
(2.106 3.07106 9.86401e-18)
(-0.109728 0.0534373 1.17466e-17)
(3.9265 5.57653 7.8396e-18)
(5.3679 8.42743 1.10355e-17)
(5.49286 8.24155 -5.35256e-19)
(5.21423 8.26589 5.89503e-18)
(5.15477 7.87259 0)
(4.84287 7.69968 1.18042e-17)
(4.68307 7.39958 -2.74106e-18)
(4.42901 7.1138 8.53395e-19)
(4.16163 6.81661 -2.25548e-19)
(3.90206 6.52431 7.03131e-19)
(3.67358 6.26401 6.6235e-18)
(3.5182 6.08035 -5.3613e-18)
(3.43103 5.95935 -5.31243e-18)
(3.37417 5.85821 -2.22123e-18)
(3.30141 5.68912 5.27033e-18)
(3.20202 5.38841 -9.76014e-18)
(3.13988 5.17584 5.61948e-18)
(2.86115 4.83226 -6.421e-18)
(2.03394 2.93082 1.77077e-17)
(0.0329999 0.0420019 -1.35722e-17)
(3.74372 5.62365 -7.34487e-18)
(5.14285 8.55383 0)
(5.28009 8.39286 -7.94155e-18)
(5.01487 8.41331 -1.11088e-17)
(4.96234 8.01197 0)
(4.65973 7.83514 -9.10617e-18)
(4.52385 7.52435 0)
(4.27598 7.23088 -3.95069e-18)
(4.02735 6.92549 3.85096e-20)
(3.78909 6.62033 3.04111e-18)
(3.57886 6.34397 -5.333e-18)
(3.43819 6.13778 2.56801e-18)
(3.36196 5.99312 1.18315e-17)
(3.31609 5.85992 -4.26099e-18)
(3.25521 5.66708 5.10062e-18)
(3.15524 5.34481 3.1049e-18)
(3.12661 5.035 -7.84156e-18)
(2.83904 4.63088 9.01774e-18)
(2.04385 2.95868 -1.75699e-19)
(0.242894 0.264116 1.50458e-18)
(3.56085 5.7215 1.38703e-17)
(4.90591 8.71461 -9.83069e-18)
(5.04673 8.53977 8.02195e-18)
(4.79619 8.55885 5.2287e-18)
(4.75133 8.14859 7.76845e-19)
(4.45946 7.96988 5.12245e-18)
(4.34724 7.64791 0)
(4.10576 7.34758 -1.8174e-19)
(3.87891 7.0341 0)
(3.66095 6.71522 -2.8464e-18)
(3.46547 6.42096 5.00377e-18)
(3.33661 6.19137 -1.07423e-18)
(3.26983 6.02172 -9.38863e-18)
(3.237 5.86198 -4.27626e-18)
(3.18137 5.64299 2.34088e-18)
(3.04958 5.30429 -3.24164e-18)
(3.00387 4.94334 1.16566e-17)
(2.72602 4.48289 7.1396e-18)
(2.06059 3.04897 3.00155e-18)
(0.444998 0.619931 -1.37715e-17)
(3.34735 5.74933 4.86851e-19)
(4.63624 8.83084 5.33125e-18)
(4.79196 8.68609 0)
(4.55489 8.70467 9.15787e-18)
(4.51862 8.28424 -1.34097e-17)
(4.24475 8.10487 4.84509e-18)
(4.15375 7.77025 -2.89925e-18)
(3.91964 7.46349 2.7339e-18)
(3.71674 7.14117 -9.92774e-19)
(3.51542 6.80689 -5.00739e-19)
(3.33146 6.4917 4.78666e-18)
(3.21331 6.24082 9.28553e-18)
(3.15154 6.04473 -4.06313e-20)
(3.11748 5.85598 7.88785e-18)
(3.0451 5.61554 5.16741e-18)
(2.87317 5.26541 -9.32748e-18)
(2.79527 4.88523 8.35138e-18)
(2.52579 4.43107 -4.78727e-18)
(2.00434 3.19869 1.17673e-19)
(0.640368 1.09174 1.43548e-17)
(3.12675 5.83125 2.39161e-17)
(4.35552 8.97572 -4.99002e-18)
(4.51409 8.82453 -1.24259e-17)
(4.29151 8.84396 1.01104e-17)
(4.2657 8.41606 -5.64761e-18)
(4.00871 8.2342 8.52404e-18)
(3.93667 7.88778 4.52691e-18)
(3.71391 7.57622 0)
(3.53574 7.24472 9.15065e-19)
(3.34841 6.89644 1.0981e-20)
(3.1774 6.56295 -9.42813e-19)
(3.06499 6.28972 -8.1917e-18)
(2.99487 6.07083 -4.98579e-19)
(2.94726 5.85838 -1.53342e-19)
(2.87425 5.60729 7.71699e-18)
(2.69829 5.26648 3.62736e-18)
(2.61239 4.90268 -9.66457e-18)
(2.34837 4.49895 -4.82576e-18)
(1.95326 3.45479 -1.43719e-18)
(0.81224 1.60246 -1.41758e-17)
(2.87301 5.82006 0)
(4.03953 9.07156 4.22356e-18)
(4.20966 8.95891 -5.43815e-18)
(3.99967 8.97608 9.43073e-18)
(3.98958 8.54302 -1.11767e-17)
(3.75346 8.35848 4.28612e-18)
(3.70164 8.00063 0)
(3.49097 7.68567 0)
(3.33732 7.34384 0)
(3.16272 6.98393 -8.46853e-19)
(3.00107 6.63522 7.95914e-19)
(2.88706 6.33962 -1.70491e-18)
(2.80889 6.10669 -5.36174e-18)
(2.75773 5.888 -3.97745e-18)
(2.69923 5.64653 7.07816e-18)
(2.54156 5.33444 -6.25264e-18)
(2.46312 4.99847 -3.47269e-19)
(2.20515 4.65165 1.14562e-17)
(1.90077 3.76623 -1.42298e-18)
(0.921739 2.05354 0)
(2.60174 5.85634 2.10417e-17)
(3.7067 9.18328 -3.95171e-18)
(3.87507 9.075 -6.3579e-20)
(3.68572 9.09311 0)
(3.69291 8.66022 -4.93238e-18)
(3.47177 8.47141 5.14481e-19)
(3.44029 8.10475 0)
(3.24531 7.78922 6.56245e-19)
(3.11831 7.43909 -5.18552e-19)
(2.95486 7.06915 0)
(2.80183 6.70966 0)
(2.69152 6.40313 3.67032e-18)
(2.6159 6.16684 5.26855e-18)
(2.5703 5.95018 -2.06401e-19)
(2.52104 5.72451 2.09339e-18)
(2.373 5.45805 -2.87585e-18)
(2.31176 5.14212 0)
(2.06311 4.84404 6.74427e-18)
(1.8195 4.08364 1.1009e-17)
(0.972131 2.42555 -2.55503e-17)
(2.30739 5.77569 1.69648e-17)
(3.33772 9.24313 -3.58257e-18)
(3.51632 9.18089 4.58589e-18)
(3.34158 9.19649 -1.17081e-17)
(3.3689 8.76564 0)
(3.16705 8.57309 0)
(3.16403 8.19955 0)
(2.98449 7.88683 6.17568e-19)
(2.88163 7.53087 -4.87942e-19)
(2.72797 7.15379 0)
(2.58739 6.788 0)
(2.48247 6.47483 -5.33909e-18)
(2.40196 6.22998 2.44512e-18)
(2.3466 6.01258 -2.90484e-18)
(2.29475 5.79177 -6.23711e-18)
(2.16022 5.57632 0)
(2.11553 5.28524 1.68706e-18)
(1.8948 5.03433 2.06689e-18)
(1.69806 4.38225 -2.03341e-17)
(0.98646 2.75321 2.48037e-17)
(1.99163 5.72603 -1.48196e-17)
(2.95255 9.28955 4.54964e-18)
(3.12205 9.24993 1.02124e-17)
(2.97428 9.27181 6.34347e-18)
(3.02394 8.84966 -5.10162e-18)
(2.83943 8.65891 -2.89964e-18)
(2.86429 8.2829 1.68305e-18)
(2.70046 7.97424 0)
(2.62316 7.61558 0)
(2.48292 7.23992 0)
(2.35597 6.873 1.79728e-18)
(2.24998 6.55517 4.9737e-18)
(2.15886 6.30227 -2.29472e-18)
(2.09032 6.08875 1.35765e-18)
(2.03929 5.86797 2.42647e-20)
(1.92067 5.708 0)
(1.90066 5.45816 -3.13704e-18)
(1.71248 5.25567 1.57146e-17)
(1.54749 4.70176 -3.6351e-17)
(0.957875 3.07607 2.10371e-17)
(1.6642 5.53298 1.53703e-17)
(2.52662 9.2806 -1.25467e-17)
(2.7139 9.30103 0)
(2.58207 9.32472 3.09375e-18)
(2.65596 8.9158 2.02803e-18)
(2.49345 8.72475 4.01793e-18)
(2.55016 8.34833 -1.57446e-18)
(2.40325 8.04857 0)
(2.35206 7.69328 0)
(2.22497 7.32466 1.17308e-18)
(2.10704 6.95968 4.39437e-19)
(1.9962 6.64356 -2.6116e-18)
(1.89711 6.39422 -1.88154e-18)
(1.81723 6.18985 -4.20171e-18)
(1.76534 5.96563 8.25726e-18)
(1.64098 5.84846 -1.03827e-17)
(1.63576 5.64175 7.78697e-18)
(1.49182 5.47625 0)
(1.35121 5.0012 5.3208e-19)
(0.86965 3.32628 -2.02059e-17)
(1.32083 5.33385 1.57468e-17)
(2.09756 9.21114 0)
(2.2758 9.28838 0)
(2.16878 9.33303 0)
(2.2704 8.9459 1.45315e-18)
(2.13149 8.76275 -3.94026e-18)
(2.21696 8.39723 -1.35345e-18)
(2.09095 8.10958 0)
(2.0647 7.761 0)
(1.95077 7.40317 -8.1691e-19)
(1.84391 7.04776 -1.01954e-18)
(1.73387 6.74326 1.31382e-18)
(1.63304 6.5062 -1.25817e-19)
(1.54186 6.31786 -1.54899e-18)
(1.49641 6.10318 3.97077e-18)
(1.35813 6.00131 -4.25343e-18)
(1.35743 5.83816 4.40044e-18)
(1.2504 5.70374 0)
(1.13333 5.3078 -4.97505e-19)
(0.748411 3.56458 -9.46178e-18)
(0.973564 4.93422 -1.42938e-17)
(1.64047 9.07183 4.82266e-18)
(1.82657 9.24593 6.29833e-18)
(1.75177 9.30327 -7.25577e-19)
(1.8733 8.95067 -3.55714e-18)
(1.76391 8.77157 -1.83827e-18)
(1.87784 8.42225 3.75211e-18)
(1.77412 8.15111 -2.24959e-19)
(1.7678 7.81481 0)
(1.67228 7.47716 -1.05022e-20)
(1.57717 7.14089 6.15196e-19)
(1.46846 6.85422 -9.3798e-19)
(1.36705 6.62823 0)
(1.25965 6.45814 1.14563e-18)
(1.21537 6.27342 0)
(1.07135 6.15611 9.46202e-19)
(1.04539 6.0348 5.50895e-19)
(0.977415 5.90754 0)
(0.864317 5.5749 0)
(0.594111 3.72875 -8.15913e-18)
(0.638957 4.4663 1.10494e-17)
(1.21054 8.80482 -4.05914e-18)
(1.38164 9.10627 2.72158e-18)
(1.32572 9.21193 -4.01668e-18)
(1.47189 8.90581 1.50882e-18)
(1.39797 8.74349 -4.24741e-19)
(1.52945 8.42337 1.87911e-19)
(1.45286 8.17162 -5.1766e-19)
(1.46778 7.85674 -2.22792e-19)
(1.3935 7.54635 1.84971e-19)
(1.30781 7.23428 7.69071e-20)
(1.20073 6.9703 0)
(1.10225 6.758 3.28969e-19)
(0.982269 6.60612 0)
(0.93393 6.46795 0)
(0.807215 6.33619 0)
(0.744462 6.24548 3.76465e-18)
(0.706114 6.13104 -9.74954e-18)
(0.588674 5.85369 -2.11596e-20)
(0.43162 3.98315 6.93818e-18)
(0.326156 3.6297 1.77238e-18)
(0.78829 8.42368 1.52227e-18)
(0.947752 8.91782 -1.24259e-18)
(0.935645 9.06787 -7.56926e-19)
(1.08787 8.82719 6.17853e-19)
(1.04514 8.67401 3.97687e-19)
(1.19009 8.39331 2.37048e-19)
(1.14477 8.16796 0)
(1.1754 7.88257 -6.27744e-20)
(1.12107 7.60384 -7.84671e-21)
(1.04537 7.32226 -2.38771e-19)
(0.942005 7.08753 0)
(0.847243 6.89908 6.20771e-21)
(0.723604 6.76507 -3.7122e-19)
(0.657941 6.6711 0)
(0.55041 6.54647 0)
(0.440911 6.47845 -2.21029e-19)
(0.409337 6.38263 0)
(0.273077 6.14589 -1.66977e-19)
(0.2403 4.27527 0)
(0.0876424 2.49329 0)
(0.421669 7.74848 0)
(0.547949 8.57865 0)
(0.554928 8.83842 0)
(0.713828 8.68872 -1.36928e-32)
(0.723091 8.56975 9.47179e-33)
(0.879432 8.33053 0)
(0.868155 8.13628 0)
(0.917996 7.88829 0)
(0.888512 7.64442 0)
(0.830458 7.39524 0)
(0.740987 7.18783 0)
(0.655943 7.02388 0)
(0.541598 6.90522 0)
(0.467511 6.83815 0)
(0.38627 6.73255 0)
(0.258381 6.68201 0)
(0.23587 6.61427 0)
(0.0909398 6.42545 0)
(0.117813 4.66491 0)
(-0.0218404 1.91019 0)
(0.123171 7.31698 0)
(0.215753 8.24907 0)
(0.2722 8.59187 0)
(0.436654 8.50979 0)
(0.459321 8.42896 0)
(0.616492 8.23888 0)
(0.639127 8.08341 0)
(0.70738 7.87747 0)
(0.698787 7.66769 0)
(0.659623 7.45026 0)
(0.586862 7.26803 0)
(0.513311 7.12562 0)
(0.412786 7.02234 0)
(0.335532 6.97358 0)
(0.278798 6.88731 0)
(0.160795 6.85258 0)
(0.150451 6.80188 0)
(0.0206098 6.63858 0)
(0.0671369 4.89426 0)
(-0.0354154 2.03984 0)
(-0.0569497 7.06098 0)
(0.0501852 7.98007 0)
(0.0895625 8.35333 0)
(0.228134 8.30558 0)
(0.264279 8.26912 0)
(0.419203 8.12989 0)
(0.457769 8.01452 0)
(0.530129 7.84956 0)
(0.535554 7.67615 0)
(0.513549 7.49514 0)
(0.456248 7.34177 0)
(0.394469 7.22399 0)
(0.312979 7.13941 0)
(0.23889 7.10742 0)
(0.200195 7.04384 0)
(0.0981749 7.02127 0)
(0.110528 6.98395 0)
(-0.0164008 6.83333 0)
(0.0550928 5.04252 0)
(-0.0384651 2.33509 0)
(-0.127427 6.87438 0)
(0.00042567 7.74149 0)
(-0.0203195 8.11338 0)
(0.105943 8.1064 0)
(0.148963 8.1163 0)
(0.280451 8.01416 0)
(0.317489 7.93437 0)
(0.388177 7.8086 0)
(0.404052 7.67542 0)
(0.395483 7.53223 0)
(0.351015 7.40823 0)
(0.30012 7.3153 0)
(0.238387 7.24819 0)
(0.172513 7.22671 0)
(0.147034 7.18274 0)
(0.0603389 7.16975 0)
(0.0917077 7.13984 0)
(-0.0187997 6.98798 0)
(0.0389972 5.14398 0)
(-0.0398326 2.80283 0)
(-0.171295 6.78736 0)
(-0.0122836 7.57656 0)
(-0.0632106 7.9185 0)
(0.0778742 7.94731 0)
(0.0869602 7.97681 0)
(0.184582 7.90202 0)
(0.216862 7.85359 0)
(0.282314 7.76539 0)
(0.304896 7.66887 0)
(0.303677 7.55749 0)
(0.26925 7.45924 0)
(0.227241 7.38792 0)
(0.182057 7.33582 0)
(0.128162 7.31956 0)
(0.113419 7.28994 0)
(0.0371815 7.28231 0)
(0.0741426 7.25342 0)
(-0.035878 7.09556 0)
(0.0278454 5.13726 0)
(-0.0192251 3.18023 0)
(-0.167673 6.79526 0)
(-0.0107248 7.4941 0)
(-0.0777274 7.79808 0)
(0.0750077 7.83682 0)
(0.0459114 7.85883 0)
(0.125552 7.80646 0)
(0.151762 7.78144 0)
(0.208322 7.72464 0)
(0.229829 7.65481 0)
(0.231476 7.56791 0)
(0.205956 7.49089 0)
(0.172056 7.43694 0)
(0.139262 7.39763 0)
(0.0970444 7.38325 0)
(0.0890821 7.36147 0)
(0.0142422 7.35561 0)
(0.05609 7.32572 0)
(-0.0474918 7.15109 0)
(0.020092 5.10421 0)
(0.00633207 3.47988 0)
(-0.15641 6.82281 0)
(0.000315654 7.46172 0)
(-0.0931816 7.7272 0)
(0.058082 7.76993 0)
(0.00660445 7.77567 0)
(0.0919257 7.73985 0)
(0.112263 7.72593 0)
(0.156887 7.68652 0)
(0.173113 7.635 0)
(0.176032 7.56937 0)
(0.158313 7.51015 0)
(0.13156 7.46891 0)
(0.106154 7.43875 0)
(0.0715632 7.42375 0)
(0.0680796 7.40478 0)
(-0.00643997 7.401 0)
(0.0394564 7.37204 0)
(-0.052585 7.17754 0)
(0.0166424 5.03427 0)
(0.0262454 3.70558 0)
(-0.138039 6.86895 0)
(0.015019 7.44881 0)
(-0.102331 7.68196 0)
(0.0357341 7.73428 0)
(-0.0314724 7.73128 0)
(0.0711035 7.71181 0)
(0.0807163 7.69385 0)
(0.117423 7.65905 0)
(0.13123 7.61994 0)
(0.135164 7.57104 0)
(0.122145 7.52465 0)
(0.100191 7.491 0)
(0.0778474 7.46647 0)
(0.0464138 7.45137 0)
(0.0507365 7.43392 0)
(-0.0209642 7.43379 0)
(0.0271318 7.40771 0)
(-0.0525572 7.19217 0)
(0.0150609 4.95411 0)
(0.0356336 3.8692 0)
(-0.122465 6.9134 0)
(0.0266397 7.44423 0)
(-0.102784 7.64784 0)
(0.0264496 7.70908 0)
(-0.0506926 7.70543 0)
(0.057531 7.70073 0)
(0.0449226 7.67492 0)
(0.082851 7.64463 0)
(0.0993772 7.61332 0)
(0.10374 7.57344 0)
(0.0927909 7.53459 0)
(0.0743019 7.50555 0)
(0.0544608 7.48549 0)
(0.0246775 7.47353 0)
(0.0390936 7.45959 0)
(-0.0260568 7.46158 0)
(0.0201214 7.43935 0)
(-0.0503352 7.20183 0)
(0.0133891 4.87909 0)
(0.0375515 3.98906 0)
(-0.110709 6.94972 0)
(0.0342128 7.4389 0)
(-0.100112 7.62083 0)
(0.0307516 7.68272 0)
(-0.0540959 7.67659 0)
(0.0497026 7.67969 0)
(0.0122515 7.65303 0)
(0.0563437 7.63643 0)
(0.0724937 7.6109 0)
(0.0765676 7.57615 0)
(0.0677516 7.54319 0)
(0.0532818 7.51913 0)
(0.0384168 7.50397 0)
(0.0104626 7.49705 0)
(0.0319101 7.48733 0)
(-0.0259224 7.48876 0)
(0.0162666 7.46944 0)
(-0.0465645 7.21038 0)
(0.01127 4.81356 0)
(0.0351293 4.08908 0)
(-0.100308 6.9796 0)
(0.0346152 7.43942 0)
(-0.0983416 7.59975 0)
(0.0340045 7.65228 0)
(-0.0541389 7.64346 0)
(0.0457177 7.64608 0)
(-0.00805212 7.62514 0)
(0.0414789 7.62398 0)
(0.0497744 7.60444 0)
(0.0535628 7.57743 0)
(0.0477723 7.55215 0)
(0.0377681 7.53412 0)
(0.0289131 7.52316 0)
(0.0024838 7.51949 0)
(0.0259867 7.51284 0)
(-0.0249047 7.51208 0)
(0.0126952 7.49478 0)
(-0.042113 7.21552 0)
(0.00843746 4.75374 0)
(0.0323703 4.17678 0)
(-0.0889329 7.01073 0)
(0.0347007 7.44271 0)
(-0.0954638 7.5886 0)
(0.0329786 7.62677 0)
(-0.0557807 7.62077 0)
(0.0417462 7.61832 0)
(-0.0169109 7.60419 0)
(0.0357409 7.61034 0)
(0.0333075 7.59575 0)
(0.0376769 7.57805 0)
(0.0341469 7.56054 0)
(0.0269458 7.54763 0)
(0.0225319 7.5391 0)
(-0.0026905 7.53642 0)
(0.0195275 7.53206 0)
(-0.0236766 7.52912 0)
(0.00922278 7.51361 0)
(-0.0371826 7.21618 0)
(0.0054441 4.69664 0)
(0.0297592 4.2485 0)
(-0.0756188 7.04373 0)
(0.0335745 7.45099 0)
(-0.0887466 7.58607 0)
(0.0303024 7.60833 0)
(-0.0562977 7.6102 0)
(0.035024 7.6029 0)
(-0.0216479 7.59488 0)
(0.0316996 7.60044 0)
(0.0207818 7.58822 0)
(0.0269527 7.5772 0)
(0.0245101 7.56495 0)
(0.0183813 7.5554 0)
(0.0169279 7.54835 0)
(-0.00616557 7.54595 0)
(0.0132392 7.54393 0)
(-0.0215027 7.53968 0)
(0.00668422 7.52533 0)
(-0.0310751 7.21296 0)
(0.00328971 4.64451 0)
(0.0259054 4.30035 0)
(-0.0606186 7.07514 0)
(0.0299807 7.46613 0)
(-0.0777113 7.58686 0)
(0.0272371 7.59409 0)
(-0.0527207 7.60451 0)
(0.0274961 7.59364 0)
(-0.0244685 7.59265 0)
(0.0265185 7.59442 0)
(0.0104287 7.58395 0)
(0.019271 7.57656 0)
(0.017336 7.56684 0)
(0.0116921 7.55934 0)
(0.0123 7.55376 0)
(-0.00730802 7.55141 0)
(0.00878516 7.55155 0)
(-0.0180859 7.54663 0)
(0.00490008 7.53271 0)
(-0.0244594 7.20931 0)
(0.00186108 4.60162 0)
(0.0205171 4.33625 0)
(-0.046421 7.10171 0)
(0.0244307 7.48077 0)
(-0.0644866 7.58685 0)
(0.0231307 7.58185 0)
(-0.0460182 7.59865 0)
(0.0210502 7.58464 0)
(-0.0246025 7.59062 0)
(0.0201525 7.58887 0)
(0.00212598 7.58162 0)
(0.0130832 7.57655 0)
(0.0114124 7.5684 0)
(0.00670023 7.56259 0)
(0.00871968 7.55854 0)
(-0.00675358 7.55606 0)
(0.00582863 7.55748 0)
(-0.0144112 7.5522 0)
(0.00336106 7.53795 0)
(-0.0185087 7.20677 0)
(0.00077985 4.56853 0)
(0.0148863 4.36169 0)
(-0.034373 7.12296 0)
(0.0179565 7.49375 0)
(-0.0510992 7.58504 0)
(0.0179061 7.57213 0)
(-0.0381534 7.5924 0)
(0.0158199 7.57613 0)
(-0.0222095 7.58721 0)
(0.0145038 7.58239 0)
(-0.00309404 7.57941 0)
(0.00856316 7.57631 0)
(0.0069409 7.56991 0)
(0.00341789 7.5656 0)
(0.00599621 7.56287 0)
(-0.00554214 7.56017 0)
(0.00374564 7.56201 0)
(-0.0110333 7.55677 0)
(0.00198396 7.54177 0)
(-0.0137042 7.20554 0)
(-8.59502e-05 4.54323 0)
(0.00995387 4.38125 0)
(-0.0245527 7.14043 0)
(0.0118426 7.50628 0)
(-0.0385956 7.58376 0)
(0.0126324 7.56737 0)
(-0.030216 7.58832 0)
(0.0112024 7.57151 0)
(-0.0184067 7.58431 0)
(0.0100372 7.57751 0)
(-0.00513389 7.57812 0)
(0.00590844 7.57581 0)
(0.00412254 7.57097 0)
(0.00163131 7.56778 0)
(0.0039476 7.56591 0)
(-0.00431143 7.56316 0)
(0.00219073 7.56486 0)
(-0.00832504 7.56009 0)
(0.0007693 7.5441 0)
(-0.0101456 7.20444 0)
(-0.000682698 4.52297 0)
(0.00626925 4.39624 0)
(-0.0169837 7.1541 0)
(0.00703068 7.51718 0)
(-0.0278849 7.58163 0)
(0.00814731 7.5654 0)
(-0.0227509 7.58468 0)
(0.00741374 7.56913 0)
(-0.0145246 7.58165 0)
(0.00663246 7.57407 0)
(-0.00526418 7.57671 0)
(0.0041054 7.57452 0)
(0.00233353 7.57113 0)
(0.000715708 7.56882 0)
(0.002491 7.56765 0)
(-0.00319696 7.56527 0)
(0.0011949 7.56669 0)
(-0.00603741 7.5627 0)
(5.56933e-05 7.5457 0)
(-0.00738072 7.20384 0)
(-0.000952583 4.50687 0)
(0.00368798 4.40715 0)
(-0.0113547 7.16453 0)
(0.00363687 7.52626 0)
(-0.0192419 7.5798 0)
(0.00477122 7.56571 0)
(-0.0163551 7.58203 0)
(0.00446834 7.56881 0)
(-0.0109736 7.57984 0)
(0.00412548 7.57274 0)
(-0.00455851 7.57602 0)
(0.00304579 7.57349 0)
(0.00148059 7.57102 0)
(0.000434746 7.56922 0)
(0.00161142 7.56842 0)
(-0.00223568 7.56645 0)
(0.000563372 7.56749 0)
(-0.00430348 7.56427 0)
(-0.000421784 7.54634 0)
(-0.00540169 7.20303 0)
(-0.00103094 4.49409 0)
(0.00194946 4.4156 0)
(-0.00756266 7.17219 0)
(0.00132359 7.53299 0)
(-0.0129079 7.57725 0)
(0.00240166 7.56642 0)
(-0.0112337 7.57901 0)
(0.00246754 7.56866 0)
(-0.00778901 7.57766 0)
(0.00252689 7.57179 0)
(-0.00355068 7.57511 0)
(0.00219221 7.57274 0)
(0.000991774 7.57108 0)
(0.000362374 7.56981 0)
(0.00106631 7.56934 0)
(-0.00149881 7.5679 0)
(0.000199754 7.56862 0)
(-0.00301528 7.56615 0)
(-0.000616466 7.54743 0)
(-0.00395672 7.20289 0)
(-0.000969081 4.48421 0)
(0.000942886 4.42173 0)
(-0.0050049 7.17785 0)
(2.63701e-06 7.53787 0)
(-0.00851505 7.57529 0)
(0.000845191 7.56748 0)
(-0.00747751 7.57684 0)
(0.00117094 7.56909 0)
(-0.00526599 7.57599 0)
(0.00154262 7.57135 0)
(-0.00250421 7.57418 0)
(0.00167168 7.57211 0)
(0.000827194 7.57097 0)
(0.000438757 7.57001 0)
(0.000783058 7.56963 0)
(-0.000937473 7.56854 0)
(3.05679e-05 7.569 0)
(-0.00208495 7.5671 0)
(-0.000679977 7.54779 0)
(-0.00291049 7.20252 0)
(-0.000872093 4.47643 0)
(0.000356565 4.42669 0)
(-0.00335895 7.18214 0)
(-0.000692817 7.54118 0)
(-0.00548693 7.57321 0)
(8.38955e-06 7.56835 0)
(-0.00475906 7.57464 0)
(0.000473018 7.56944 0)
(-0.00324086 7.57432 0)
(0.00113482 7.57102 0)
(-0.00145279 7.57341 0)
(0.00145812 7.57178 0)
(0.000906231 7.57104 0)
(0.000605251 7.57044 0)
(0.000660921 7.57025 0)
(-0.000529491 7.56958 0)
(-3.77512e-05 7.56987 0)
(-0.00144417 7.56844 0)
(-0.000648309 7.54864 0)
(-0.00219133 7.20253 0)
(-0.000717966 4.47034 0)
(6.94443e-05 4.43047 0)
(-0.00233857 7.18548 0)
(-0.000949035 7.54351 0)
(-0.00367868 7.5721 0)
(-0.000413755 7.56908 0)
(-0.00306987 7.57341 0)
(9.45463e-05 7.56985 0)
(-0.00198707 7.57334 0)
(0.000835865 7.57091 0)
(-0.000655675 7.57267 0)
(0.00127275 7.57155 0)
(0.000937571 7.57107 0)
(0.000640025 7.57062 0)
(0.000548986 7.57046 0)
(-0.000284877 7.56999 0)
(-7.48733e-05 7.5702 0)
(-0.00101083 7.56905 0)
(-0.00057905 7.54897 0)
(-0.00164418 7.20232 0)
(-0.000612636 4.46568 0)
(-3.18364e-05 4.43342 0)
(-0.00153006 7.18819 0)
(-0.000958881 7.54488 0)
(-0.00225055 7.57071 0)
(-0.000506253 7.56943 0)
(-0.00173344 7.57194 0)
(6.66257e-05 7.57001 0)
(-0.00098134 7.57214 0)
(0.000832094 7.57073 0)
(0.000149529 7.57205 0)
(0.00129168 7.57139 0)
(0.00103306 7.5711 0)
(0.000813756 7.57093 0)
(0.000640657 7.5709 0)
(3.17798e-05 7.57071 0)
(4.77997e-05 7.57085 0)
(-0.000618969 7.56997 0)
(-0.000392509 7.5496 0)
(-0.00120788 7.20241 0)
(-0.000417171 4.46181 0)
(-0.000112395 4.43538 0)
(-0.00123847 7.18985 0)
(-0.000885057 7.54588 0)
(-0.00162227 7.57028 0)
(-0.000435147 7.5696 0)
(-0.00112064 7.57145 0)
(0.000155199 7.57004 0)
(-0.00052265 7.57173 0)
(0.000930965 7.57074 0)
(0.000596721 7.57174 0)
(0.00140915 7.57135 0)
(0.00117279 7.57121 0)
(0.000921121 7.57113 0)
(0.000683646 7.57114 0)
(0.000207398 7.57102 0)
(0.000117142 7.57114 0)
(-0.000417873 7.57032 0)
(-0.000342086 7.54987 0)
(-0.000902755 7.20232 0)
(-0.000413856 4.45954 0)
(-7.30038e-05 4.43781 0)
(-0.000708348 7.19214 0)
(-0.000614017 7.54635 0)
(-0.000769712 7.56917 0)
(-0.000224232 7.56938 0)
(-0.000278955 7.57026 0)
(0.000460523 7.56972 0)
(0.000464943 7.57074 0)
(0.00124881 7.57051 0)
(0.00144457 7.57128 0)
(0.00175324 7.57137 0)
(0.00153178 7.57155 0)
(0.00122392 7.5717 0)
(0.000908996 7.57183 0)
(0.000488516 7.57186 0)
(0.000286502 7.57195 0)
(-0.000146573 7.57126 0)
(-0.000157322 7.55062 0)
(-0.000583942 7.20263 0)
(-0.000234849 4.45657 0)
(-1.48813 4.14267 -1.26617e-21)
(1.38177 5.04127 8.65542e-18)
(0.524621 4.71196 -7.55453e-18)
(0.993265 4.27807 0)
(0.962518 3.95819 0)
(1.00817 3.69325 -1.15329e-17)
(1.01108 3.4793 1.06673e-17)
(0.830446 3.18292 -1.1711e-17)
(0.582654 2.85275 1.90996e-19)
(0.0952681 1.92999 1.27019e-17)
(-0.214122 4.58139 -1.67844e-21)
(0.654561 4.3616 1.02783e-18)
(0.345578 4.09933 0)
(0.55013 3.90267 0)
(0.539888 3.65135 3.50295e-19)
(0.58354 3.42964 2.29101e-17)
(0.523231 3.21876 -1.20058e-17)
(0.412273 3.03752 -1.90877e-19)
(0.285541 2.80264 1.88157e-19)
(0.164239 1.94498 0)
(-0.130009 3.46781 9.30855e-18)
(0.518305 3.82476 -9.33823e-18)
(0.353589 3.77309 0)
(0.467176 3.56534 1.07151e-17)
(0.416203 3.41796 -8.08991e-21)
(0.406727 3.30457 -1.13341e-17)
(0.309866 3.22765 -1.23706e-17)
(0.233839 3.12727 -1.97679e-21)
(0.170937 3.00463 1.91749e-19)
(0.0309619 2.17203 0)
(-0.127101 3.07783 -4.55942e-18)
(0.26015 3.58583 0)
(0.157685 3.52931 -5.44863e-18)
(0.235117 3.44962 -5.31511e-18)
(0.214668 3.35271 3.58357e-19)
(0.219553 3.25087 -6.39444e-18)
(0.188879 3.16186 6.00425e-18)
(0.12496 3.10895 -1.88824e-19)
(0.0838853 3.03688 2.87259e-19)
(0.03811 2.2623 6.44887e-18)
(-0.0412089 2.72126 -5.1032e-18)
(0.211158 3.33821 0)
(0.141853 3.36354 1.0812e-17)
(0.189313 3.29014 -5.8297e-18)
(0.154792 3.24306 -2.888e-21)
(0.143967 3.18912 3.36663e-19)
(0.10442 3.19545 -1.34232e-20)
(0.0719265 3.15816 -6.1813e-18)
(0.0634134 3.09152 1.85662e-19)
(0.00511894 2.32076 -1.3153e-17)
(-0.0511905 2.52457 0)
(0.0883654 3.24246 -5.32827e-18)
(0.041668 3.29751 -1.05234e-19)
(0.0837424 3.25402 -3.516e-19)
(0.0673642 3.23514 3.58437e-19)
(0.0722429 3.19593 5.86033e-18)
(0.0572033 3.17968 6.23658e-18)
(0.0398003 3.15799 1.17139e-17)
(0.0412766 3.10354 5.82753e-18)
(0.0120488 2.37377 -1.06382e-21)
(-0.0243833 2.42633 0)
(0.0700124 3.14741 5.50616e-18)
(0.0336219 3.22619 -5.51731e-18)
(0.0608751 3.19378 -3.55967e-19)
(0.0399972 3.18845 7.27996e-19)
(0.0411802 3.16357 9.45512e-22)
(0.0339493 3.17204 -3.90703e-19)
(0.0284365 3.16337 -6.11979e-18)
(0.0377123 3.11004 -5.45166e-18)
(0.00674433 2.41449 -7.77875e-21)
(-0.0182906 2.379 5.03981e-18)
(0.0232425 3.11352 -2.64224e-19)
(-0.00498875 3.20233 1.746e-19)
(0.0164699 3.18278 0)
(0.0100384 3.17954 0)
(0.0169208 3.16206 0)
(0.0213655 3.16197 0)
(0.020481 3.15475 6.42426e-18)
(0.0363652 3.11016 -5.91601e-18)
(0.01312 2.46044 6.67155e-18)
(-0.0229546 2.36635 1.12653e-19)
(0.00477192 3.0889 5.41196e-18)
(-0.00759231 3.17018 0)
(0.00280439 3.15861 -3.50731e-19)
(0.00452031 3.15205 3.67781e-19)
(0.00939097 3.14651 0)
(0.0185401 3.14757 -1.96843e-19)
(0.019147 3.14752 -6.2389e-18)
(0.0379366 3.1062 6.51342e-18)
(0.0141167 2.52125 0)
(-0.0378221 2.3976 -6.48426e-20)
(-0.0248884 3.09108 -7.89791e-18)
(-0.0251231 3.15877 0)
(-0.015481 3.15663 0)
(-0.00723387 3.14424 3.78191e-19)
(0.00202417 3.14252 -3.09659e-18)
(0.0149699 3.14058 -3.95249e-19)
(0.0204447 3.13972 3.24084e-18)
(0.0396241 3.10569 0)
(0.0159322 2.58757 0)
(-0.0436563 2.50124 -8.2732e-18)
(-0.0333887 3.09588 2.73431e-18)
(-0.0241 3.14244 0)
(-0.0194812 3.13657 0)
(-0.00599096 3.12544 0)
(0.0028476 3.12082 6.20617e-18)
(0.0128673 3.11682 0)
(0.0221638 3.11538 -3.45226e-18)
(0.0412423 3.0897 2.08214e-19)
(0.0206358 2.64727 3.41062e-18)
(-0.040474 2.5938 2.83329e-18)
(-0.0406523 3.08767 -2.65223e-19)
(-0.0249491 3.11223 3.07828e-18)
(-0.0199147 3.09959 2.9591e-18)
(-0.00759017 3.08967 0)
(0.00335887 3.0834 -3.10928e-18)
(0.0147752 3.08045 0)
(0.0227753 3.08225 0)
(0.0417799 3.06957 0)
(0.0208408 2.70978 -3.42646e-18)
(-0.0402972 2.67101 -2.67571e-18)
(-0.0485362 3.05824 2.74828e-18)
(-0.0283765 3.06531 -2.89621e-18)
(-0.0172022 3.056 -4.44747e-18)
(-0.00932849 3.05226 0)
(0.0041108 3.0504 3.91133e-19)
(0.0158113 3.05334 -2.00489e-19)
(0.0250045 3.0583 1.44253e-18)
(0.0416403 3.05681 1.79685e-18)
(0.0230673 2.77445 -1.8401e-18)
(-0.0328611 2.77461 2.74774e-18)
(-0.0430381 3.0412 -2.6443e-18)
(-0.0299234 3.04185 1.81283e-19)
(-0.0154336 3.03506 1.11513e-18)
(-0.00719281 3.03338 -1.52184e-18)
(0.00368217 3.03269 0)
(0.01456 3.03364 1.61038e-18)
(0.023831 3.03803 4.80239e-21)
(0.0419689 3.03941 -3.39755e-18)
(0.0255072 2.83827 -6.19692e-21)
(-0.0262437 2.86264 -6.92465e-19)
(-0.0419998 3.02493 1.76487e-19)
(-0.0250797 3.01981 -9.06493e-19)
(-0.0146086 3.01446 3.71938e-19)
(-0.00311834 3.01199 1.87316e-18)
(0.00314259 3.01179 -7.72726e-19)
(0.0119846 3.01149 -8.04594e-19)
(0.0224061 3.01342 -8.28156e-19)
(0.0385892 3.01668 1.70781e-18)
(0.0253544 2.89479 8.73612e-19)
(-0.0171196 2.93493 5.57952e-19)
(-0.0259918 2.99899 2.456e-19)
(-0.013564 2.99921 5.02165e-19)
(-0.0070109 3.0005 -1.02818e-18)
(-0.00242326 3.0019 3.48389e-19)
(0.00284211 3.00198 7.15089e-19)
(0.00725979 3.00104 -7.43725e-19)
(0.0113809 3.00078 -7.63942e-19)
(0.023508 3.0008 9.84255e-20)
(0.0155411 2.95148 7.05216e-19)
)
;

boundaryField
{
    wall-4
    {
        type            noSlip;
    }
    pressure-outlet-7
    {
        type            zeroGradient;
    }
    velocity-inlet-6
    {
        type            fixedValue;
        value           uniform (0 3 0);
    }
    velocity-inlet-5
    {
        type            parabolicVelocity;
        maxValue        10;
        n               (1 0 0);
        y               (0 1 0);
        value           nonuniform List<vector> 
20
(
(0.381518 0 0)
(1.19474 0 0)
(2.1232 0 0)
(3.16908 0 0)
(4.32585 0 0)
(5.57242 0 0)
(6.86447 0 0)
(8.12141 0 0)
(9.20707 0 0)
(9.90123 0 0)
(9.90123 0 0)
(9.20707 0 0)
(8.12141 0 0)
(6.86447 0 0)
(5.57242 0 0)
(4.32585 0 0)
(3.16908 0 0)
(2.1232 0 0)
(1.19474 0 0)
(0.381518 0 0)
)
;
    }
    frontAndBackPlanes
    {
        type            empty;
    }
}


// ************************************************************************* //
