/*--------------------------------*- C++ -*----------------------------------*\
| =========                 |                                                 |
| \\      /  F ield         | OpenFOAM: The Open Source CFD Toolbox           |
|  \\    /   O peration     | Version:  2412                                  |
|   \\  /    A nd           | Website:  www.openfoam.com                      |
|    \\/     M anipulation  |                                                 |
\*---------------------------------------------------------------------------*/
FoamFile
{
    version     2.0;
    format      ascii;
    arch        "LSB;label=32;scalar=64";
    class       volVectorField;
    location    "1";
    object      U;
}
// * * * * * * * * * * * * * * * * * * * * * * * * * * * * * * * * * * * * * //

dimensions      [0 1 -1 0 0 0 0];

internalField   nonuniform List<vector> 
2200
(
(0.356871 0.0362201 0)
(1.12952 0.0276993 0)
(2.07928 0.00402671 0)
(3.11457 -0.00160097 0)
(4.28964 0.00179193 0)
(5.55783 0.0125914 0)
(6.862 0.0200235 0)
(8.12823 0.0297509 0)
(9.21035 0.0264959 0)
(9.89544 0.0130959 0)
(9.89499 -0.0115955 0)
(9.20991 -0.0258237 0)
(8.12791 -0.0290648 0)
(6.86191 -0.0195201 0)
(5.55772 -0.0121637 0)
(4.28949 -0.00147353 0)
(3.1144 0.00178129 0)
(2.07913 -0.00396376 0)
(1.12948 -0.0276775 0)
(0.356859 -0.0362454 0)
(0.600063 0.0793749 0)
(1.19905 0.184516 0)
(2.06456 0.209479 0)
(3.08522 0.16262 0)
(4.27166 0.104115 0)
(5.53655 0.0934117 0)
(6.82211 0.100471 0)
(8.06609 0.0914058 0)
(9.1619 0.0820561 0)
(9.84251 0.043277 0)
(9.84232 -0.0392502 0)
(9.1617 -0.0787235 0)
(8.06618 -0.0890565 0)
(6.82174 -0.0986474 0)
(5.53619 -0.0921597 0)
(4.27116 -0.103382 0)
(3.08473 -0.162245 0)
(2.06408 -0.209334 0)
(1.19879 -0.18446 0)
(0.600002 -0.0793572 0)
(1.18729 0.100971 0)
(1.53872 0.306399 0)
(2.16615 0.475868 0)
(3.12137 0.552545 0)
(4.3032 0.528435 0)
(5.55338 0.430164 0)
(6.85061 0.302982 0)
(8.05494 0.230428 0)
(9.07593 0.148321 0)
(9.71173 0.0443815 0)
(9.7123 -0.0381601 0)
(9.07514 -0.143207 0)
(8.05349 -0.226351 0)
(6.84923 -0.299938 0)
(5.55153 -0.427916 0)
(4.30144 -0.527177 0)
(3.1201 -0.551739 0)
(2.16514 -0.475427 0)
(1.53808 -0.306307 0)
(1.1868 -0.100882 0)
(1.97045 0.0960803 0)
(2.35186 0.353555 0)
(2.57825 0.611881 0)
(3.31186 0.817889 0)
(4.3182 0.930313 0)
(5.48443 0.924808 0)
(6.73558 0.80937 0)
(7.9599 0.572196 0)
(8.98177 0.342361 0)
(9.5861 0.135794 0)
(9.58595 -0.12839 0)
(8.97901 -0.334763 0)
(7.95668 -0.565135 0)
(6.73129 -0.803667 0)
(5.48011 -0.921367 0)
(4.31482 -0.92752 0)
(3.30902 -0.816051 0)
(2.57584 -0.610575 0)
(2.35086 -0.35252 0)
(1.96978 -0.095841 0)
(2.8017 0.0987966 0)
(3.24629 0.327164 0)
(3.3606 0.629445 0)
(3.77858 0.903844 0)
(4.44933 1.10196 0)
(5.442 1.16399 0)
(6.51791 1.12701 0)
(7.75815 0.937299 0)
(8.84883 0.603392 0)
(9.44607 0.232129 0)
(9.44503 -0.219913 0)
(8.84527 -0.593149 0)
(7.75321 -0.9285 0)
(6.5115 -1.11968 0)
(5.43476 -1.15798 0)
(4.44404 -1.09772 0)
(3.77367 -0.900931 0)
(3.35772 -0.627837 0)
(3.2417 -0.326753 0)
(2.79652 -0.0986425 0)
(3.55384 0.0908887 0)
(4.07832 0.278617 0)
(4.14522 0.558045 0)
(4.38187 0.832053 0)
(4.77052 1.08441 0)
(5.47586 1.22034 0)
(6.37683 1.22554 0)
(7.44167 1.09642 0)
(8.47044 0.724314 0)
(9.1421 0.269059 0)
(9.14022 -0.254706 0)
(8.45889 -0.711145 0)
(7.43361 -1.08504 0)
(6.3681 -1.21697 0)
(5.46704 -1.21288 0)
(4.76129 -1.07875 0)
(4.37405 -0.827653 0)
(4.13662 -0.554803 0)
(4.07387 -0.276146 0)
(3.55075 -0.0899101 0)
(4.17293 0.071647 0)
(4.79787 0.221231 0)
(4.84957 0.452806 0)
(4.98871 0.689821 0)
(5.23019 0.933814 0)
(5.62762 1.14854 0)
(6.33424 1.21012 0)
(7.09893 1.11789 0)
(7.88989 0.785157 0)
(8.49078 0.292402 0)
(8.48855 -0.274684 0)
(7.8909 -0.7684 0)
(7.08796 -1.1016 0)
(6.3212 -1.19825 0)
(5.61582 -1.13858 0)
(5.21873 -0.925672 0)
(4.97788 -0.68383 0)
(4.84165 -0.448561 0)
(4.78397 -0.219686 0)
(4.15507 -0.0713895 0)
(4.64265 0.0501825 0)
(5.37626 0.164271 0)
(5.42523 0.341938 0)
(5.5121 0.52872 0)
(5.66829 0.731598 0)
(5.93274 0.924907 0)
(6.37046 1.06359 0)
(6.92653 0.999019 0)
(7.53494 0.760897 0)
(7.99935 0.298057 0)
(7.99469 -0.273349 0)
(7.51761 -0.740116 0)
(6.912 -0.984168 0)
(6.35455 -1.04778 0)
(5.91637 -0.912813 0)
(5.65157 -0.72226 0)
(5.49559 -0.522426 0)
(5.40588 -0.338894 0)
(5.36123 -0.162585 0)
(4.63225 -0.0486895 0)
(4.97113 0.0322399 0)
(5.8087 0.115203 0)
(5.85783 0.243676 0)
(5.91438 0.380943 0)
(6.01809 0.533331 0)
(6.19379 0.683039 0)
(6.47701 0.796439 0)
(6.86157 0.796588 0)
(7.3097 0.635271 0)
(7.67396 0.258846 0)
(7.66982 -0.232032 0)
(7.29808 -0.608251 0)
(6.84407 -0.770199 0)
(6.45813 -0.776385 0)
(6.17228 -0.667104 0)
(5.99514 -0.520783 0)
(5.89014 -0.371019 0)
(5.83526 -0.235296 0)
(5.78638 -0.109953 0)
(4.94059 -0.0306041 0)
(5.18699 0.0196588 0)
(6.11401 0.0778118 0)
(6.16331 0.167195 0)
(6.20051 0.263608 0)
(6.26929 0.371129 0)
(6.38516 0.478925 0)
(6.56854 0.562745 0)
(6.82284 0.577664 0)
(7.12665 0.475591 0)
(7.38893 0.202471 0)
(7.38256 -0.168292 0)
(7.11392 -0.442953 0)
(6.79742 -0.546648 0)
(6.54036 -0.536912 0)
(6.35576 -0.457671 0)
(6.23997 -0.355764 0)
(6.17135 -0.253246 0)
(6.13385 -0.160572 0)
(6.078 -0.0750669 0)
(5.15033 -0.0190744 0)
(5.32487 0.0118147 0)
(6.32261 0.0516264 0)
(6.37167 0.112401 0)
(6.39597 0.178477 0)
(6.44066 0.251643 0)
(6.51474 0.325079 0)
(6.63049 0.386113 0)
(6.78479 0.396102 0)
(6.99324 0.340618 0)
(7.15551 0.158369 0)
(7.14872 -0.109219 0)
(6.96835 -0.299157 0)
(6.76129 -0.366518 0)
(6.59545 -0.355767 0)
(6.47657 -0.302312 0)
(6.39962 -0.23419 0)
(6.3533 -0.165732 0)
(6.32593 -0.105859 0)
(6.27791 -0.0488791 0)
(5.28596 -0.0109155 0)
(5.41376 0.00744555 0)
(6.46337 0.0346685 0)
(6.51212 0.0758701 0)
(6.52769 0.121296 0)
(6.55609 0.171588 0)
(6.60246 0.221094 0)
(6.67417 0.265904 0)
(6.77675 0.283547 0)
(6.90202 0.243956 0)
(7.0007 0.117884 0)
(6.992 -0.0621069 0)
(6.87442 -0.189082 0)
(6.74003 -0.234174 0)
(6.63208 -0.226298 0)
(6.55456 -0.192719 0)
(6.50293 -0.149308 0)
(6.47033 -0.104275 0)
(6.45384 -0.0632745 0)
(6.41375 -0.0271688 0)
(5.3568 -0.00179615 0)
(5.47396 0.00508597 0)
(6.55999 0.0243364 0)
(6.6084 0.0526686 0)
(6.61855 0.0843408 0)
(6.63689 0.120511 0)
(6.66637 0.155327 0)
(6.71145 0.184897 0)
(6.78116 0.209217 0)
(6.83869 0.172761 0)
(6.91425 0.0846124 0)
(6.89417 -0.0216641 0)
(6.81653 -0.108752 0)
(6.72657 -0.138852 0)
(6.65436 -0.134948 0)
(6.60309 -0.114803 0)
(6.57046 -0.0883519 0)
(6.55105 -0.0601176 0)
(6.54134 -0.0335432 0)
(6.49106 -0.00974552 0)
(5.38374 -0.000132443 0)
(5.51732 0.00365069 0)
(6.62878 0.0175339 0)
(6.67712 0.0375742 0)
(6.68389 0.0596765 0)
(6.69556 0.0852636 0)
(6.71432 0.112267 0)
(6.74203 0.131389 0)
(6.77654 0.148188 0)
(6.79995 0.127218 0)
(6.85265 0.0775306 0)
(6.83433 0.0110369 0)
(6.77807 -0.0497779 0)
(6.71555 -0.0702717 0)
(6.66679 -0.0713553 0)
(6.63201 -0.0605066 0)
(6.61044 -0.0458728 0)
(6.59913 -0.0308178 0)
(6.5917 -0.0179342 0)
(6.52276 -0.00618585 0)
(5.39611 -0.00412043 0)
(5.54978 0.00303114 0)
(6.67855 0.0135126 0)
(6.72666 0.028292 0)
(6.7309 0.0447909 0)
(6.73714 0.0623064 0)
(6.74933 0.0834778 0)
(6.76471 0.0995957 0)
(6.77331 0.104364 0)
(6.79041 0.110798 0)
(6.80756 0.0928967 0)
(6.79513 0.0369551 0)
(6.74846 -0.00427674 0)
(6.70349 -0.0216302 0)
(6.66981 -0.0283296 0)
(6.64597 -0.0275647 0)
(6.62748 -0.0213588 0)
(6.6169 -0.0173357 0)
(6.60644 -0.0126623 0)
(6.53813 -0.0124848 0)
(5.42217 -0.00553268 0)
(5.57788 0.00312775 0)
(6.71683 0.0119635 0)
(6.76446 0.0241742 0)
(6.76643 0.0381671 0)
(6.76847 0.0527636 0)
(6.77309 0.0688836 0)
(6.78139 0.0862694 0)
(6.7798 0.0862609 0)
(6.79773 0.108941 0)
(6.7797 0.111573 0)
(6.76445 0.0606058 0)
(6.72279 0.0329106 0)
(6.68784 0.014424 0)
(6.66118 0.00279753 0)
(6.64241 -0.00429055 0)
(6.62845 -0.00760646 0)
(6.61745 -0.00969606 0)
(6.60485 -0.0108564 0)
(6.55633 -0.0122011 0)
(5.45861 -0.00161048 0)
(5.60589 0.0039971 0)
(6.75088 0.0132984 0)
(6.79805 0.0245879 0)
(6.79839 0.038316 0)
(6.79754 0.0531704 0)
(6.79598 0.0681695 0)
(6.79544 0.0865915 0)
(6.78693 0.0862484 0)
(6.82192 0.113816 0)
(6.7643 0.126587 0)
(6.73773 0.084503 0)
(6.6989 0.0654678 0)
(6.66779 0.0455693 0)
(6.64298 0.031052 0)
(6.62515 0.0199788 0)
(6.61408 0.0106845 0)
(6.6071 0.00379716 0)
(6.5976 -0.00245932 0)
(6.56873 -0.00133907 0)
(5.46577 0.00131526 0)
(5.64308 0.00456603 0)
(6.78803 0.0141791 0)
(6.8347 0.0271922 0)
(6.83364 0.0414778 0)
(6.83046 0.058421 0)
(6.82463 0.075413 0)
(6.81506 0.0964583 0)
(6.80471 0.103439 0)
(6.84306 0.128417 0)
(6.75842 0.139887 0)
(6.71858 0.112334 0)
(6.68 0.0969266 0)
(6.64864 0.0759098 0)
(6.62413 0.0591597 0)
(6.60661 0.0447891 0)
(6.59523 0.0322564 0)
(6.58778 0.022653 0)
(6.58664 0.0127324 0)
(6.56481 0.00912188 0)
(5.4581 0.0035922 0)
(5.68031 0.00619463 0)
(6.83044 0.0194249 0)
(6.87638 0.0329296 0)
(6.87409 0.0508537 0)
(6.86848 0.0702093 0)
(6.85871 0.0912061 0)
(6.84288 0.116052 0)
(6.83296 0.13869 0)
(6.8534 0.153786 0)
(6.75593 0.156971 0)
(6.70301 0.1467 0)
(6.65979 0.129715 0)
(6.62476 0.107043 0)
(6.59904 0.086643 0)
(6.58126 0.0680858 0)
(6.56971 0.0516418 0)
(6.56215 0.0389432 0)
(6.56432 0.0278166 0)
(6.54321 0.0187002 0)
(5.41763 0.00711592 0)
(5.74264 0.00755794 0)
(6.8831 0.0201791 0)
(6.92844 0.0406715 0)
(6.92447 0.0607012 0)
(6.91609 0.0859998 0)
(6.90226 0.113274 0)
(6.88079 0.14392 0)
(6.86111 0.176137 0)
(6.85688 0.190074 0)
(6.75806 0.189105 0)
(6.6938 0.190141 0)
(6.64107 0.168762 0)
(6.59994 0.142668 0)
(6.57084 0.116625 0)
(6.55102 0.0924827 0)
(6.53835 0.0710287 0)
(6.53073 0.0533196 0)
(6.53127 0.0397214 0)
(6.4951 0.0244574 0)
(5.35317 0.009553 0)
(5.79677 0.00925467 0)
(6.94876 0.033299 0)
(6.99193 0.0519598 0)
(6.98592 0.0814436 0)
(6.97458 0.111781 0)
(6.95573 0.146174 0)
(6.92703 0.183331 0)
(6.89283 0.222133 0)
(6.86011 0.239822 0)
(6.75889 0.242826 0)
(6.67953 0.242851 0)
(6.61237 0.216163 0)
(6.56259 0.184299 0)
(6.52797 0.151217 0)
(6.50488 0.120297 0)
(6.49066 0.0926662 0)
(6.48314 0.0689763 0)
(6.481 0.0478044 0)
(6.43103 0.0305051 0)
(5.28211 0.00839132 0)
(5.90543 0.0148751 0)
(7.03474 0.0309879 0)
(7.07857 0.0690143 0)
(7.06922 0.101865 0)
(7.05182 0.142939 0)
(7.02469 0.188256 0)
(6.98489 0.23504 0)
(6.93307 0.28113 0)
(6.87225 0.306263 0)
(6.76211 0.314304 0)
(6.6648 0.308714 0)
(6.58269 0.275262 0)
(6.52307 0.234878 0)
(6.48148 0.192299 0)
(6.45352 0.151797 0)
(6.4358 0.114687 0)
(6.4254 0.0822829 0)
(6.41939 0.0555681 0)
(6.36064 0.0269585 0)
(5.20979 0.0116015 0)
(6.00613 0.0155997 0)
(7.15307 0.0628262 0)
(7.18755 0.0929403 0)
(7.17265 0.140723 0)
(7.14738 0.193413 0)
(7.10861 0.249968 0)
(7.0527 0.307287 0)
(6.97941 0.360578 0)
(6.88993 0.392663 0)
(6.76283 0.402887 0)
(6.64216 0.389102 0)
(6.54136 0.346835 0)
(6.46849 0.296135 0)
(6.41693 0.243379 0)
(6.38151 0.19335 0)
(6.35854 0.148305 0)
(6.34467 0.107765 0)
(6.33487 0.072672 0)
(6.27121 0.0466125 0)
(5.13108 0.0105736 0)
(6.20703 0.0296696 0)
(7.29655 0.0611044 0)
(7.33803 0.128675 0)
(7.31042 0.1965 0)
(7.27027 0.266687 0)
(7.21023 0.340282 0)
(7.13011 0.410074 0)
(7.02892 0.468923 0)
(6.90753 0.504455 0)
(6.75634 0.512052 0)
(6.61026 0.487206 0)
(6.49038 0.433583 0)
(6.40339 0.370925 0)
(6.34096 0.306267 0)
(6.29704 0.243699 0)
(6.26706 0.185173 0)
(6.24791 0.133402 0)
(6.23319 0.0851746 0)
(6.1545 0.0398968 0)
(5.00082 0.0191083 0)
(6.40338 0.0457668 0)
(7.53241 0.132087 0)
(7.53349 0.211399 0)
(7.48923 0.289856 0)
(7.4189 0.380704 0)
(7.32844 0.470281 0)
(7.21735 0.54597 0)
(7.08335 0.60686 0)
(6.92829 0.640764 0)
(6.74898 0.640754 0)
(6.57563 0.602717 0)
(6.43455 0.536079 0)
(6.33082 0.460552 0)
(6.25427 0.384008 0)
(6.19807 0.310945 0)
(6.15705 0.242587 0)
(6.12736 0.179357 0)
(6.10594 0.127399 0)
(6.03077 0.0781604 0)
(4.89798 0.0208973 0)
(6.99892 0.112597 0)
(7.78653 0.199718 0)
(7.78852 0.320116 0)
(7.69291 0.450864 0)
(7.58178 0.568466 3.87541e-33)
(7.45402 0.656916 -2.39291e-33)
(7.30328 0.733168 0)
(7.13011 0.788995 0)
(6.93753 0.812911 0)
(6.72532 0.798226 0)
(6.52216 0.742154 0)
(6.35836 0.659182 0)
(6.23695 0.570106 0)
(6.14554 0.482055 0)
(6.07654 0.398045 0)
(6.02477 0.319626 0)
(5.98537 0.24402 0)
(5.94889 0.164857 0)
(5.83656 0.0933333 0)
(4.61404 0.0463233 0)
(7.4091 0.281163 -2.76067e-19)
(8.16694 0.371416 2.45389e-19)
(8.04873 0.590657 0)
(7.90098 0.737301 7.81451e-20)
(7.74953 0.826357 -6.29501e-20)
(7.57773 0.90795 2.53783e-33)
(7.38234 0.977234 0)
(7.16775 1.01924 2.15243e-19)
(6.93625 1.02642 -7.60632e-19)
(6.68817 0.992856 1.65538e-19)
(6.45344 0.917612 0)
(6.26422 0.819379 -5.25669e-19)
(6.12071 0.718614 -6.57283e-19)
(6.00888 0.620846 1.15664e-18)
(5.91984 0.528001 -9.29649e-19)
(5.8475 0.441949 0)
(5.78768 0.36815 -3.59413e-19)
(5.73076 0.301664 0)
(5.57259 0.19951 -2.0034e-18)
(4.35673 0.150104 2.17096e-18)
(7.69313 0.634453 -1.19802e-19)
(8.44019 0.838929 -1.95976e-18)
(8.28068 0.988532 5.27484e-19)
(8.09578 1.06195 5.71784e-19)
(7.90198 1.13439 -1.16985e-19)
(7.68239 1.209 2.2846e-19)
(7.44359 1.2648 0)
(7.19016 1.28911 0)
(6.92083 1.27967 1.20738e-18)
(6.63521 1.22984 0)
(6.3644 1.14027 1.83847e-18)
(6.1429 1.03333 5.72293e-19)
(5.97039 0.929333 1.98031e-20)
(5.83136 0.833369 -1.31217e-18)
(5.71598 0.747636 0)
(5.61797 0.67143 0)
(5.53347 0.602919 -6.194e-18)
(5.45733 0.561353 1.57164e-17)
(5.33275 0.515147 -9.31317e-18)
(4.21548 0.344171 -1.01727e-17)
(7.80935 0.977524 2.6949e-18)
(8.62899 1.42722 -8.95402e-19)
(8.47042 1.44635 -2.20661e-19)
(8.25884 1.44851 -1.06233e-18)
(8.01795 1.49444 5.72399e-19)
(7.75216 1.54932 -4.43144e-19)
(7.47623 1.57718 3.12351e-19)
(7.18839 1.57709 0)
(6.88439 1.54803 -2.51871e-18)
(6.5648 1.48053 2.70836e-18)
(6.26189 1.37712 -5.02164e-18)
(6.01319 1.26309 2.437e-18)
(5.81878 1.15826 -1.78234e-18)
(5.66202 1.06629 3.91263e-18)
(5.53291 0.988276 0)
(5.42519 0.923627 -1.52778e-18)
(5.33443 0.864563 0)
(5.25395 0.797188 8.9169e-18)
(5.14649 0.820956 -2.12812e-17)
(4.15199 0.536394 1.20677e-17)
(7.84083 1.29068 -1.31615e-17)
(8.70479 1.9733 6.1381e-18)
(8.57862 1.87632 8.75093e-19)
(8.34777 1.86535 0)
(8.07447 1.8981 4.53999e-19)
(7.78178 1.9155 -4.36342e-19)
(7.4823 1.90542 -3.72196e-19)
(7.16688 1.87778 0)
(6.83453 1.82618 1.78226e-18)
(6.48822 1.73862 -1.86522e-18)
(6.16127 1.62011 4.3759e-18)
(5.89426 1.49784 0)
(5.68758 1.39032 -3.72789e-18)
(5.5234 1.29891 2.06771e-18)
(5.39091 1.22265 5.56595e-18)
(5.28282 1.16199 -4.88568e-18)
(5.19203 1.11775 8.13994e-18)
(5.12017 1.02131 -1.8159e-17)
(5.01391 1.08407 1.15907e-17)
(4.10014 0.728637 -1.35778e-17)
(7.8267 1.61907 8.71204e-18)
(8.71088 2.46878 -6.71509e-18)
(8.62892 2.26429 2.6105e-18)
(8.36264 2.28606 -3.55759e-18)
(8.07208 2.29995 2.19131e-18)
(7.77436 2.28049 -2.59311e-19)
(7.46408 2.23645 1.16165e-19)
(7.12894 2.18359 -1.3611e-18)
(6.77655 2.10784 -1.80956e-18)
(6.41064 1.99851 -3.99396e-18)
(6.06585 1.86326 -9.41625e-18)
(5.78608 1.7306 -3.12058e-18)
(5.5719 1.61768 1.1996e-19)
(5.40393 1.52369 -7.30089e-18)
(5.27005 1.446 -2.54865e-19)
(5.16209 1.38394 7.11773e-18)
(5.0703 1.35157 -2.20121e-18)
(5.00696 1.23966 -1.31174e-18)
(4.89568 1.31703 0)
(4.03858 0.916283 2.9017e-17)
(7.78676 1.96293 0)
(8.66754 2.91631 1.78385e-18)
(8.60245 2.6342 0)
(8.3104 2.69468 -4.71798e-19)
(8.02454 2.67949 -2.58981e-18)
(7.73682 2.62341 3.59942e-19)
(7.41997 2.55812 3.02311e-19)
(7.07192 2.48468 2.38773e-18)
(6.70696 2.38549 -1.07572e-18)
(6.32657 2.25446 1.79682e-18)
(5.96783 2.10141 5.06552e-18)
(5.67818 1.95653 6.89234e-18)
(5.45833 1.83609 -4.27013e-18)
(5.28745 1.73751 7.89153e-18)
(5.15241 1.65671 -6.32699e-18)
(5.04471 1.59034 0)
(4.95085 1.56512 -1.68986e-17)
(4.89563 1.44377 2.27085e-17)
(4.77874 1.52702 1.73231e-18)
(3.96806 1.08946 -3.04143e-17)
(7.7375 2.28458 -9.90528e-19)
(8.59384 3.33748 -5.42678e-18)
(8.57246 2.97447 -1.383e-17)
(8.23003 3.07922 7.30425e-18)
(7.96237 3.02131 -1.31793e-18)
(7.67992 2.94224 6.07843e-19)
(7.35357 2.86557 2.81464e-19)
(6.99743 2.77366 -3.83862e-19)
(6.62461 2.65265 -3.94511e-18)
(6.23348 2.50135 1.89517e-20)
(5.86423 2.33063 -5.49107e-18)
(5.56717 2.1727 -7.30714e-18)
(5.34326 2.04342 4.79696e-18)
(5.17059 1.9388 -2.83176e-18)
(5.03527 1.85373 6.86119e-18)
(4.92874 1.78184 0)
(4.83286 1.75852 -1.04295e-17)
(4.78623 1.63319 1.54278e-17)
(4.66296 1.71248 3.01494e-17)
(3.88948 1.25125 -3.22475e-17)
(7.6828 2.58784 -2.54528e-17)
(8.50235 3.7422 1.22063e-17)
(8.49279 3.3194 8.65852e-18)
(8.13394 3.45385 -7.67406e-18)
(7.89406 3.33791 4.31988e-19)
(7.60943 3.24462 1.65267e-18)
(7.27099 3.15734 -4.3945e-19)
(6.91116 3.04665 -9.80656e-19)
(6.53336 2.90663 -2.44561e-18)
(6.1346 2.73746 4.06874e-18)
(5.75758 2.54992 5.25664e-18)
(5.45483 2.3786 1.14799e-17)
(5.22792 2.23947 0)
(5.05427 2.12748 2.06438e-19)
(4.91932 2.03711 -1.89993e-17)
(4.81428 1.96014 4.35625e-18)
(4.71782 1.93229 2.22807e-17)
(4.67717 1.81008 -6.4862e-18)
(4.55071 1.87688 1.45224e-17)
(3.80326 1.39975 -8.03873e-19)
(7.63358 2.85976 1.17989e-18)
(8.39569 4.10562 1.12576e-17)
(8.43281 3.62162 6.33476e-18)
(8.03264 3.79566 -1.32356e-17)
(7.8225 3.62826 7.95216e-18)
(7.52659 3.53318 -2.06439e-18)
(7.18013 3.43605 3.92103e-19)
(6.82073 3.30603 2.42956e-18)
(6.43859 3.14875 4.41654e-18)
(6.03348 2.96262 -5.14293e-18)
(5.64972 2.75877 0)
(5.34182 2.574 -4.48925e-18)
(5.11225 2.42433 5.15001e-18)
(4.9379 2.30394 6.89336e-18)
(4.80357 2.20717 -3.94498e-18)
(4.70006 2.12559 -9.9872e-18)
(4.60492 2.09008 -3.025e-18)
(4.56739 1.97119 -3.51502e-20)
(4.44197 2.02705 0)
(3.71277 1.52976 0)
(7.57515 3.09088 -1.24734e-17)
(8.2757 4.47333 0)
(8.34762 3.91781 7.14019e-18)
(7.9299 4.12898 -3.43236e-18)
(7.74784 3.89724 -7.98914e-18)
(7.43233 3.80799 2.27012e-18)
(7.08428 3.69719 3.2527e-19)
(6.72614 3.54865 -1.41058e-18)
(6.34034 3.37652 3.06891e-18)
(5.93074 3.17573 -2.02126e-18)
(5.54146 2.95751 2.97318e-18)
(5.2287 2.75981 1.39784e-17)
(4.99625 2.59905 5.09047e-19)
(4.82098 2.46915 -7.01461e-18)
(4.68724 2.36457 1.35289e-17)
(4.58522 2.27741 1.81253e-19)
(4.49178 2.23433 3.23714e-18)
(4.45749 2.1136 -1.58549e-17)
(4.33181 2.16568 1.63706e-17)
(3.62297 1.63988 -1.65873e-17)
(7.50281 3.35012 9.93935e-22)
(8.16794 4.7858 0)
(8.25551 4.18041 0)
(7.82384 4.42829 2.82746e-18)
(7.66155 4.15198 3.17892e-18)
(7.33016 4.06758 -1.54165e-18)
(6.9875 3.9409 2.78579e-19)
(6.63098 3.77763 0)
(6.24274 3.59347 -4.80291e-18)
(5.82935 3.37939 7.53557e-18)
(5.43422 3.14725 8.88822e-18)
(5.11576 2.93652 -5.24628e-18)
(4.87947 2.76412 -6.54172e-18)
(4.70244 2.62383 1.54321e-17)
(4.56882 2.5104 -4.77846e-18)
(4.46802 2.41692 -5.80868e-18)
(4.37655 2.36642 -3.53829e-18)
(4.34677 2.24143 -1.71387e-17)
(4.21948 2.29243 2.23891e-18)
(3.53191 1.73504 1.75601e-17)
(7.43647 3.53028 -4.92842e-18)
(8.03953 5.09295 -6.58443e-18)
(8.15824 4.43249 8.87423e-19)
(7.7116 4.7066 1.87027e-19)
(7.56974 4.38661 7.97293e-19)
(7.22609 4.31086 -4.3329e-18)
(6.89027 4.16857 0)
(6.5337 3.99217 1.0588e-18)
(6.14346 3.79607 -8.33226e-19)
(5.72732 3.56973 1.22039e-17)
(5.32743 3.32609 -2.21046e-18)
(5.00337 3.10439 2.42894e-18)
(4.76239 2.92105 0)
(4.58262 2.76973 -8.41469e-18)
(4.44849 2.64579 1.0439e-17)
(4.34876 2.54362 0)
(4.25867 2.48476 -7.80246e-18)
(4.23507 2.35284 2.2749e-17)
(4.10154 2.40085 2.77366e-18)
(3.43825 1.81773 -2.16657e-17)
(7.34423 3.7821 -1.01552e-17)
(7.94579 5.35608 1.23429e-17)
(8.04916 4.6605 0)
(7.60293 4.95651 6.87748e-18)
(7.47298 4.60553 0)
(7.12023 4.53544 3.82201e-18)
(6.79208 4.37787 0)
(6.4363 4.19133 0)
(6.04673 3.98618 -1.63489e-18)
(5.62949 3.7511 -1.17938e-17)
(5.22487 3.4985 -1.65252e-17)
(4.89377 3.26672 3.01053e-18)
(4.64603 3.07226 1.11293e-17)
(4.46112 2.90897 9.40092e-18)
(4.3243 2.77339 -3.34149e-17)
(4.2239 2.66185 -1.38868e-17)
(4.13554 2.59235 8.03215e-18)
(4.11681 2.45769 0)
(3.98253 2.49694 2.41282e-17)
(3.34256 1.88611 -2.30647e-17)
(7.27513 3.93745 1.12998e-17)
(7.81207 5.60037 -1.34737e-17)
(7.94439 4.88583 0)
(7.49763 5.18817 -3.48061e-19)
(7.37524 4.81168 -2.75662e-18)
(7.01873 4.7448 0)
(6.69723 4.57382 1.71422e-20)
(6.34197 4.37912 1.06658e-18)
(5.95254 4.16532 -2.55787e-18)
(5.53326 3.92146 1.3332e-18)
(5.12376 3.66049 0)
(4.78536 3.42042 1.20285e-17)
(4.52977 3.21692 3.71412e-20)
(4.33819 3.04261 5.0768e-18)
(4.19745 2.8938 6.16787e-18)
(4.09638 2.76876 0)
(4.01063 2.68468 -1.36626e-17)
(3.99884 2.54431 2.6775e-17)
(3.85899 2.57287 -2.93663e-17)
(3.24364 1.943 4.97285e-17)
(7.17328 4.15136 0)
(7.73018 5.83355 0)
(7.83992 5.08888 -6.83533e-18)
(7.39188 5.39866 0)
(7.27761 5.0052 0)
(6.91919 4.93817 5.28681e-18)
(6.60202 4.7548 -3.35686e-20)
(6.24737 4.55215 5.69017e-19)
(5.85942 4.33043 -4.2669e-19)
(5.44063 4.08034 0)
(5.02839 3.81508 -2.60071e-18)
(4.68275 3.57041 -9.93352e-18)
(4.41771 3.35987 -1.2349e-17)
(4.21608 3.17501 -5.08921e-18)
(4.06633 3.01284 6.72382e-18)
(3.95893 2.87493 -1.59612e-17)
(3.87176 2.77278 2.94283e-17)
(3.8548 2.62914 5.15874e-19)
(3.71837 2.63923 -2.80271e-17)
(3.13483 1.98444 -3.38866e-18)
(7.09513 4.30665 0)
(7.60817 6.0163 -9.69091e-18)
(7.73685 5.28217 7.69546e-18)
(7.29098 5.59058 0)
(7.18226 5.18439 0)
(6.82167 5.11678 -1.16288e-17)
(6.50986 4.92327 0)
(6.15778 4.71449 0)
(5.77264 4.48656 -5.45943e-18)
(5.35408 4.23154 2.25055e-18)
(4.93771 3.96286 -2.15994e-17)
(4.58328 3.71467 0)
(4.30669 3.49929 -1.31699e-17)
(4.09277 3.30734 4.45395e-19)
(3.93244 3.13224 -2.10892e-17)
(3.81825 2.97338 8.65272e-18)
(3.73534 2.84859 2.30983e-19)
(3.73225 2.6936 -3.18181e-17)
(3.59223 2.67865 1.52881e-17)
(3.01637 2.01375 3.5924e-18)
(7.00213 4.47236 0)
(7.51438 6.22444 -1.12465e-17)
(7.63368 5.46681 8.04138e-18)
(7.19325 5.77035 1.50293e-17)
(7.08659 5.35296 2.83019e-18)
(6.72805 5.28215 -1.50063e-18)
(6.42107 5.07954 9.52138e-19)
(6.07086 4.86468 1.70769e-18)
(5.68738 4.63033 5.84916e-18)
(5.26883 4.37078 1.55763e-17)
(4.85021 4.10063 1.79554e-17)
(4.48965 3.85241 3.30974e-18)
(4.20297 3.63517 1.91496e-17)
(3.97559 3.43724 1.21774e-17)
(3.79901 3.25277 1.52112e-17)
(3.66807 3.08165 -9.4701e-18)
(3.56555 2.93795 -1.17094e-17)
(3.5252 2.76851 1.38139e-17)
(3.40406 2.69999 -8.52573e-18)
(2.88397 2.02168 1.17387e-17)
(6.90611 4.6191 1.74339e-17)
(7.41304 6.37662 1.78815e-17)
(7.53613 5.63143 4.27552e-18)
(7.09718 5.93056 2.72407e-19)
(6.99515 5.51054 -1.00342e-17)
(6.63882 5.43509 3.45484e-18)
(6.33484 5.22442 -1.0827e-18)
(5.98672 5.0041 -3.49983e-19)
(5.60614 4.76463 -6.7314e-18)
(5.19002 4.50217 -1.71515e-17)
(4.77109 4.23232 1.16191e-18)
(4.40408 3.98671 0)
(4.10411 3.77213 0)
(3.85838 3.57695 -6.23826e-18)
(3.6604 3.39109 -2.42815e-17)
(3.50773 3.20338 2.03328e-17)
(3.40378 3.02168 1.26007e-17)
(3.38239 2.82081 0)
(3.25319 2.74066 2.71938e-17)
(2.72944 2.00384 -1.31287e-17)
(6.82231 4.7523 -8.74347e-18)
(7.31607 6.5398 7.29716e-18)
(7.44904 5.79558 -9.64634e-18)
(7.00863 6.08448 -9.46633e-18)
(6.90785 5.65704 -3.91757e-18)
(6.55157 5.57632 1.02354e-18)
(6.25075 5.35852 0)
(5.90602 5.13316 -2.11238e-18)
(5.52949 4.88894 6.95906e-19)
(5.11599 4.62378 0)
(4.6959 4.35511 0)
(4.32291 4.11419 2.20343e-18)
(4.01287 3.90361 3.19314e-18)
(3.75383 3.70674 -6.60763e-18)
(3.54136 3.51582 1.75192e-17)
(3.36975 3.32752 -2.18491e-17)
(3.21937 3.14998 -2.73465e-17)
(3.11652 2.9319 2.45914e-17)
(2.97777 2.70807 -1.00842e-17)
(2.55136 1.96107 5.39053e-18)
(6.74221 4.88706 1.03107e-17)
(7.23659 6.69844 0)
(7.35502 5.94524 0)
(6.9189 6.22425 -3.03899e-18)
(6.81778 5.79227 2.45328e-18)
(6.46612 5.7057 -3.14746e-19)
(6.17066 5.48236 -3.26073e-18)
(5.83026 5.25282 1.28295e-18)
(5.45726 5.00457 1.16979e-17)
(5.04527 4.73724 -1.34787e-18)
(4.62507 4.47032 2.94973e-18)
(4.24911 4.23548 -1.86249e-17)
(3.92934 4.03369 -1.92922e-17)
(3.64958 3.84913 -3.45386e-18)
(3.40005 3.67568 0)
(3.17506 3.4959 -3.75249e-19)
(2.99147 3.28235 1.40324e-17)
(2.90023 3.0188 -2.71929e-17)
(2.75252 2.83062 2.07666e-17)
(2.33219 1.9627 1.79725e-17)
(6.63991 4.98785 -2.21914e-17)
(7.11653 6.79012 -8.29434e-18)
(7.25257 6.06789 3.57347e-19)
(6.82069 6.34362 4.09954e-18)
(6.73108 5.91791 0)
(6.38603 5.82744 9.417e-18)
(6.09392 5.59991 3.74256e-18)
(5.75545 5.36624 -5.36732e-19)
(5.38427 5.11379 -5.90978e-18)
(4.97514 4.84459 -1.30386e-18)
(4.55826 4.58101 1.20657e-18)
(4.18125 4.35527 1.62806e-17)
(3.85352 4.16553 1.874e-17)
(3.56252 3.98864 3.28299e-18)
(3.31145 3.81396 1.73847e-17)
(3.09997 3.65018 0)
(2.87995 3.50329 0)
(2.61659 3.32369 1.76607e-17)
(2.17575 2.97917 1.99477e-19)
(1.2027 2.10872 -1.59552e-17)
(6.56073 5.10797 1.19672e-17)
(7.01288 6.93471 2.4916e-17)
(7.17454 6.1986 -3.66362e-17)
(6.74291 6.46335 2.02031e-17)
(6.65776 6.04085 -2.09485e-18)
(6.30853 5.94434 1.21971e-17)
(6.01603 5.71157 0)
(5.67952 5.47409 -5.94556e-19)
(5.3131 5.21956 0)
(4.90957 4.95137 1.67979e-17)
(4.49526 4.6928 -1.62718e-18)
(4.11607 4.47707 1.81954e-18)
(3.78117 4.30278 2.09904e-17)
(3.47225 4.14834 -7.20897e-18)
(3.16971 4.00485 -9.19657e-18)
(2.85656 3.87075 0)
(2.56197 3.72655 0)
(2.28173 3.51521 0)
(1.87136 3.07671 -1.01019e-17)
(1.26087 2.54722 -5.76484e-18)
(6.51015 5.22528 0)
(7.01106 7.08314 0)
(7.1305 6.35491 1.31634e-17)
(6.68471 6.59849 -1.66259e-17)
(6.5781 6.15794 1.06388e-17)
(6.22775 6.0536 -1.10302e-17)
(5.93917 5.81721 -3.06535e-19)
(5.60809 5.57863 2.3738e-19)
(5.24648 5.32357 9.99447e-19)
(4.84489 5.05527 -1.92372e-17)
(4.43112 4.80003 2.80199e-18)
(4.05204 4.59535 1.60007e-17)
(3.71279 4.43983 -2.08448e-17)
(3.39612 4.3093 -2.34206e-17)
(3.10859 4.18397 8.14846e-18)
(2.8637 4.07053 0)
(2.6112 3.99635 1.28357e-17)
(2.32754 3.84139 1.6123e-17)
(1.81762 3.40289 -1.86961e-17)
(1.16708 3.06061 2.40626e-17)
(6.43185 5.30089 0)
(6.87599 7.17015 1.95393e-17)
(7.01649 6.45166 -3.17851e-18)
(6.57539 6.69386 2.04062e-17)
(6.48492 6.26058 -1.11783e-17)
(6.15142 6.15586 0)
(5.86767 5.91925 0)
(5.53948 5.67944 0)
(5.1788 5.42207 4.14442e-18)
(4.7798 5.1537 7.44229e-19)
(4.37238 4.90495 0)
(4.00001 4.71432 -1.58231e-17)
(3.6663 4.58012 0)
(3.35259 4.4785 1.6679e-17)
(3.04407 4.3967 -1.14241e-17)
(2.72638 4.31928 -9.30502e-18)
(2.44615 4.21097 -2.44871e-17)
(2.12599 3.99405 -1.50142e-17)
(1.49978 3.5782 -2.53589e-17)
(1.11231 3.402 1.9936e-17)
(6.31507 5.37364 -7.29886e-18)
(6.75198 7.20435 4.4253e-19)
(6.90234 6.50563 -3.32361e-18)
(6.47947 6.75866 -1.5752e-17)
(6.42279 6.36163 0)
(6.08316 6.25503 0)
(5.79777 6.01712 0)
(5.47018 5.77493 1.55782e-19)
(5.11282 5.51714 -5.34175e-18)
(4.72086 5.25224 0)
(4.32016 5.01043 0)
(3.95171 4.83121 0)
(3.61854 4.71556 0)
(3.30193 4.63975 1.22596e-17)
(3.00746 4.57999 3.13066e-17)
(2.77385 4.5305 9.95415e-18)
(2.54523 4.44439 2.37513e-17)
(2.16348 4.2134 -1.99547e-17)
(1.54971 3.83514 8.11267e-18)
(1.24424 3.80724 0)
(6.28111 5.4939 6.9797e-18)
(6.70627 7.36471 -3.85971e-17)
(6.89359 6.67929 -9.95117e-18)
(6.45366 6.88763 -2.58407e-18)
(6.36568 6.47034 2.49344e-18)
(6.00832 6.35212 -1.59384e-17)
(5.72665 6.11136 9.79065e-19)
(5.40239 5.86834 1.50049e-18)
(5.05063 5.61185 0)
(4.66383 5.34896 -1.20223e-18)
(4.26777 5.11105 1.09455e-18)
(3.9068 4.94196 0)
(3.58617 4.84616 0)
(3.28585 4.80072 -1.53441e-17)
(3.00566 4.78231 2.71233e-18)
(2.71061 4.74669 -9.34988e-18)
(2.37411 4.6767 2.10214e-17)
(1.93732 4.40154 1.74765e-17)
(1.30501 4.14839 -3.19186e-17)
(1.09423 4.16594 1.65691e-17)
(6.24287 5.5991 1.29273e-17)
(6.67775 7.48956 3.4782e-17)
(6.84026 6.79945 1.19376e-17)
(6.36352 7.00515 0)
(6.26938 6.56854 0)
(5.92977 6.44886 1.19907e-17)
(5.65468 6.2064 -5.54648e-18)
(5.3343 5.96326 -1.52781e-18)
(4.98695 5.70646 6.88246e-20)
(4.60458 5.44384 1.41046e-17)
(4.21598 5.21 -1.95679e-17)
(3.86651 5.05061 0)
(3.56076 4.97289 0)
(3.27295 4.94895 -1.09201e-17)
(2.98311 4.9441 -1.42784e-17)
(2.72361 4.93464 0)
(2.48533 4.83922 -3.0318e-17)
(2.06241 4.64531 -5.25397e-18)
(1.55384 4.63308 3.03961e-17)
(1.3682 4.75722 -1.52916e-17)
(6.11718 5.66102 -2.37283e-17)
(6.52069 7.52711 -1.64552e-17)
(6.68036 6.84135 0)
(6.23559 7.0656 0)
(6.18582 6.66433 0)
(5.85432 6.54859 0)
(5.57858 6.30407 5.78912e-18)
(5.26241 6.05921 -2.59857e-18)
(4.91892 5.80018 0)
(4.54205 5.53685 -1.27419e-17)
(4.16345 5.30643 3.54394e-17)
(3.82777 5.15458 1.49851e-18)
(3.53645 5.08987 2.21612e-18)
(3.25683 5.09095 1.84958e-17)
(2.99845 5.1361 -1.22996e-17)
(2.75631 5.16725 0)
(2.43969 5.14113 9.53281e-18)
(1.90052 5.07699 7.9586e-19)
(1.22165 5.1417 -4.93181e-18)
(0.883762 5.28869 1.03382e-17)
(6.01515 5.7633 1.12149e-17)
(6.39981 7.63734 -1.63352e-17)
(6.61268 6.96517 0)
(6.17185 7.17488 -3.6077e-18)
(6.11674 6.77566 1.34272e-17)
(5.76744 6.65087 0)
(5.49626 6.40309 0)
(5.18401 6.15414 4.71223e-18)
(4.84464 5.89171 -6.72863e-19)
(4.47651 5.62776 1.2782e-17)
(4.11243 5.40125 -1.69264e-17)
(3.79575 5.25625 1.07994e-17)
(3.53075 5.20597 0)
(3.2958 5.23679 -1.01198e-17)
(3.0551 5.29278 6.3198e-18)
(2.82955 5.3307 6.88496e-18)
(2.57467 5.29068 0)
(2.11701 5.35668 4.7189e-18)
(1.47248 5.9388 7.76394e-18)
(1.40858 6.32219 2.39811e-18)
(5.95952 5.88745 -2.14716e-17)
(6.35767 7.79783 2.38984e-17)
(6.55574 7.13229 1.69473e-17)
(6.08153 7.3135 -4.31705e-18)
(6.01235 6.88705 -2.02401e-17)
(5.67035 6.75447 0)
(5.40772 6.50188 5.1541e-18)
(5.09874 6.2479 -2.10602e-18)
(4.76805 5.98344 1.19309e-20)
(4.41277 5.71985 -1.11103e-17)
(4.06388 5.49543 -8.6564e-19)
(3.76589 5.35432 -1.21199e-17)
(3.52127 5.30263 1.47555e-17)
(3.30097 5.34178 4.6019e-18)
(3.1006 5.42983 -1.06786e-17)
(2.9287 5.49338 1.20297e-17)
(2.72822 5.55203 0)
(2.27042 6.03197 0)
(1.86189 6.9378 6.75863e-19)
(0.407017 7.04297 -4.04549e-18)
(5.84657 5.97405 1.04176e-17)
(6.2211 7.88689 2.19192e-17)
(6.40808 7.22479 -1.6827e-17)
(5.9436 7.40682 1.46461e-17)
(5.90336 6.99291 1.96307e-17)
(5.57285 6.85972 0)
(5.31223 6.60052 -5.43497e-18)
(5.01181 6.34361 -3.1224e-18)
(4.69245 6.07709 0)
(4.34788 5.81016 0)
(4.01245 5.58277 0)
(3.73595 5.44442 0)
(3.52002 5.39334 -1.68062e-17)
(3.35271 5.44615 -6.33543e-18)
(3.19418 5.55837 0)
(3.06945 5.66999 -5.94845e-18)
(2.96756 5.8123 0)
(2.92438 6.16761 -2.52712e-18)
(2.87372 6.44342 -2.12112e-18)
(1.56883 6.4351 3.53334e-18)
(5.717 6.07519 -1.9769e-17)
(6.06032 7.98609 -1.38881e-17)
(6.28345 7.33948 -1.04766e-17)
(5.83232 7.51451 -1.36675e-17)
(5.80316 7.10833 -9.21163e-18)
(5.46371 6.96715 0)
(5.21083 6.70265 -9.48912e-19)
(4.92235 6.44232 3.92234e-19)
(4.61118 6.17006 -1.74097e-18)
(4.27695 5.89711 0)
(3.95913 5.66613 1.00738e-18)
(3.70838 5.53 -1.14534e-18)
(3.52431 5.47331 0)
(3.38736 5.51051 7.82662e-18)
(3.3036 5.64873 0)
(3.27572 5.76594 4.18333e-18)
(3.3432 5.92431 -9.29029e-18)
(3.51711 5.93913 2.3382e-18)
(3.70474 5.27041 -1.35639e-18)
(1.25895 4.7021 -9.40214e-19)
(5.61968 6.20049 -6.61042e-19)
(5.93945 8.13327 -7.19896e-18)
(6.17503 7.49705 1.43739e-17)
(5.70926 7.64969 -6.66322e-19)
(5.67886 7.22938 -2.46764e-18)
(5.343 7.07941 0)
(5.10512 6.81107 5.30772e-18)
(4.82425 6.54411 2.933e-18)
(4.52134 6.2651 3.4799e-18)
(4.20161 5.9875 -8.57224e-18)
(3.9039 5.75096 -1.25283e-17)
(3.67772 5.6119 0)
(3.5273 5.55275 1.11386e-17)
(3.44832 5.55826 -3.27153e-18)
(3.42424 5.67051 -3.57351e-18)
(3.47073 5.81911 0)
(3.58265 5.93173 3.99494e-18)
(3.61102 5.84836 -3.75636e-18)
(3.38994 4.51033 5.09245e-18)
(-0.0273016 1.9764 3.73358e-18)
(5.4923 6.31766 1.71965e-17)
(5.77988 8.26432 -6.82801e-18)
(6.01762 7.63027 9.44954e-18)
(5.55479 7.77143 6.79331e-18)
(5.54595 7.35473 4.70092e-18)
(5.21867 7.19966 1.00159e-17)
(4.98926 6.92357 -1.01353e-17)
(4.71501 6.64826 -3.47994e-18)
(4.42375 6.36282 -2.26409e-18)
(4.11937 6.07944 -1.36171e-19)
(3.84102 5.8337 1.07815e-18)
(3.63842 5.67961 -1.01068e-17)
(3.52364 5.61752 4.64466e-18)
(3.48631 5.59211 -7.12953e-18)
(3.51933 5.63381 6.93311e-18)
(3.6251 5.71359 -3.44857e-18)
(3.70891 5.80389 7.48145e-18)
(3.57009 5.75957 -3.64114e-18)
(3.31509 4.24323 0)
(0.355913 1.32116 7.15949e-18)
(5.34635 6.43244 0)
(5.59663 8.39405 -2.3505e-17)
(5.85878 7.76621 5.10093e-19)
(5.40385 7.89708 -1.18039e-17)
(5.40922 7.48596 0)
(5.07677 7.32113 -7.39524e-18)
(4.85677 7.03515 8.23775e-18)
(4.59457 6.7539 3.26045e-18)
(4.31702 6.46231 1.61314e-18)
(4.02848 6.17203 6.79192e-18)
(3.77064 5.91715 1.0516e-17)
(3.59008 5.74008 2.05628e-19)
(3.50002 5.65277 -9.39997e-18)
(3.47466 5.58843 -2.12488e-18)
(3.53053 5.56901 6.47094e-18)
(3.64745 5.54572 -7.76197e-18)
(3.78073 5.44418 -4.03985e-18)
(3.53369 5.5811 4.57648e-18)
(3.33869 4.07964 0)
(0.8902 1.54777 0)
(5.20177 6.56624 -1.49957e-17)
(5.41804 8.54543 2.35439e-17)
(5.69274 7.9191 0)
(5.2336 8.03179 0)
(5.24565 7.61436 0)
(4.91359 7.43952 0)
(4.71427 7.14902 -3.78378e-18)
(4.46697 6.86416 -5.14187e-19)
(4.20305 6.56662 -4.07493e-19)
(3.93061 6.26829 9.69434e-19)
(3.69058 6.00255 -1.13268e-17)
(3.52616 5.79982 8.32363e-18)
(3.4425 5.67304 0)
(3.43285 5.57333 -1.20689e-19)
(3.47159 5.47446 -9.8726e-18)
(3.51758 5.42836 3.56642e-18)
(3.68103 5.1555 -4.75269e-18)
(3.4733 5.15449 -2.70805e-18)
(3.33236 4.0392 1.14682e-17)
(1.41768 1.98242 1.54794e-17)
(5.03292 6.69027 7.55247e-18)
(5.21113 8.68786 1.03347e-17)
(5.49861 8.06577 -3.77147e-19)
(5.04048 8.16241 5.39526e-18)
(5.06877 7.74655 0)
(4.74455 7.56385 1.05201e-17)
(4.56833 7.27107 -2.36036e-18)
(4.3304 6.98096 7.08954e-19)
(4.07792 6.67535 -2.09298e-19)
(3.81939 6.36484 8.67302e-19)
(3.59289 6.08283 7.69065e-18)
(3.43926 5.85977 -6.1805e-18)
(3.35127 5.6886 -6.10881e-18)
(3.32902 5.55924 -2.58623e-18)
(3.33953 5.38422 6.27546e-18)
(3.3494 5.3434 -1.20677e-17)
(3.51669 5.08834 6.92221e-18)
(3.32099 5.01099 -9.05016e-18)
(3.27134 4.10758 2.34927e-17)
(1.73254 2.52388 -1.95421e-17)
(4.8462 6.81952 -7.0785e-18)
(4.98274 8.83168 0)
(5.29159 8.21769 -7.56801e-18)
(4.83996 8.30293 -1.01851e-17)
(4.88408 7.89043 0)
(4.56426 7.69881 -8.13634e-18)
(4.40754 7.39639 0)
(4.17481 7.09708 -3.17544e-18)
(3.93438 6.78143 -5.26725e-19)
(3.69083 6.45811 4.3335e-18)
(3.47688 6.15669 -6.45922e-18)
(3.32919 5.91805 2.92978e-18)
(3.24075 5.72042 1.36739e-17)
(3.198 5.55514 -5.06292e-18)
(3.19314 5.36213 6.09561e-18)
(3.16909 5.30367 3.74514e-18)
(3.31483 5.09999 -9.81746e-18)
(3.1025 5.03425 1.13744e-17)
(3.08834 4.39891 -9.40429e-20)
(1.94715 3.0953 2.13363e-18)
(4.65182 6.95358 1.34226e-17)
(4.74116 8.97979 -9.25663e-18)
(5.07359 8.37728 7.56913e-18)
(4.62181 8.44543 4.80582e-18)
(4.6733 8.03018 8.27098e-19)
(4.36053 7.82971 4.70281e-18)
(4.22345 7.51665 0)
(3.99885 7.21063 -1.56504e-19)
(3.77501 6.88688 0)
(3.54747 6.55269 -4.05602e-18)
(3.346 6.23308 6.05429e-18)
(3.20265 5.97397 -1.23261e-18)
(3.11593 5.76826 -1.0745e-17)
(3.07023 5.58029 -4.98155e-18)
(3.04612 5.40736 2.77002e-18)
(2.9594 5.30185 -3.93703e-18)
(3.06895 5.12275 1.36521e-17)
(2.87973 5.06451 8.73132e-18)
(2.88302 4.67928 3.97641e-18)
(2.10268 3.5589 -1.69048e-17)
(4.42696 7.07959 7.09747e-19)
(4.46369 9.12133 5.23262e-18)
(4.81708 8.5253 0)
(4.36725 8.57817 8.48424e-18)
(4.43407 8.16114 -1.23552e-17)
(4.13678 7.9586 4.44165e-18)
(4.02141 7.63684 -2.57671e-18)
(3.80719 7.32532 2.05662e-18)
(3.60166 6.99418 -2.62312e-19)
(3.38946 6.64863 -6.46938e-19)
(3.19916 6.31456 5.74786e-18)
(3.05996 6.03376 1.06245e-17)
(2.96994 5.81677 4.50989e-21)
(2.91981 5.63082 8.76751e-18)
(2.88535 5.48663 5.90657e-18)
(2.75384 5.32759 -1.05159e-17)
(2.82235 5.17657 9.17538e-18)
(2.69018 5.09744 -5.31014e-18)
(2.66796 4.89381 1.91534e-20)
(2.1597 3.91197 1.62971e-17)
(4.18107 7.19598 2.30276e-17)
(4.15962 9.25327 -4.90826e-18)
(4.5382 8.67205 -1.17169e-17)
(4.097 8.70944 9.53069e-18)
(4.17918 8.29243 -5.18551e-18)
(3.89983 8.08971 7.73731e-18)
(3.79967 7.75799 3.93778e-18)
(3.59911 7.44197 0)
(3.41271 7.10113 6.25691e-20)
(3.21494 6.74418 1.43505e-19)
(3.03423 6.39855 -1.2006e-18)
(2.89787 6.10395 -9.34004e-18)
(2.8006 5.87199 -4.75182e-19)
(2.73754 5.69299 -1.97031e-19)
(2.70612 5.56961 8.33432e-18)
(2.57526 5.37812 3.82022e-18)
(2.58925 5.26125 -1.03609e-17)
(2.51651 5.15505 -5.19536e-18)
(2.44487 5.06012 -1.57269e-18)
(2.10708 4.16754 -1.53838e-17)
(3.91112 7.31676 0)
(3.82821 9.38309 3.96647e-18)
(4.2322 8.81573 -5.03754e-18)
(3.79932 8.84323 8.92882e-18)
(3.90214 8.42438 -1.0405e-17)
(3.64121 8.22015 3.97485e-18)
(3.55516 7.8764 0)
(3.37304 7.55501 0)
(3.20468 7.20452 0)
(3.02259 6.83756 -1.07289e-18)
(2.85216 6.48326 1.00811e-18)
(2.71684 6.1824 -1.90213e-18)
(2.61315 5.94339 -5.81803e-18)
(2.53601 5.76643 -4.20328e-18)
(2.50775 5.64744 7.45647e-18)
(2.40265 5.45401 -6.58189e-18)
(2.36619 5.35773 -3.7022e-19)
(2.33441 5.24555 1.20296e-17)
(2.23809 5.18438 -1.48039e-18)
(1.97124 4.32288 0)
(3.62325 7.43112 2.06554e-17)
(3.47674 9.5049 -3.71212e-18)
(3.90176 8.95415 -4.57605e-20)
(3.4794 8.96671 0)
(3.59743 8.5436 -4.57016e-18)
(3.3586 8.33739 5.52146e-19)
(3.28637 7.9871 0)
(3.12762 7.65932 4.77253e-19)
(2.97962 7.30337 -3.77104e-19)
(2.81482 6.93145 0)
(2.65402 6.57136 0)
(2.52018 6.26804 4.05138e-18)
(2.41443 6.0291 5.63809e-18)
(2.329 5.85143 -2.18072e-19)
(2.29528 5.72561 2.1882e-18)
(2.21423 5.54937 -2.9943e-18)
(2.15539 5.4633 0)
(2.13912 5.34793 6.97689e-18)
(2.04418 5.30167 1.1593e-17)
(1.8044 4.40755 -2.65747e-17)
(3.29619 7.52255 1.67501e-17)
(3.08323 9.59875 -3.38775e-18)
(3.53712 9.06768 4.31328e-18)
(3.12533 9.07298 -1.11229e-17)
(3.26647 8.64931 0)
(3.05762 8.43663 0)
(2.9975 8.08769 0)
(2.86588 7.75634 4.56632e-19)
(2.73859 7.39821 -3.60768e-19)
(2.59072 7.02455 0)
(2.43991 6.66219 0)
(2.31033 6.35979 -5.7405e-18)
(2.2058 6.12322 2.57077e-18)
(2.1178 5.94362 -3.08473e-18)
(2.07114 5.80952 -6.43301e-18)
(2.01505 5.6503 0)
(1.92897 5.5751 1.70388e-18)
(1.95506 5.44543 2.12704e-18)
(1.8089 5.41978 -2.08927e-17)
(1.65807 4.45836 2.54454e-17)
(2.9499 7.60161 -1.43294e-17)
(2.67108 9.67793 4.62955e-18)
(3.15131 9.16469 9.81306e-18)
(2.75153 9.15678 5.96357e-18)
(2.90688 8.74198 -4.78222e-18)
(2.73365 8.51434 -2.64331e-18)
(2.68861 8.17238 1.49017e-18)
(2.58646 7.84111 0)
(2.48089 7.48519 0)
(2.35128 7.1139 0)
(2.21287 6.75498 2.02966e-18)
(2.08906 6.45633 5.32647e-18)
(1.98668 6.22311 -2.40689e-18)
(1.89929 6.04178 1.42198e-18)
(1.83998 5.90199 4.3369e-20)
(1.79867 5.75777 0)
(1.69408 5.6798 -3.1567e-18)
(1.75139 5.55832 1.58432e-17)
(1.57186 5.51457 -3.68569e-17)
(1.47387 4.51405 2.13348e-17)
(2.5619 7.63246 1.50018e-17)
(2.20845 9.70734 -1.22483e-17)
(2.73463 9.22469 0)
(2.35833 9.20489 2.91485e-18)
(2.52469 8.81272 1.90088e-18)
(2.39525 8.56933 3.66068e-18)
(2.36916 8.23867 -1.39402e-18)
(2.29541 7.912 0)
(2.21092 7.56396 0)
(2.09943 7.20104 1.5494e-18)
(1.9735 6.85045 3.95744e-19)
(1.85509 6.5581 -2.80069e-18)
(1.75421 6.32975 -1.98022e-18)
(1.66779 6.14897 -4.29089e-18)
(1.60045 6.00624 8.37542e-18)
(1.55859 5.8744 -1.04769e-17)
(1.46019 5.78628 7.8255e-18)
(1.51627 5.6814 0)
(1.34276 5.61231 5.34292e-19)
(1.26551 4.58782 -2.05362e-17)
(2.15918 7.63091 1.59019e-17)
(1.72682 9.70698 0)
(2.29387 9.24834 0)
(1.94751 9.20721 0)
(2.11653 8.84919 1.32392e-18)
(2.03431 8.59659 -3.62388e-18)
(2.03105 8.28218 -1.18361e-18)
(1.98744 7.96527 0)
(1.92704 7.62987 0)
(1.83616 7.28028 -1.04731e-18)
(1.72441 6.94285 -1.1053e-18)
(1.61248 6.66124 1.39441e-18)
(1.51329 6.44092 -1.12996e-19)
(1.42717 6.26442 -1.55808e-18)
(1.35522 6.12213 4.03541e-18)
(1.30559 5.99869 -4.28865e-18)
(1.22086 5.90487 4.43807e-18)
(1.25926 5.80868 0)
(1.09313 5.72951 -4.99059e-19)
(1.05146 4.6885 -9.61785e-18)
(1.72622 7.53363 -1.42853e-17)
(1.20186 9.60778 4.70851e-18)
(1.81831 9.21985 5.9326e-18)
(1.53593 9.16153 -7.67787e-19)
(1.70537 8.84313 -3.30358e-18)
(1.67485 8.58942 -1.63312e-18)
(1.69535 8.29651 3.2753e-18)
(1.68034 7.99762 -2.19447e-19)
(1.64326 7.68279 0)
(1.57149 7.35447 -6.9676e-20)
(1.47173 7.03708 6.38902e-19)
(1.36413 6.77153 -1.01403e-18)
(1.26376 6.5635 0)
(1.17373 6.39586 1.17292e-18)
(1.09501 6.25872 0)
(1.03468 6.14232 9.57686e-19)
(0.956222 6.04806 5.56712e-19)
(0.97899 5.95651 0)
(0.815519 5.87232 0)
(0.822064 4.8217 -8.31127e-18)
(1.28269 7.35952 1.09063e-17)
(0.681538 9.44423 -3.89224e-18)
(1.35788 9.11766 2.45216e-18)
(1.12099 9.04972 -3.65923e-18)
(1.28763 8.78731 1.37565e-18)
(1.31083 8.5459 -3.68387e-19)
(1.35647 8.28246 1.54368e-19)
(1.36965 8.00955 -4.51376e-19)
(1.35537 7.72134 -1.78342e-19)
(1.30283 7.41957 2.27812e-19)
(1.21671 7.12801 7.12796e-20)
(1.11557 6.88476 0)
(1.01585 6.69471 3.41365e-19)
(0.922869 6.54171 0)
(0.838432 6.41577 0)
(0.767596 6.3094 0)
(0.689335 6.2201 3.81091e-18)
(0.69269 6.13538 -9.84922e-18)
(0.52094 6.04948 -5.17246e-20)
(0.584584 5.00229 7.03811e-18)
(0.877868 7.01543 1.69398e-18)
(0.207367 9.12273 1.32608e-18)
(0.880563 8.94088 -1.06458e-18)
(0.750299 8.87727 -6.54273e-19)
(0.901419 8.6729 5.42861e-19)
(0.968545 8.45657 3.44799e-19)
(1.03457 8.23039 1.97927e-19)
(1.07191 7.99156 0)
(1.07874 7.73706 -4.3025e-20)
(1.04503 7.46953 5.3025e-21)
(0.972171 7.21093 -2.71639e-19)
(0.877427 6.99614 0)
(0.778163 6.83045 4.088e-21)
(0.680496 6.69911 -3.82389e-19)
(0.586848 6.59262 0)
(0.501643 6.50458 0)
(0.411645 6.43117 -2.23278e-19)
(0.390732 6.36421 0)
(0.201203 6.28509 -1.67784e-19)
(0.326317 5.27 0)
(0.504828 6.49976 0)
(-0.173912 8.66543 0)
(0.497754 8.67205 0)
(0.413154 8.63244 0)
(0.555744 8.49369 -1.15816e-32)
(0.6684 8.32697 7.82167e-33)
(0.757926 8.14897 0)
(0.81796 7.95313 0)
(0.846529 7.73941 0)
(0.833861 7.51157 0)
(0.778604 7.28901 0)
(0.696898 7.10421 0)
(0.606366 6.96379 0)
(0.514306 6.85539 0)
(0.424322 6.77061 0)
(0.340004 6.70375 0)
(0.25219 6.6508 0)
(0.215738 6.60571 0)
(0.0256697 6.54471 0)
(0.156334 5.58823 0)
(0.304883 6.09697 0)
(-0.247034 8.26077 0)
(0.340854 8.35508 0)
(0.165653 8.34028 0)
(0.328049 8.2746 0)
(0.450463 8.17158 0)
(0.542579 8.04579 0)
(0.614122 7.89565 0)
(0.658827 7.72282 0)
(0.664655 7.53175 0)
(0.627316 7.34131 0)
(0.560423 7.18264 0)
(0.481186 7.06323 0)
(0.398276 6.97345 0)
(0.316415 6.90618 0)
(0.23976 6.85646 0)
(0.160246 6.82079 0)
(0.137166 6.79376 0)
(-0.0203347 6.74742 0)
(0.0892085 5.78731 0)
(0.206466 5.94656 0)
(-0.187606 7.97424 0)
(0.26306 8.06609 0)
(0.0716597 8.08119 0)
(0.224969 8.06153 0)
(0.313749 8.00517 0)
(0.387751 7.9253 0)
(0.455246 7.81977 0)
(0.504 7.68832 0)
(0.520319 7.53497 0)
(0.497077 7.37772 0)
(0.444159 7.24629 0)
(0.3777 7.14915 0)
(0.307532 7.07918 0)
(0.239309 7.03029 0)
(0.177681 6.99762 0)
(0.114958 6.9772 0)
(0.103311 6.9646 0)
(-0.0119862 6.92049 0)
(0.0580618 5.92842 0)
(0.127567 5.98375 0)
(-0.140801 7.82344 0)
(0.191519 7.89109 0)
(0.0485086 7.91306 0)
(0.17598 7.90182 0)
(0.234198 7.86662 0)
(0.289142 7.81632 0)
(0.344014 7.74514 0)
(0.38711 7.6499 0)
(0.405861 7.53227 0)
(0.391571 7.4073 0)
(0.350742 7.30204 0)
(0.297651 7.22549 0)
(0.24187 7.17228 0)
(0.188553 7.13679 0)
(0.14122 7.11415 0)
(0.0922182 7.10022 0)
(0.0798732 7.09215 0)
(-0.00210026 7.04408 0)
(0.0348433 6.0013 0)
(0.0695409 6.07416 0)
(-0.095211 7.74534 0)
(0.122723 7.80341 0)
(0.034402 7.82225 0)
(0.133448 7.80814 0)
(0.176857 7.77962 0)
(0.221708 7.74184 0)
(0.266138 7.68901 0)
(0.301727 7.61741 0)
(0.318957 7.52655 0)
(0.309611 7.42782 0)
(0.278096 7.34407 0)
(0.236376 7.28338 0)
(0.192468 7.24129 0)
(0.15031 7.21292 0)
(0.112489 7.19418 0)
(0.073011 7.18192 0)
(0.0578678 7.17492 0)
(0.00230923 7.12453 0)
(0.018315 6.03152 0)
(0.0357216 6.13131 0)
(-0.0548086 7.68235 0)
(0.0740975 7.74109 0)
(0.0275962 7.75688 0)
(0.0963475 7.7443 0)
(0.130083 7.72212 0)
(0.168324 7.6919 0)
(0.205712 7.64947 0)
(0.23596 7.59246 0)
(0.251653 7.51994 0)
(0.245568 7.44078 0)
(0.220953 7.3735 0)
(0.187744 7.32456 0)
(0.152475 7.29025 0)
(0.118348 7.26676 0)
(0.0877045 7.25107 0)
(0.0567137 7.24082 0)
(0.0413601 7.23536 0)
(0.00525718 7.18478 0)
(0.00920042 6.05127 0)
(0.0167296 6.15292 0)
(-0.026758 7.62217 0)
(0.0457875 7.68455 0)
(0.0270614 7.69613 0)
(0.0712724 7.68729 0)
(0.0967314 7.67243 0)
(0.127618 7.65028 0)
(0.158276 7.61753 0)
(0.183995 7.57261 0)
(0.198352 7.51463 0)
(0.194676 7.45099 0)
(0.175325 7.39688 0)
(0.148687 7.35754 0)
(0.120279 7.32999 0)
(0.0928608 7.31131 0)
(0.0684353 7.29911 0)
(0.0447133 7.29136 0)
(0.0305249 7.28727 0)
(0.00674822 7.23687 0)
(0.00462101 6.07165 0)
(0.00688057 6.16018 0)
(-0.0106457 7.57396 0)
(0.029476 7.63898 0)
(0.026443 7.64609 0)
(0.0551328 7.6398 0)
(0.0746719 7.62993 0)
(0.098643 7.61421 0)
(0.12275 7.58999 0)
(0.143796 7.55567 0)
(0.156302 7.51015 0)
(0.154136 7.45946 0)
(0.138906 7.4163 0)
(0.117656 7.38507 0)
(0.0950191 7.36341 0)
(0.0732604 7.34893 0)
(0.0538912 7.33966 0)
(0.0356519 7.33384 0)
(0.0230695 7.33053 0)
(0.00665496 7.28005 0)
(0.00228802 6.08925 0)
(0.00256145 6.16302 0)
(-0.00253684 7.5398 0)
(0.019721 7.60556 0)
(0.0237109 7.60969 0)
(0.0431113 7.6049 0)
(0.0586425 7.59762 0)
(0.0772798 7.58582 0)
(0.096068 7.56757 0)
(0.112873 7.54135 0)
(0.12327 7.50582 0)
(0.12193 7.46572 0)
(0.109929 7.43151 0)
(0.0930719 7.40687 0)
(0.0751326 7.38986 0)
(0.0579016 7.37857 0)
(0.0424865 7.37137 0)
(0.0283159 7.3669 0)
(0.017599 7.36405 0)
(0.00576052 7.31329 0)
(0.00113037 6.10182 0)
(0.000885763 6.16269 0)
(0.000913958 7.51516 0)
(0.0138265 7.58023 0)
(0.0199564 7.58285 0)
(0.0334934 7.57922 0)
(0.0459442 7.57359 0)
(0.0605298 7.56436 0)
(0.0752937 7.5502 0)
(0.088682 7.52982 0)
(0.0971845 7.50195 0)
(0.0963347 7.47027 0)
(0.0868646 7.44321 0)
(0.0735012 7.42376 0)
(0.0592806 7.41036 0)
(0.0456254 7.40147 0)
(0.0333659 7.39584 0)
(0.0223182 7.39239 0)
(0.0135089 7.38989 0)
(0.0047047 7.33874 0)
(0.000584359 6.11081 0)
(0.00030211 6.16006 0)
(0.0020364 7.49634 0)
(0.0101292 7.56001 0)
(0.0162338 7.56193 0)
(0.0259969 7.55924 0)
(0.0359084 7.55489 0)
(0.0472946 7.54771 0)
(0.0589207 7.53668 0)
(0.0695902 7.52076 0)
(0.076514 7.49885 0)
(0.0759907 7.47381 0)
(0.0685173 7.45243 0)
(0.0579281 7.43708 0)
(0.0466645 7.42652 0)
(0.0358651 7.41955 0)
(0.0261556 7.41516 0)
(0.0175266 7.4125 0)
(0.0104351 7.4103 0)
(0.0037359 7.35868 0)
(0.000319181 6.1177 0)
(0.000128581 6.15669 0)
(0.00214834 7.48193 0)
(0.00760675 7.544 0)
(0.012931 7.54547 0)
(0.0202316 7.54347 0)
(0.0280779 7.54011 0)
(0.0369565 7.53455 0)
(0.0460995 7.526 0)
(0.0545715 7.51359 0)
(0.0601682 7.49639 0)
(0.0598514 7.47663 0)
(0.0539551 7.45975 0)
(0.0455785 7.44766 0)
(0.0366801 7.43937 0)
(0.0281634 7.43391 0)
(0.0204979 7.43049 0)
(0.0137405 7.42845 0)
(0.00809287 7.42648 0)
(0.00292057 7.37438 0)
(0.000179212 6.12303 0)
(7.5251e-05 6.15349 0)
(0.00190488 7.47087 0)
(0.00584428 7.53145 0)
(0.0102366 7.53258 0)
(0.0158121 7.53106 0)
(0.0219874 7.52845 0)
(0.0289225 7.52415 0)
(0.0361093 7.51752 0)
(0.0428108 7.50785 0)
(0.0472974 7.49437 0)
(0.0471076 7.47882 0)
(0.0424628 7.46552 0)
(0.0358517 7.45602 0)
(0.0288356 7.44951 0)
(0.0221244 7.44524 0)
(0.016076 7.44257 0)
(0.0107689 7.44098 0)
(0.00629414 7.43918 0)
(0.00226557 7.38663 0)
(9.93163e-05 6.12704 0)
(5.57872e-05 6.15085 0)
(0.00158357 7.46234 0)
(0.00457399 7.52168 0)
(0.00808939 7.52263 0)
(0.0123862 7.52145 0)
(0.0172345 7.51941 0)
(0.022657 7.51607 0)
(0.0282957 7.5109 0)
(0.0335739 7.50335 0)
(0.0371437 7.49277 0)
(0.0370282 7.48052 0)
(0.0333713 7.47006 0)
(0.0281606 7.46261 0)
(0.0226336 7.4575 0)
(0.0173465 7.45415 0)
(0.0125814 7.45206 0)
(0.00841792 7.45083 0)
(0.00489451 7.44918 0)
(0.00175194 7.39623 0)
(5.42458e-05 6.13007 0)
(6.19881e-05 6.14859 0)
(0.00129881 7.45558 0)
(0.00360165 7.51391 0)
(0.00637387 7.51476 0)
(0.00972604 7.51384 0)
(0.0135433 7.51225 0)
(0.0177994 7.50964 0)
(0.0222345 7.50561 0)
(0.0263966 7.4997 0)
(0.0292377 7.49143 0)
(0.0291786 7.48182 0)
(0.0263052 7.47361 0)
(0.0221954 7.46776 0)
(0.0178294 7.46374 0)
(0.0136531 7.46111 0)
(0.00989163 7.45948 0)
(0.00661559 7.45851 0)
(0.00383628 7.45698 0)
(0.00136542 7.40369 0)
(2.89493e-05 6.13236 0)
(5.27577e-05 6.14682 0)
(0.00102955 7.45047 0)
(0.00281502 7.508 0)
(0.00499629 7.50875 0)
(0.00761972 7.50804 0)
(0.010601 7.5068 0)
(0.0139208 7.50476 0)
(0.0173874 7.50161 0)
(0.0206498 7.49699 0)
(0.0228904 7.49049 0)
(0.0228482 7.48292 0)
(0.0205795 7.47646 0)
(0.0173418 7.47187 0)
(0.0139166 7.46873 0)
(0.0106481 7.46668 0)
(0.00771173 7.46542 0)
(0.00515622 7.46467 0)
(0.00298576 7.46323 0)
(0.00105868 7.40965 0)
(1.63493e-05 6.13416 0)
(4.87171e-05 6.1452 0)
(0.000836763 7.44612 0)
(0.00225792 7.50303 0)
(0.00399827 7.50374 0)
(0.00607064 7.50319 0)
(0.00842353 7.50221 0)
(0.0110481 7.50063 0)
(0.0137926 7.49817 0)
(0.0163826 7.49457 0)
(0.0181775 7.48952 0)
(0.0181707 7.48363 0)
(0.0163889 7.47859 0)
(0.0138312 7.47499 0)
(0.0111093 7.47252 0)
(0.00851285 7.47091 0)
(0.00616917 7.46991 0)
(0.00412584 7.46931 0)
(0.00238442 7.46793 0)
(0.000843191 7.41412 0)
(8.82949e-06 6.13547 0)
(2.93833e-05 6.1442 0)
(0.000651039 7.44309 0)
(0.00178725 7.49953 0)
(0.00314756 7.50026 0)
(0.00473858 7.49983 0)
(0.00655476 7.49907 0)
(0.00858702 7.49783 0)
(0.0107153 7.49592 0)
(0.0127268 7.4931 0)
(0.0141131 7.48912 0)
(0.0140785 7.48446 0)
(0.012656 7.48048 0)
(0.0106399 7.47767 0)
(0.00853324 7.47577 0)
(0.00652066 7.47454 0)
(0.00471963 7.47377 0)
(0.00314532 7.47332 0)
(0.00180739 7.472 0)
(0.000627711 7.41799 0)
(-1.40933e-06 6.13662 0)
(3.17793e-05 6.14299 0)
(0.000542396 7.44001 0)
(0.00147227 7.49608 0)
(0.00255772 7.49689 0)
(0.00381921 7.49655 0)
(0.0052729 7.49595 0)
(0.00689877 7.49498 0)
(0.00860334 7.49349 0)
(0.0102147 7.49131 0)
(0.0113391 7.48824 0)
(0.0113523 7.48466 0)
(0.0102656 7.48161 0)
(0.00869881 7.47942 0)
(0.00699873 7.4779 0)
(0.00537809 7.4769 0)
(0.00389205 7.47627 0)
(0.0026021 7.47589 0)
(0.00150086 7.4746 0)
(0.000535687 7.42045 0)
(9.70904e-06 6.13725 0)
(2.77453e-05 6.14251 0)
(0.000444791 7.43834 0)
(0.00119092 7.49415 0)
(0.0020522 7.49505 0)
(0.00304762 7.49479 0)
(0.00419971 7.49433 0)
(0.00548535 7.49358 0)
(0.00683073 7.49242 0)
(0.00810762 7.49072 0)
(0.00899176 7.4883 0)
(0.00897487 7.48547 0)
(0.00805209 7.48303 0)
(0.00673824 7.48132 0)
(0.00539149 7.48016 0)
(0.00408882 7.47942 0)
(0.00295317 7.47896 0)
(0.00196466 7.47869 0)
(0.00112534 7.47746 0)
(0.000384778 7.42318 0)
(-8.47845e-06 6.13815 0)
(1.96932e-05 6.14146 0)
(0.000326984 7.436 0)
(0.000899488 7.49156 0)
(0.00155945 7.49255 0)
(0.00232566 7.49235 0)
(0.00321592 7.492 0)
(0.00421031 7.49142 0)
(0.00526195 7.49053 0)
(0.00624071 7.48922 0)
(0.00691014 7.48738 0)
(0.00687548 7.48524 0)
(0.00620269 7.48343 0)
(0.00526018 7.48214 0)
(0.00422593 7.48124 0)
(0.00325742 7.48066 0)
(0.00235595 7.48029 0)
(0.00157895 7.48007 0)
(0.000920898 7.47884 0)
(0.000333248 7.42446 0)
(1.08757e-05 6.13838 0)
(4.53434e-05 6.14118 0)
(0.000335174 7.43514 0)
(0.000814893 7.49058 0)
(0.00137403 7.49161 0)
(0.00203287 7.49145 0)
(0.00279514 7.49116 0)
(0.00363878 7.49069 0)
(0.00450048 7.49 0)
(0.00534543 7.48899 0)
(0.00594102 7.48758 0)
(0.00599515 7.48593 0)
(0.00543365 7.4845 0)
(0.00456985 7.48346 0)
(0.00366543 7.48275 0)
(0.00280644 7.4823 0)
(0.00204084 7.48202 0)
(0.00137403 7.48185 0)
(0.00079735 7.48067 0)
(0.000292757 7.42622 0)
(1.26085e-05 6.13904 0)
(7.37165e-06 6.14038 0)
(0.000234534 7.43353 0)
(0.000620311 7.48881 0)
(0.0010848 7.48989 0)
(0.00161315 7.48977 0)
(0.0022109 7.48957 0)
(0.00287145 7.48926 0)
(0.00359683 7.48875 0)
(0.00423081 7.48802 0)
(0.00468872 7.48697 0)
(0.00468826 7.48573 0)
(0.00422004 7.48468 0)
(0.0035601 7.48397 0)
(0.0028724 7.48352 0)
(0.00219527 7.48325 0)
(0.00160243 7.48309 0)
(0.0010703 7.48298 0)
(0.000625861 7.48178 0)
(0.000244729 7.42724 0)
(2.04095e-05 6.13937 0)
(-1.17167e-05 6.14033 0)
(0.000117713 7.43278 0)
(0.000432398 7.48791 0)
(0.00079739 7.48903 0)
(0.00122328 7.48898 0)
(0.00171754 7.48885 0)
(0.00227719 7.48863 0)
(0.00286651 7.48828 0)
(0.00345467 7.48774 0)
(0.00387036 7.48697 0)
(0.00388814 7.48607 0)
(0.00351701 7.48534 0)
(0.00297524 7.48483 0)
(0.0024006 7.48448 0)
(0.00184198 7.48426 0)
(0.00134587 7.48412 0)
(0.000930062 7.48402 0)
(0.000559362 7.4829 0)
(0.000206391 7.42836 0)
(3.14582e-06 6.13986 0)
(9.81889e-06 6.14036 0)
(0.000152279 7.43251 0)
(0.000393513 7.4876 0)
(0.000659555 7.48872 0)
(0.000976886 7.4887 0)
(0.00134436 7.4886 0)
(0.0017542 7.48843 0)
(0.00217128 7.48817 0)
(0.00259359 7.48778 0)
(0.00289911 7.48723 0)
(0.00292411 7.48664 0)
(0.00267111 7.48618 0)
(0.00227465 7.48586 0)
(0.00185424 7.48565 0)
(0.00142114 7.48551 0)
(0.00102657 7.48541 0)
(0.000675525 7.48534 0)
(0.000380778 7.48419 0)
(0.000128914 7.42956 0)
(9.0877e-06 6.1404 0)
(2.25307e-05 6.13965 0)
(0.000157911 7.43146 0)
(0.000360048 7.48645 0)
(0.000589677 7.48757 0)
(0.000873672 7.48754 0)
(0.00120595 7.48747 0)
(0.00157249 7.48738 0)
(0.00194037 7.48722 0)
(0.00230567 7.48698 0)
(0.00258955 7.48666 0)
(0.00264256 7.48631 0)
(0.00242832 7.48601 0)
(0.00209349 7.48582 0)
(0.0016963 7.4857 0)
(0.00132391 7.48564 0)
(0.000969885 7.48562 0)
(0.000652424 7.4856 0)
(0.00039271 7.48447 0)
(0.000178083 7.42982 0)
(3.61457e-05 6.14034 0)
(-1.76551 4.52625 -1.24371e-21)
(1.59096 5.30377 8.99913e-18)
(0.521598 4.77927 -7.6655e-18)
(1.11834 4.41039 0)
(1.08565 3.96793 0)
(1.14665 3.57144 -1.17441e-17)
(1.07256 3.27958 1.18058e-17)
(0.87861 2.94331 -1.26787e-17)
(0.903952 2.63596 2.06636e-19)
(0.0234244 2.18195 1.32885e-17)
(-0.323776 4.84596 -1.70889e-21)
(0.824646 4.40139 1.09401e-18)
(0.263706 4.04764 0)
(0.634659 3.87847 0)
(0.5678 3.56999 3.6234e-19)
(0.59168 3.3931 2.34831e-17)
(0.572273 3.14669 -1.2288e-17)
(0.400356 3.01532 -1.97876e-19)
(0.488732 2.81603 2.06152e-19)
(-0.123402 2.44258 0)
(-0.299135 3.75478 9.68935e-18)
(0.605031 3.90548 -9.79418e-18)
(0.281596 3.67024 0)
(0.544498 3.52086 1.10635e-17)
(0.440507 3.29049 -8.79886e-21)
(0.424231 3.14866 -1.15429e-17)
(0.399919 3.01027 -1.25898e-17)
(0.173242 2.92299 -2.20601e-21)
(0.298487 2.85302 2.0548e-19)
(-0.157006 2.56977 0)
(-0.27277 3.38995 -4.73955e-18)
(0.412177 3.54588 0)
(0.0378289 3.43397 -5.61843e-18)
(0.307832 3.36729 -5.51891e-18)
(0.204141 3.23147 3.71913e-19)
(0.2079 3.1447 -6.40957e-18)
(0.236317 3.05788 6.15238e-18)
(0.0325965 3.00288 -1.93742e-19)
(0.204384 2.97541 3.1068e-19)
(-0.160581 2.64244 6.45651e-18)
(-0.207901 3.08519 -5.38747e-18)
(0.317145 3.3506 0)
(0.0199093 3.25033 1.14621e-17)
(0.263838 3.1963 -6.21431e-18)
(0.133984 3.10335 -3.10846e-21)
(0.127728 3.07248 3.35099e-19)
(0.151195 3.01375 -1.19515e-20)
(-0.0241361 3.00923 -6.33066e-18)
(0.140871 3.00443 2.1056e-19)
(-0.141725 2.68198 -1.32951e-17)
(-0.175419 2.92473 0)
(0.231585 3.18895 -5.69287e-18)
(-0.0479473 3.17483 -1.09763e-19)
(0.15779 3.14824 -3.78745e-19)
(0.036659 3.09674 3.6958e-19)
(0.0640604 3.08275 5.93675e-18)
(0.0843615 3.0549 6.38019e-18)
(-0.0411318 3.03198 1.25275e-17)
(0.103767 3.04555 6.9773e-18)
(-0.123675 2.70115 -1.23731e-21)
(-0.140549 2.83388 0)
(0.175809 3.11024 5.86968e-18)
(-0.0633738 3.12796 -5.86059e-18)
(0.121684 3.09006 -3.81712e-19)
(0.00528293 3.07355 7.1782e-19)
(0.0422537 3.06103 8.38794e-22)
(0.0478559 3.05409 -3.924e-19)
(-0.0364495 3.04452 -6.7092e-18)
(0.0811585 3.06099 -6.77142e-18)
(-0.104481 2.70914 -7.73603e-21)
(-0.115088 2.78246 5.83644e-18)
(0.13361 3.06613 -2.78116e-19)
(-0.0717808 3.10887 1.87649e-19)
(0.0886497 3.07484 0)
(-0.0143743 3.07951 0)
(0.0273607 3.06355 0)
(0.0308293 3.07079 0)
(-0.0311096 3.05291 6.74287e-18)
(0.0630036 3.0792 -6.81112e-18)
(-0.0882871 2.71569 6.99283e-18)
(-0.0920146 2.7505 1.24151e-19)
(0.101634 3.05186 5.87646e-18)
(-0.0627702 3.09428 0)
(0.068294 3.05913 -3.86528e-19)
(-0.0173266 3.07741 3.51306e-19)
(0.0214377 3.05981 0)
(0.02462 3.07349 -1.79892e-19)
(-0.0243475 3.05863 -6.54782e-18)
(0.0525868 3.08398 6.80764e-18)
(-0.0686457 2.71535 0)
(-0.0708558 2.72612 -5.96557e-20)
(0.0777584 3.02717 -8.46423e-18)
(-0.0453398 3.07572 0)
(0.0530469 3.04598 0)
(-0.0102727 3.06803 3.52553e-19)
(0.0195051 3.0537 -2.90514e-18)
(0.0227763 3.07201 -3.80175e-19)
(-0.015156 3.05656 3.40168e-18)
(0.0456353 3.08213 0)
(-0.0423259 2.72031 0)
(-0.0580826 2.71283 -8.12685e-18)
(0.0610091 3.00969 2.84777e-18)
(-0.0373299 3.06867 0)
(0.0451538 3.0395 0)
(-0.00685949 3.06764 0)
(0.0177685 3.05262 5.82099e-18)
(0.0207754 3.07618 0)
(-0.0055678 3.06823 -3.37597e-18)
(0.0409832 3.09203 2.00044e-19)
(-0.0193338 2.76091 3.41439e-18)
(-0.042648 2.73371 2.9314e-18)
(0.0283263 3.03214 -2.57753e-19)
(-0.0277522 3.0796 2.83504e-18)
(0.0179492 3.06097 2.86259e-18)
(-0.00509974 3.08231 0)
(0.00581169 3.07517 -2.91033e-18)
(0.018485 3.09418 0)
(-0.00567703 3.08623 0)
(0.0375816 3.10925 0)
(-0.012485 2.81094 -3.21571e-18)
(-0.0453513 2.78611 -2.75366e-18)
(0.0148828 3.04605 2.66418e-18)
(-0.032502 3.08508 -2.79255e-18)
(0.00633452 3.06946 -4.2894e-18)
(-0.0117861 3.08353 0)
(-0.00168044 3.07841 3.73962e-19)
(0.00893719 3.09041 -2.04166e-19)
(-0.00725503 3.08691 1.37702e-18)
(0.0322604 3.10604 1.84601e-18)
(-0.00495416 2.83633 -1.68314e-18)
(-0.0349036 2.79597 2.67639e-18)
(-0.0201154 3.0126 -2.5649e-18)
(-0.0289496 3.02524 1.77508e-19)
(-0.0268702 3.01729 1.07679e-18)
(-0.0199446 3.01562 -1.4891e-18)
(-0.0157638 3.01742 0)
(-0.0069967 3.02128 1.56318e-18)
(0.000337553 3.0256 9.53857e-21)
(0.0214 3.03752 -3.35176e-18)
(0.012089 2.84815 -1.05358e-20)
(-0.0341167 2.80016 -6.78791e-19)
(-0.0335911 2.98184 1.72276e-19)
(-0.0308115 2.98827 -8.92027e-19)
(-0.0235221 2.98569 3.62986e-19)
(-0.016543 2.98622 1.86113e-18)
(-0.00796325 2.98912 -7.16228e-19)
(0.00324863 2.99408 -7.3362e-19)
(0.00964594 3.00027 -7.59727e-19)
(0.0339578 3.00973 1.71444e-18)
(0.0212853 2.85725 9.14735e-19)
(-0.0206427 2.90881 5.85741e-19)
(-0.0339559 2.98244 2.5785e-19)
(-0.0218256 2.98267 5.27025e-19)
(-0.0129641 2.9831 -1.08404e-18)
(-0.00462752 2.98382 3.70933e-19)
(0.00173546 2.98614 7.04056e-19)
(0.00775416 2.98941 -7.21437e-19)
(0.0125204 2.9933 -7.39318e-19)
(0.0260626 2.99609 1.03285e-19)
(0.0178935 2.95011 7.40083e-19)
)
;

boundaryField
{
    wall-4
    {
        type            noSlip;
    }
    pressure-outlet-7
    {
        type            zeroGradient;
    }
    velocity-inlet-6
    {
        type            fixedValue;
        value           uniform (0 3 0);
    }
    velocity-inlet-5
    {
        type            parabolicVelocity;
        maxValue        10;
        n               (1 0 0);
        y               (0 1 0);
        value           nonuniform List<vector> 
20
(
(0.381518 0 0)
(1.19474 0 0)
(2.1232 0 0)
(3.16908 0 0)
(4.32585 0 0)
(5.57242 0 0)
(6.86447 0 0)
(8.12141 0 0)
(9.20707 0 0)
(9.90123 0 0)
(9.90123 0 0)
(9.20707 0 0)
(8.12141 0 0)
(6.86447 0 0)
(5.57242 0 0)
(4.32585 0 0)
(3.16908 0 0)
(2.1232 0 0)
(1.19474 0 0)
(0.381518 0 0)
)
;
    }
    frontAndBackPlanes
    {
        type            empty;
    }
}


// ************************************************************************* //
