/*--------------------------------*- C++ -*----------------------------------*\
| =========                 |                                                 |
| \\      /  F ield         | OpenFOAM: The Open Source CFD Toolbox           |
|  \\    /   O peration     | Version:  2412                                  |
|   \\  /    A nd           | Website:  www.openfoam.com                      |
|    \\/     M anipulation  |                                                 |
\*---------------------------------------------------------------------------*/
FoamFile
{
    version     2.0;
    format      ascii;
    arch        "LSB;label=32;scalar=64";
    class       volVectorField;
    location    "2.5";
    object      U;
}
// * * * * * * * * * * * * * * * * * * * * * * * * * * * * * * * * * * * * * //

dimensions      [0 1 -1 0 0 0 0];

internalField   nonuniform List<vector> 
2200
(
(0.360217 0.00436816 0)
(1.17916 -0.00563133 0)
(2.11669 -0.000267599 0)
(3.16775 0.00067477 0)
(4.32609 0.00274006 0)
(5.57227 0.00404053 0)
(6.86479 0.00383839 0)
(8.11985 0.00335702 0)
(9.20552 0.00298398 0)
(9.9007 0.00219491 0)
(9.90021 0.000142719 0)
(9.20599 -0.00158856 0)
(8.11979 -0.0021072 0)
(6.8645 -0.0029028 0)
(5.57239 -0.00265356 0)
(4.3257 -0.00198535 0)
(3.16758 -0.000328786 0)
(2.11655 0.00103639 0)
(1.17871 0.00623808 0)
(0.359426 -0.0043582 0)
(0.377123 0.0129673 0)
(1.16316 0.0114416 0)
(2.11418 0.00755367 0)
(3.16147 0.010683 0)
(4.32228 0.011673 0)
(5.56882 0.0146876 0)
(6.85897 0.0173364 0)
(8.11856 0.0172746 0)
(9.20402 0.0164228 0)
(9.89531 0.0100591 0)
(9.89484 -0.00206827 0)
(9.20248 -0.0104283 0)
(8.11797 -0.0124578 0)
(6.85894 -0.0124401 0)
(5.56804 -0.0110086 0)
(4.32144 -0.00905944 0)
(3.16073 -0.00859509 0)
(2.11195 -0.00673851 0)
(1.16077 -0.0107746 0)
(0.37539 -0.0128294 0)
(0.446819 0.0198526 0)
(1.17379 0.0396934 0)
(2.12418 0.0282646 0)
(3.16311 0.0321057 0)
(4.31882 0.0346806 0)
(5.56787 0.0294768 0)
(6.85274 0.0309781 0)
(8.10299 0.0297577 0)
(9.18744 0.0254684 0)
(9.87917 0.0144916 0)
(9.88029 -0.00301124 0)
(9.18728 -0.0153165 0)
(8.10293 -0.0213373 0)
(6.85113 -0.0237547 0)
(5.56513 -0.0241728 0)
(4.31623 -0.0294333 0)
(3.15956 -0.0291089 0)
(2.12051 -0.0259978 0)
(1.16983 -0.0391116 0)
(0.442864 -0.0196001 0)
(0.576953 0.0189701 0)
(1.21519 0.0610323 0)
(2.11801 0.061008 0)
(3.19172 0.0540037 0)
(4.33012 0.065847 0)
(5.56738 0.0626964 0)
(6.85656 0.0567841 0)
(8.10093 0.0491256 0)
(9.17783 0.0378319 0)
(9.85996 0.0166603 0)
(9.86073 -0.00261168 0)
(9.1752 -0.0239886 0)
(8.09722 -0.0361284 0)
(6.85169 -0.0467 0)
(5.56198 -0.0548544 0)
(4.32442 -0.0596272 0)
(3.18548 -0.0485432 0)
(2.10963 -0.0583964 0)
(1.20813 -0.0592106 0)
(0.572842 -0.0182725 0)
(0.72454 0.0132616 0)
(1.32101 0.07037 0)
(2.10485 0.087819 0)
(3.20709 0.0681672 0)
(4.37404 0.0828113 0)
(5.5834 0.102823 0)
(6.85247 0.0938102 0)
(8.0873 0.080238 0)
(9.15838 0.0602713 0)
(9.83323 0.0287854 0)
(9.83311 -0.0103749 0)
(9.15321 -0.0435684 0)
(8.08098 -0.0662006 0)
(6.84414 -0.0815543 0)
(5.57435 -0.0919094 0)
(4.3631 -0.0743688 0)
(3.19257 -0.0628383 0)
(2.09172 -0.0847064 0)
(1.30902 -0.0687987 0)
(0.710737 -0.0130881 0)
(0.875425 0.01524 0)
(1.49726 0.0794007 0)
(2.11223 0.126239 0)
(3.20952 0.102397 0)
(4.4361 0.112375 0)
(5.64341 0.1369 0)
(6.88332 0.137392 0)
(8.09668 0.115622 0)
(9.14484 0.0852171 0)
(9.80102 0.0409239 0)
(9.80077 -0.0182562 0)
(9.13672 -0.063799 0)
(8.08656 -0.0967926 0)
(6.87072 -0.122336 0)
(5.62799 -0.124963 0)
(4.41803 -0.10477 0)
(3.19208 -0.0978737 0)
(2.0949 -0.124063 0)
(1.48293 -0.0790649 0)
(0.866596 -0.0149825 0)
(1.05688 0.0271862 0)
(1.69676 0.0959971 0)
(2.17427 0.178249 0)
(3.21087 0.193814 0)
(4.44794 0.172197 0)
(5.66778 0.169511 0)
(6.90153 0.190183 0)
(8.10372 0.169344 0)
(9.14625 0.125314 0)
(9.77514 0.056583 0)
(9.77398 -0.0296852 0)
(9.13277 -0.101298 0)
(8.08733 -0.146598 0)
(6.8817 -0.172862 0)
(5.64501 -0.157264 0)
(4.42355 -0.163158 0)
(3.18526 -0.188133 0)
(2.15089 -0.174538 0)
(1.67621 -0.09302 0)
(1.03927 -0.0263397 0)
(1.30593 0.0405375 0)
(1.95452 0.113491 0)
(2.3443 0.236263 0)
(3.23284 0.288356 0)
(4.40483 0.277916 0)
(5.6545 0.220548 0)
(6.87428 0.22782 0)
(8.05267 0.21867 0)
(9.1067 0.170074 0)
(9.71917 0.081405 0)
(9.71779 -0.0483606 0)
(9.08898 -0.14168 0)
(8.03274 -0.194863 0)
(6.84826 -0.207808 0)
(5.62568 -0.205925 0)
(4.37367 -0.268239 0)
(3.20115 -0.28306 0)
(2.31684 -0.232882 0)
(1.93137 -0.111501 0)
(1.28353 -0.0399494 0)
(1.62058 0.0501659 0)
(2.27923 0.127508 0)
(2.59486 0.276748 0)
(3.31952 0.360389 0)
(4.37133 0.386826 0)
(5.61643 0.333795 0)
(6.82407 0.270856 0)
(7.96422 0.244098 0)
(9.01305 0.186189 0)
(9.61127 0.0961391 0)
(9.6092 -0.057206 0)
(8.99157 -0.150544 0)
(7.93603 -0.214695 0)
(6.79127 -0.247289 0)
(5.57684 -0.317569 0)
(4.3297 -0.376388 0)
(3.28145 -0.354227 0)
(2.56424 -0.272578 0)
(2.25098 -0.125369 0)
(1.59426 -0.0500854 0)
(1.9777 0.0556905 0)
(2.663 0.139457 0)
(2.91496 0.309023 0)
(3.48785 0.420069 0)
(4.39246 0.489589 0)
(5.57204 0.474947 0)
(6.75035 0.389451 0)
(7.88181 0.303745 0)
(8.8536 0.227678 0)
(9.40817 0.109723 0)
(9.40442 -0.0628508 0)
(8.82663 -0.185515 0)
(7.84359 -0.267762 0)
(6.70699 -0.364085 0)
(5.52091 -0.456683 0)
(4.34111 -0.478137 0)
(3.44225 -0.411907 0)
(2.87649 -0.30335 0)
(2.6269 -0.136795 0)
(1.9444 -0.0540801 0)
(2.36409 0.0576628 0)
(3.09677 0.150742 0)
(3.29717 0.336728 0)
(3.73584 0.474509 0)
(4.4823 0.585585 0)
(5.54327 0.606241 0)
(6.66595 0.552819 0)
(7.8084 0.426379 0)
(8.72431 0.31802 0)
(9.218 0.143768 0)
(9.2128 -0.0897391 0)
(8.69317 -0.269751 0)
(7.75911 -0.385555 0)
(6.60681 -0.523618 0)
(5.47988 -0.584271 0)
(4.42055 -0.570514 0)
(3.68129 -0.462591 0)
(3.25036 -0.329322 0)
(3.05395 -0.146877 0)
(2.32112 -0.0548266 0)
(2.76321 0.0546068 0)
(3.5715 0.154226 0)
(3.73511 0.349485 0)
(4.05756 0.504471 0)
(4.64443 0.652872 0)
(5.54181 0.704933 0)
(6.59237 0.675101 0)
(7.71436 0.553811 0)
(8.63215 0.392215 0)
(9.09764 0.185257 0)
(9.08973 -0.120891 0)
(8.59487 -0.331882 0)
(7.651 -0.50669 0)
(6.51432 -0.639622 0)
(5.46998 -0.679857 0)
(4.57489 -0.633345 0)
(3.99524 -0.491386 0)
(3.67925 -0.339127 0)
(3.51981 -0.148818 0)
(2.70615 -0.0511826 0)
(3.15055 0.0463288 0)
(4.06715 0.150051 0)
(4.20424 0.341977 0)
(4.43234 0.508436 0)
(4.8723 0.678725 0)
(5.58547 0.770999 0)
(6.52471 0.761094 0)
(7.55547 0.65695 0)
(8.46394 0.428637 0)
(8.91604 0.21867 0)
(8.90224 -0.138202 0)
(8.41299 -0.356415 0)
(7.47042 -0.599302 0)
(6.42931 -0.713913 0)
(5.49978 -0.737348 0)
(4.78829 -0.653143 0)
(4.3585 -0.489094 0)
(4.1377 -0.328487 0)
(4.00093 -0.140862 0)
(3.06992 -0.0431569 0)
(3.49697 0.0367419 0)
(4.55201 0.134556 0)
(4.68067 0.320541 0)
(4.8353 0.483893 0)
(5.15104 0.665223 0)
(5.6935 0.796972 0)
(6.4805 0.821086 0)
(7.35474 0.740776 0)
(8.19806 0.4724 0)
(8.63255 0.244455 0)
(8.61451 -0.146304 0)
(8.13387 -0.388288 0)
(7.25715 -0.668226 0)
(6.36576 -0.757643 0)
(5.57832 -0.750139 0)
(5.05236 -0.628717 0)
(4.74559 -0.458108 0)
(4.59617 -0.299219 0)
(4.46685 -0.124824 0)
(3.39212 -0.0323862 0)
(3.79423 0.0261372 0)
(5.01345 0.120426 0)
(5.13492 0.285112 0)
(5.23822 0.448169 0)
(5.46052 0.623059 0)
(5.8539 0.774924 0)
(6.47535 0.837244 0)
(7.18881 0.778349 0)
(7.92354 0.531821 0)
(8.33784 0.264695 0)
(8.31468 -0.146932 0)
(7.84068 -0.429239 0)
(7.07404 -0.690485 0)
(6.34387 -0.762112 0)
(5.72221 -0.709537 0)
(5.33885 -0.570052 0)
(5.12365 -0.406085 0)
(5.02414 -0.25762 0)
(4.89045 -0.103409 0)
(3.64869 -0.0166395 0)
(4.03044 0.0189065 0)
(5.41695 0.0951352 0)
(5.55571 0.24451 0)
(5.62319 0.387787 0)
(5.77805 0.553145 0)
(6.05327 0.69996 0)
(6.49486 0.813505 0)
(7.07333 0.756848 0)
(7.68865 0.569275 0)
(8.06943 0.279345 0)
(8.03686 -0.129985 0)
(7.58426 -0.437394 0)
(6.93656 -0.645814 0)
(6.34963 -0.720651 0)
(5.90038 -0.617819 0)
(5.62891 -0.489554 0)
(5.47499 -0.340415 0)
(5.40715 -0.207896 0)
(5.27024 -0.0773921 0)
(3.82473 -0.00444478 0)
(4.21936 0.00942456 0)
(5.78355 0.0824765 0)
(5.91929 0.19847 0)
(5.9642 0.32415 0)
(6.07177 0.467877 0)
(6.26272 0.596803 0)
(6.56858 0.711818 0)
(6.99755 0.697719 0)
(7.48425 0.563407 0)
(7.80925 0.283638 0)
(7.76358 -0.0940455 0)
(7.36009 -0.390707 0)
(6.8318 -0.548087 0)
(6.39192 -0.58169 0)
(6.07588 -0.49058 0)
(5.88375 -0.381516 0)
(5.77659 -0.25962 0)
(5.72855 -0.153322 0)
(5.58063 -0.0497283 0)
(3.9362 0.00229512 0)
(4.351 0.00816953 0)
(6.06008 0.0580128 0)
(6.2202 0.157428 0)
(6.24995 0.261961 0)
(6.32273 0.382437 0)
(6.44983 0.496395 0)
(6.65657 0.60063 0)
(6.95591 0.621235 0)
(7.30998 0.526207 0)
(7.55689 0.284497 0)
(7.50138 -0.0416293 0)
(7.16514 -0.30114 0)
(6.75661 -0.416793 0)
(6.43905 -0.426718 0)
(6.21921 -0.359623 0)
(6.08445 -0.276665 0)
(6.00936 -0.183798 0)
(5.97337 -0.105309 0)
(5.8084 -0.02797 0)
(3.98813 0.00703741 0)
(4.47323 0.00603438 0)
(6.31497 0.0594796 0)
(6.46779 0.133642 0)
(6.48951 0.216537 0)
(6.53351 0.314438 0)
(6.61515 0.412711 0)
(6.74763 0.497873 0)
(6.94531 0.538543 0)
(7.17857 0.473013 0)
(7.34821 0.283789 0)
(7.28459 0.020477 0)
(7.01378 -0.190577 0)
(6.7076 -0.27637 0)
(6.47917 -0.281357 0)
(6.32321 -0.234972 0)
(6.22746 -0.175695 0)
(6.17375 -0.114595 0)
(6.14467 -0.059679 0)
(5.96183 -0.0111336 0)
(3.99637 0.00811157 0)
(4.56979 0.00880775 0)
(6.4892 0.0412032 0)
(6.66575 0.106651 0)
(6.68048 0.181355 0)
(6.70812 0.266246 0)
(6.75804 0.348085 0)
(6.83507 0.424549 0)
(6.95099 0.47184 0)
(7.08903 0.437687 0)
(7.18905 0.299226 0)
(7.11205 0.0957454 0)
(6.89326 -0.0688696 0)
(6.66408 -0.136433 0)
(6.49738 -0.147412 0)
(6.38404 -0.124942 0)
(6.31398 -0.0911738 0)
(6.27544 -0.0559693 0)
(6.25157 -0.0287882 0)
(6.04453 0.00167692 0)
(3.99059 0.00598625 0)
(4.68729 0.0136681 0)
(6.6764 0.0580164 0)
(6.84568 0.109223 0)
(6.8534 0.169852 0)
(6.86374 0.233691 0)
(6.88499 0.315172 0)
(6.92207 0.383173 0)
(6.97417 0.433322 0)
(7.0361 0.433632 0)
(7.07383 0.332096 0)
(6.98358 0.177698 0)
(6.80139 0.0497585 0)
(6.62725 -0.00985476 0)
(6.50174 -0.0317195 0)
(6.41626 -0.0295342 0)
(6.36194 -0.01873 0)
(6.32858 -0.00217211 0)
(6.29735 0.0100696 0)
(6.0565 0.0151087 0)
(3.9653 0.007112 0)
(4.8298 0.0165863 0)
(6.81761 0.0468227 0)
(6.99851 0.103891 0)
(7.00573 0.164625 0)
(7.00283 0.239171 0)
(7.00474 0.310064 0)
(7.00813 0.380141 0)
(7.00737 0.43183 0)
(7.01215 0.454853 0)
(6.98712 0.389202 0)
(6.8833 0.269184 0)
(6.72096 0.167555 0)
(6.57996 0.107576 0)
(6.47775 0.0730034 0)
(6.40761 0.054617 0)
(6.36347 0.043659 0)
(6.33357 0.033682 0)
(6.29339 0.0277925 0)
(6.04259 0.0183613 0)
(3.89726 0.0148189 0)
(4.97135 0.0253949 0)
(7.00073 0.0777439 0)
(7.16942 0.125261 0)
(7.1605 0.193015 0)
(7.14321 0.255605 0)
(7.11989 0.333951 0)
(7.09067 0.411462 0)
(7.04912 0.46493 0)
(7.00543 0.496432 0)
(6.92144 0.468364 0)
(6.79982 0.366915 0)
(6.64676 0.281962 0)
(6.52337 0.215578 0)
(6.43273 0.167617 0)
(6.36959 0.129698 0)
(6.32682 0.0992045 0)
(6.30096 0.0796898 0)
(6.2688 0.0592335 0)
(6.00158 0.0434884 0)
(3.81639 0.0204615 0)
(5.24296 0.0389462 0)
(7.17492 0.0885757 0)
(7.33985 0.16234 0)
(7.32705 0.235304 0)
(7.29106 0.321359 0)
(7.2391 0.407126 0)
(7.17559 0.485916 0)
(7.09709 0.542407 0)
(7.01593 0.578863 0)
(6.87544 0.568905 0)
(6.73055 0.477187 0)
(6.57747 0.399168 0)
(6.45807 0.324678 0)
(6.3686 0.265046 0)
(6.30543 0.214182 0)
(6.26119 0.167759 0)
(6.2305 0.122475 0)
(6.19336 0.0885117 0)
(5.89242 0.0522179 0)
(3.65057 0.0279346 0)
(5.4871 0.062238 0)
(7.42445 0.151056 0)
(7.55621 0.225211 0)
(7.5141 0.329956 0)
(7.44514 0.429854 0)
(7.36212 0.523284 0)
(7.26107 0.608258 0)
(7.14543 0.665705 0)
(7.02916 0.701315 0)
(6.8349 0.688871 0)
(6.66292 0.603074 0)
(6.50278 0.522163 0)
(6.3798 0.4376 0)
(6.28763 0.364268 0)
(6.22065 0.296392 0)
(6.17278 0.237461 0)
(6.13935 0.188477 0)
(6.09694 0.132783 0)
(5.78656 0.0898011 0)
(3.5131 0.0347234 0)
(6.20157 0.133691 0)
(7.70588 0.22886 0)
(7.80657 0.357991 0)
(7.72081 0.494504 0)
(7.61468 0.605972 2.85701e-33)
(7.48652 0.705442 -1.96528e-33)
(7.34256 0.785871 0)
(7.18958 0.837708 0)
(7.03397 0.859101 0)
(6.79138 0.833768 0)
(6.5957 0.746861 0)
(6.42443 0.65409 0)
(6.29276 0.558317 0)
(6.19373 0.474057 0)
(6.11944 0.396333 0)
(6.06278 0.322619 0)
(6.01876 0.252632 0)
(5.95634 0.193672 0)
(5.53754 0.117463 0)
(3.15112 0.0557472 0)
(6.66236 0.28752 -3.24565e-19)
(8.09045 0.391899 2.83355e-19)
(8.06771 0.598263 0)
(7.92293 0.759128 3.39609e-20)
(7.76759 0.867324 -2.73564e-20)
(7.6001 0.950024 2.0842e-33)
(7.41483 1.01944 0)
(7.22643 1.05689 1.94911e-19)
(7.02532 1.05982 -6.98102e-19)
(6.74174 1.01847 1.53187e-19)
(6.51758 0.926804 0)
(6.32475 0.821519 -5.00699e-19)
(6.17572 0.716978 -6.27439e-19)
(6.06081 0.620575 1.10392e-18)
(5.97136 0.532694 -8.88259e-19)
(5.90186 0.455807 0)
(5.84072 0.381427 -3.44046e-19)
(5.73521 0.282561 0)
(5.21411 0.217223 -1.81107e-18)
(2.86053 0.115258 2.1351e-18)
(6.9739 0.628435 -9.39593e-20)
(8.34011 0.802261 -2.08178e-18)
(8.28468 0.977303 5.4487e-19)
(8.09328 1.08799 6.6976e-19)
(7.90425 1.1608 -5.55355e-20)
(7.69308 1.2377 1.28912e-19)
(7.47092 1.29306 0)
(7.24269 1.31829 0)
(6.99436 1.30515 1.11279e-18)
(6.67708 1.24899 0)
(6.4181 1.15139 1.74667e-18)
(6.19734 1.03659 5.45203e-19)
(6.02658 0.928074 1.69931e-20)
(5.89157 0.829492 -1.25723e-18)
(5.78103 0.738804 0)
(5.68927 0.66076 0)
(5.60949 0.60579 -5.94362e-18)
(5.49004 0.553626 1.50911e-17)
(5.01285 0.432617 -8.53142e-18)
(2.73225 0.256353 -1.04571e-17)
(7.12748 0.996445 2.68224e-18)
(8.53144 1.34739 -9.5698e-19)
(8.46038 1.44266 -2.40211e-19)
(8.24697 1.45924 -1.21429e-18)
(8.01251 1.51133 5.54398e-19)
(7.76354 1.56171 -1.85986e-19)
(7.50579 1.59148 2.23694e-19)
(7.23564 1.60114 0)
(6.94879 1.56793 -2.32869e-18)
(6.60648 1.49537 2.55833e-18)
(6.31552 1.38722 -4.77869e-18)
(6.06937 1.26376 2.32732e-18)
(5.87742 1.15317 -1.72044e-18)
(5.72328 1.05845 3.76561e-18)
(5.5957 0.978431 0)
(5.48688 0.903817 -1.48512e-18)
(5.39129 0.841835 0)
(5.2707 0.82535 8.65344e-18)
(4.86082 0.675322 -2.02382e-17)
(2.71129 0.404537 1.30007e-17)
(7.17615 1.23938 -1.29314e-17)
(8.62576 1.91136 6.42313e-18)
(8.57269 1.88272 9.2851e-19)
(8.33677 1.87373 0)
(8.08105 1.89413 5.91709e-19)
(7.80656 1.91041 -6.13512e-19)
(7.51616 1.91283 -2.68382e-19)
(7.21225 1.89932 0)
(6.89503 1.84196 1.64922e-18)
(6.52984 1.75066 -1.75943e-18)
(6.20896 1.62915 4.19846e-18)
(5.93972 1.49916 0)
(5.7292 1.38743 -3.61666e-18)
(5.56074 1.29343 1.99522e-18)
(5.42496 1.21869 5.42812e-18)
(5.31391 1.15382 -4.77017e-18)
(5.21699 1.08058 7.96299e-18)
(5.10385 1.04477 -1.77898e-17)
(4.74011 0.92314 1.13342e-17)
(2.76615 0.539782 -1.44137e-17)
(7.14614 1.57251 8.70369e-18)
(8.65709 2.37853 -7.13014e-18)
(8.63433 2.30723 2.83807e-18)
(8.38458 2.28587 -3.87234e-18)
(8.11308 2.28065 2.50693e-18)
(7.81648 2.26902 -3.56625e-19)
(7.5015 2.2424 1.20818e-19)
(7.17317 2.2015 -1.18878e-18)
(6.83054 2.1195 -1.6803e-18)
(6.44496 2.00988 -3.80389e-18)
(6.09995 1.87406 -9.05939e-18)
(5.81461 1.73583 -3.03212e-18)
(5.59485 1.61966 1.19978e-19)
(5.42246 1.52064 -7.14517e-18)
(5.28748 1.44021 -2.56489e-19)
(5.17958 1.38061 6.97577e-18)
(5.0886 1.3131 -2.16712e-18)
(4.97611 1.25395 -1.28466e-18)
(4.6586 1.15099 0)
(2.81531 0.685039 3.06229e-17)
(7.14016 1.85257 0)
(8.64641 2.85299 1.94675e-18)
(8.64822 2.71302 0)
(8.3861 2.69135 -4.70688e-19)
(8.1026 2.67092 -3.03231e-18)
(7.79392 2.62825 5.40493e-19)
(7.46434 2.57122 1.78307e-19)
(7.11926 2.50152 2.11343e-18)
(6.7561 2.39747 -1.01293e-18)
(6.35506 2.26913 1.68516e-18)
(5.99378 2.11466 4.88688e-18)
(5.69997 1.96396 6.70973e-18)
(5.47761 1.84047 -4.17453e-18)
(5.30532 1.73539 7.72635e-18)
(5.1694 1.64641 -6.19944e-18)
(5.06208 1.58171 0)
(4.97423 1.53876 -1.66099e-17)
(4.87504 1.45519 2.23309e-17)
(4.58642 1.38443 1.70678e-18)
(2.83897 0.818498 -3.22471e-17)
(7.02852 2.11102 -8.75487e-19)
(8.58123 3.21572 -5.70488e-18)
(8.61939 3.0406 -1.52558e-17)
(8.33261 3.07693 8.27239e-18)
(8.04766 3.03878 -1.64544e-18)
(7.73986 2.97306 8.55452e-19)
(7.40671 2.89021 -3.12418e-20)
(7.05139 2.79517 -2.69626e-19)
(6.67354 2.6701 -3.63849e-18)
(6.26337 2.52039 2.52113e-20)
(5.89265 2.34604 -5.30412e-18)
(5.59411 2.18267 -7.10671e-18)
(5.37035 2.05054 4.68897e-18)
(5.19818 1.94152 -2.77046e-18)
(5.06385 1.84927 6.72044e-18)
(4.95631 1.7761 0)
(4.86151 1.74128 -1.02561e-17)
(4.75914 1.64257 1.51731e-17)
(4.49034 1.57493 2.95967e-17)
(2.80769 0.956722 -3.40938e-17)
(6.92141 2.42119 -2.69465e-17)
(8.51813 3.60037 1.31272e-17)
(8.56865 3.38305 9.58624e-18)
(8.24639 3.42632 -8.69879e-18)
(7.96404 3.37163 5.03273e-19)
(7.66429 3.28784 2.12533e-18)
(7.33227 3.19016 -2.72716e-19)
(6.97225 3.07596 -8.58214e-19)
(6.58607 2.93218 -2.26765e-18)
(6.17123 2.76255 3.82808e-18)
(5.79169 2.57028 5.04921e-18)
(5.48527 2.39298 1.11529e-17)
(5.25506 2.24989 0)
(5.07701 2.13339 2.08807e-19)
(4.93429 2.03323 -1.86306e-17)
(4.82509 1.94648 4.26531e-18)
(4.73799 1.92387 2.19343e-17)
(4.66751 1.8273 -6.35445e-18)
(4.41498 1.74599 1.42291e-17)
(2.74996 1.06855 -9.46116e-19)
(6.82881 2.64862 9.75264e-19)
(8.42883 3.96214 1.19592e-17)
(8.47496 3.69772 6.94179e-18)
(8.12944 3.77465 -1.46858e-17)
(7.87163 3.67436 8.9621e-18)
(7.57777 3.57561 -2.53774e-18)
(7.24596 3.46798 2.09157e-19)
(6.88369 3.33997 2.02897e-18)
(6.49222 3.18113 4.04671e-18)
(6.07337 2.99376 -4.88073e-18)
(5.68438 2.78369 0)
(5.37114 2.59146 -4.37822e-18)
(5.13927 2.43606 5.02265e-18)
(4.96535 2.31313 6.76417e-18)
(4.83553 2.21411 -3.87057e-18)
(4.73294 2.12518 -9.82166e-18)
(4.6329 2.09423 -2.98641e-18)
(4.53147 1.97268 -3.95894e-20)
(4.29404 1.89406 0)
(2.69284 1.1542 0)
(6.66226 2.85321 -1.29024e-17)
(8.31224 4.22706 0)
(8.36967 4.00196 7.6711e-18)
(8.0208 4.07761 -3.5887e-18)
(7.77912 3.94985 -8.8588e-18)
(7.48658 3.84303 2.50437e-18)
(7.15247 3.72657 1.32107e-19)
(6.78717 3.58633 -1.11827e-18)
(6.39166 3.41457 2.77874e-18)
(5.97045 3.2115 -1.96756e-18)
(5.57353 2.98653 2.84869e-18)
(5.253 2.78161 1.36331e-17)
(5.01354 2.61523 5.17818e-19)
(4.82809 2.48213 -6.87486e-18)
(4.67906 2.36911 1.3305e-17)
(4.57699 2.25303 1.88227e-19)
(4.49614 2.22769 3.19642e-18)
(4.45408 2.11969 -1.56781e-17)
(4.21788 2.05325 1.61392e-17)
(2.63435 1.22799 -1.69348e-17)
(6.57705 3.10223 4.48806e-21)
(8.20075 4.60967 0)
(8.26343 4.29378 0)
(7.91196 4.36838 3.06533e-18)
(7.68752 4.20502 3.46498e-18)
(7.39231 4.09209 -1.78678e-18)
(7.05362 3.96799 6.91364e-19)
(6.68532 3.81615 0)
(6.28827 3.63273 -4.39067e-18)
(5.86598 3.41675 7.17165e-18)
(5.46174 3.18015 8.58302e-18)
(5.13649 2.96265 -5.12716e-18)
(4.89981 2.78238 -6.41593e-18)
(4.73007 2.63775 1.51459e-17)
(4.61 2.52528 -4.69911e-18)
(4.50876 2.42625 -5.72077e-18)
(4.40173 2.40026 -3.49904e-18)
(4.3088 2.24773 -1.69579e-17)
(4.0729 2.16095 2.24539e-18)
(2.56612 1.29338 1.81112e-17)
(6.42245 3.24523 -5.08552e-18)
(8.0872 4.81377 -6.99613e-18)
(8.1683 4.55757 9.49742e-19)
(7.81218 4.64377 1.03283e-19)
(7.60147 4.44686 9.27889e-19)
(7.2979 4.32903 -4.86604e-18)
(6.95435 4.19548 0)
(6.58365 4.03129 9.22589e-19)
(6.18695 3.83681 -7.26017e-19)
(5.7634 3.61009 1.16044e-17)
(5.35294 3.36381 -2.14545e-18)
(5.022 3.13455 2.36025e-18)
(4.77449 2.94264 0)
(4.57899 2.78824 -8.26313e-18)
(4.42141 2.65939 1.02697e-17)
(4.33043 2.50942 0)
(4.24794 2.4681 -7.71119e-18)
(4.21998 2.3392 2.24988e-17)
(3.9873 2.29141 2.74174e-18)
(2.48984 1.34448 -2.23465e-17)
(6.34202 3.46579 -1.06862e-17)
(7.98297 5.1154 1.30472e-17)
(8.06948 4.81461 0)
(7.7192 4.89516 7.52438e-18)
(7.51362 4.67719 0)
(7.2021 4.55413 4.408e-18)
(6.85578 4.40978 0)
(6.48482 4.23357 0)
(6.09014 4.02878 -1.53021e-18)
(5.66444 3.79304 -1.12337e-17)
(5.24871 3.53958 -1.5975e-17)
(4.91179 3.30165 2.94298e-18)
(4.6633 3.09992 1.09029e-17)
(4.48691 2.93121 9.24027e-18)
(4.36479 2.80043 -3.27662e-17)
(4.26303 2.69442 -1.3617e-17)
(4.15797 2.65425 7.9364e-18)
(4.09474 2.48793 0)
(3.83857 2.36017 2.37733e-17)
(2.40102 1.38727 -2.39349e-17)
(6.2299 3.60381 1.17787e-17)
(7.8821 5.35302 -1.42557e-17)
(7.98007 5.03469 0)
(7.61833 5.13752 -3.83787e-19)
(7.42578 4.89455 -3.0159e-18)
(7.10741 4.7682 0)
(6.75992 4.61229 -9.05902e-20)
(6.39064 4.4241 9.99462e-19)
(5.99812 4.20935 -2.32488e-18)
(5.56931 3.9659 1.24491e-18)
(5.1476 3.70659 0)
(4.80186 3.46011 1.17187e-17)
(4.54009 3.24703 2.92138e-20)
(4.33568 3.06898 4.98688e-18)
(4.17069 2.91699 6.05278e-18)
(4.07621 2.73072 0)
(3.98267 2.67324 -1.34508e-17)
(3.95455 2.509 2.63477e-17)
(3.72861 2.45848 -2.893e-17)
(2.30163 1.40979 5.17219e-17)
(6.13305 3.76104 0)
(7.77067 5.52826 0)
(7.87869 5.25995 -7.20549e-18)
(7.52121 5.35048 0)
(7.33129 5.09482 0)
(7.00864 4.9668 6.04345e-18)
(6.66426 4.80051 -1.51293e-19)
(6.29938 4.60203 5.78177e-19)
(5.90947 4.37873 -3.60534e-19)
(5.47683 4.12896 0)
(5.0512 3.86534 -2.52461e-18)
(4.69981 3.61492 -9.68827e-18)
(4.43248 3.39658 -1.20801e-17)
(4.23333 3.20502 -4.98693e-18)
(4.0984 3.04513 6.61104e-18)
(3.99672 2.92456 -1.55928e-17)
(3.88807 2.84683 2.87275e-17)
(3.85066 2.66399 5.36332e-19)
(3.57206 2.49183 -2.7638e-17)
(2.18921 1.42227 -3.53206e-18)
(6.03848 3.90891 0)
(7.68237 5.80078 -1.03471e-17)
(7.78032 5.44213 8.2462e-18)
(7.41326 5.55116 0)
(7.23725 5.27788 0)
(6.91109 5.14999 -1.32389e-17)
(6.57154 4.9748 0)
(6.21155 4.76759 0)
(5.82297 4.53662 -4.90736e-18)
(5.38755 4.28171 2.15801e-18)
(4.95915 4.01526 -2.08461e-17)
(4.59779 3.76215 0)
(4.3133 3.53803 -1.28704e-17)
(4.08959 3.34007 4.45597e-19)
(3.90821 3.16596 -2.06825e-17)
(3.78816 2.96203 8.46156e-18)
(3.69786 2.85253 2.17918e-19)
(3.67487 2.6601 -3.14489e-17)
(3.43414 2.56618 1.49744e-17)
(2.05967 1.40866 3.76475e-18)
(5.93194 4.02123 0)
(7.55406 5.92036 -1.21155e-17)
(7.67504 5.63779 8.47251e-18)
(7.3138 5.73335 1.63866e-17)
(7.14099 5.44606 3.0154e-18)
(6.81295 5.318 -1.67138e-18)
(6.48029 5.1346 1.1084e-18)
(6.12531 4.92029 8.84273e-19)
(5.73851 4.68312 5.25785e-18)
(5.30222 4.42489 1.47771e-17)
(4.87224 4.15707 1.73288e-17)
(4.50448 3.90513 3.21104e-18)
(4.21321 3.68093 1.87247e-17)
(3.98798 3.4796 1.19297e-17)
(3.82422 3.29669 1.49183e-17)
(3.71104 3.13453 -9.20697e-18)
(3.58602 3.02944 -1.13533e-17)
(3.5408 2.79586 1.35497e-17)
(3.25482 2.55179 -8.312e-18)
(1.91523 1.38131 1.24842e-17)
(5.84537 4.14375 1.7832e-17)
(7.47302 6.12939 1.91645e-17)
(7.58188 5.79758 4.36936e-18)
(7.21538 5.90416 2.35157e-19)
(7.04899 5.60242 -1.08545e-17)
(6.72102 5.47362 3.89212e-18)
(6.39363 5.28256 -1.24651e-18)
(6.0428 5.06187 -3.52754e-19)
(5.65723 4.81921 -6.03356e-18)
(5.22173 4.55846 -1.63022e-17)
(4.79096 4.29014 1.114e-18)
(4.41601 4.04109 0)
(4.11001 3.81953 0)
(3.85591 3.61143 -6.11009e-18)
(3.6426 3.42021 -2.37926e-17)
(3.47964 3.20911 1.97481e-17)
(3.35701 3.03802 1.21918e-17)
(3.33504 2.78927 0)
(3.07616 2.61175 2.67257e-17)
(1.76035 1.32646 -1.4193e-17)
(5.75586 4.25083 -9.08332e-18)
(7.36764 6.29501 7.62103e-18)
(7.48165 5.96201 -1.00741e-17)
(7.11946 6.06368 -1.02867e-17)
(6.95896 5.74748 -4.23584e-18)
(6.63069 5.61713 1.13909e-18)
(6.30923 5.41879 0)
(5.96269 5.19251 -1.0512e-18)
(5.57952 4.94543 6.00911e-19)
(5.14605 4.68316 0)
(4.71452 4.41533 0)
(4.33224 4.17057 2.15095e-18)
(4.01438 3.95344 3.13214e-18)
(3.75481 3.75321 -6.46709e-18)
(3.55302 3.5623 1.71688e-17)
(3.40631 3.37757 -2.11483e-17)
(3.24825 3.23565 -2.63032e-17)
(3.16277 2.93818 2.41285e-17)
(2.81638 2.55715 -9.83272e-18)
(1.54342 1.2764 5.4859e-18)
(5.66228 4.34967 1.05342e-17)
(7.25997 6.40255 0)
(7.38484 6.10073 0)
(7.02298 6.20327 -3.27843e-18)
(6.8743 5.883 2.64275e-18)
(6.54643 5.75046 -3.13824e-19)
(6.23012 5.54552 -3.86356e-18)
(5.88741 5.31401 8.93443e-20)
(5.50625 5.06297 1.03869e-17)
(5.07495 4.79904 -1.29172e-18)
(4.64361 4.53239 2.84856e-18)
(4.25718 4.29406 -1.81528e-17)
(3.9324 4.08771 -1.88855e-17)
(3.64779 3.89133 -3.38158e-18)
(3.3888 3.69931 0)
(3.16025 3.49773 -3.55361e-19)
(2.97083 3.28647 1.35323e-17)
(2.88701 2.96462 -2.6402e-17)
(2.56527 2.60956 2.0093e-17)
(1.26075 1.07847 1.7808e-17)
(5.58645 4.44504 -2.26778e-17)
(7.16163 6.57669 -8.96923e-18)
(7.28577 6.22733 1.69665e-19)
(6.93427 6.33476 4.37637e-18)
(6.7944 6.0073 0)
(6.46314 5.8759 1.04358e-17)
(6.15218 5.6647 4.5265e-18)
(5.81303 5.42889 -6.28967e-19)
(5.43435 5.17487 -5.20463e-18)
(5.00588 4.91026 -1.2486e-18)
(4.5756 4.64637 1.15531e-18)
(4.18449 4.41572 1.58732e-17)
(3.84399 4.21703 1.83393e-17)
(3.54693 4.03496 3.21886e-18)
(3.29995 3.85955 1.70679e-17)
(3.10366 3.67769 0)
(2.88854 3.5202 0)
(2.67787 3.17631 1.71695e-17)
(2.02649 2.51629 2.01974e-19)
(0.760328 1.43273 -1.74738e-17)
(5.52319 4.53545 1.22184e-17)
(7.10362 6.70467 2.66632e-17)
(7.23914 6.38783 -3.84926e-17)
(6.87252 6.47964 2.17299e-17)
(6.71689 6.13107 -2.27013e-18)
(6.38504 5.99724 1.34567e-17)
(6.07712 5.77966 0)
(5.74114 5.54038 4.94098e-19)
(5.36409 5.28432 0)
(4.93836 5.01966 1.58381e-17)
(4.50964 4.75987 -1.58183e-18)
(4.11557 4.53968 1.76863e-18)
(3.77182 4.35821 2.05991e-17)
(3.45797 4.19142 -7.08207e-18)
(3.1538 4.02835 -9.02479e-18)
(2.85459 3.86548 0)
(2.54981 3.67788 0)
(2.24686 3.30005 0)
(1.42399 2.48222 -9.20339e-18)
(0.934068 2.10867 -5.63181e-18)
(5.4583 4.62053 0)
(7.03416 6.82782 0)
(7.14893 6.51046 1.36664e-17)
(6.77996 6.60804 -1.79417e-17)
(6.63629 6.25027 1.14505e-17)
(6.30608 6.11192 -1.22054e-17)
(6.00222 5.88897 -4.05182e-19)
(5.67006 5.64706 3.13759e-19)
(5.29508 5.38991 9.10208e-19)
(4.87326 5.12618 -1.81297e-17)
(4.44701 4.87161 2.70265e-18)
(4.05204 4.66383 1.56276e-17)
(3.69576 4.49766 -2.04435e-17)
(3.36529 4.35337 -2.30959e-17)
(3.06773 4.21687 8.03322e-18)
(2.80393 4.08074 0)
(2.52582 3.91226 1.26743e-17)
(2.10146 3.40386 1.5587e-17)
(1.38446 2.75417 -1.70507e-17)
(0.942236 2.91948 2.24876e-17)
(5.36109 4.68752 0)
(6.88758 6.91508 1.65239e-17)
(7.01528 6.5642 -3.37868e-18)
(6.67026 6.68457 2.22392e-17)
(6.56191 6.35443 -1.20316e-17)
(6.22832 6.21842 0)
(5.9311 5.99355 0)
(5.60217 5.7498 0)
(5.22892 5.49246 3.40963e-18)
(4.81103 5.23005 6.72535e-19)
(4.38809 4.98103 0)
(3.99509 4.78721 -1.54382e-17)
(3.64004 4.64225 0)
(3.30485 4.52184 1.64681e-17)
(2.97572 4.41053 -1.13253e-17)
(2.64598 4.29881 -9.23088e-18)
(2.27566 4.07809 -2.41801e-17)
(1.76373 3.5348 -1.33602e-17)
(1.24369 3.25416 -2.35485e-17)
(1.02574 3.45595 1.72697e-17)
(5.30777 4.77847 -7.53536e-18)
(6.838 7.03346 3.74481e-19)
(6.97397 6.70245 -3.58229e-18)
(6.62837 6.7987 -1.72418e-17)
(6.49496 6.44955 0)
(6.1534 6.32007 0)
(5.86168 6.09277 0)
(5.53525 5.84854 7.92795e-20)
(5.16436 5.5919 -4.4381e-18)
(4.75137 5.33135 0)
(4.33306 5.08844 0)
(3.94361 4.90903 0)
(3.58448 4.78558 0)
(3.24264 4.6962 1.21187e-17)
(2.92285 4.61981 3.10398e-17)
(2.62756 4.51265 9.8742e-18)
(2.31095 4.25652 2.34014e-17)
(1.80595 3.76942 -1.88513e-17)
(1.36446 3.8101 7.85349e-18)
(1.19437 3.93217 0)
(5.2841 4.8545 7.22047e-18)
(6.80501 7.17037 -3.62693e-17)
(6.95834 6.8612 -1.13927e-17)
(6.57468 6.94939 -2.74416e-18)
(6.41922 6.56118 2.69971e-18)
(6.08509 6.42471 -1.7597e-17)
(5.7943 6.19066 1.10178e-18)
(5.47099 5.94584 2.84982e-18)
(5.1022 5.69017 0)
(4.69425 5.43163 -1.13967e-18)
(4.28131 5.19413 1.03751e-18)
(3.89923 5.02847 0)
(3.55299 4.92968 0)
(3.22262 4.86906 -1.51698e-17)
(2.90414 4.81665 2.63183e-18)
(2.58371 4.72037 -9.22069e-18)
(2.13976 4.46463 2.0558e-17)
(1.5451 4.08978 1.77342e-17)
(1.15396 4.20631 -3.25987e-17)
(1.04681 4.24486 1.70755e-17)
(5.20014 4.90344 1.3358e-17)
(6.71133 7.22664 3.36593e-17)
(6.81503 6.90683 1.36448e-17)
(6.4473 7.01904 0)
(6.33982 6.66282 0)
(6.00735 6.52596 1.32509e-17)
(5.72283 6.28975 -6.47444e-18)
(5.40394 6.04368 -2.74423e-18)
(5.03838 5.7889 9.22038e-21)
(4.63726 5.53207 1.29205e-17)
(4.23158 5.29913 -1.86497e-17)
(3.85994 5.14578 0)
(3.52168 5.06897 0)
(3.19875 5.03751 -1.07115e-17)
(2.89512 5.02511 -1.41056e-17)
(2.57365 4.9377 0)
(2.17563 4.60133 -2.91112e-17)
(1.73582 4.37539 -5.3171e-18)
(1.43171 4.70328 3.39553e-17)
(1.19671 4.73179 -1.68257e-17)
(5.09741 4.9721 -2.52757e-17)
(6.56867 7.31084 -1.80383e-17)
(6.70542 6.99069 0)
(6.36614 7.09997 0)
(6.26786 6.75497 0)
(5.92422 6.6258 0)
(5.64983 6.38989 6.79218e-18)
(5.33443 6.1428 -4.04839e-18)
(4.9729 5.88849 0)
(4.57936 5.63276 -1.16533e-17)
(4.18312 5.40357 3.36755e-17)
(3.82575 5.25958 1.43671e-18)
(3.51012 5.20366 2.16287e-18)
(3.21328 5.20278 1.81157e-17)
(2.92028 5.19841 -1.20751e-17)
(2.6027 5.08946 0)
(2.10578 4.84743 9.45565e-18)
(1.64026 4.86873 7.39011e-19)
(1.14122 5.13185 -5.13431e-18)
(0.757398 5.20059 1.02306e-17)
(5.05464 5.06763 1.1953e-17)
(6.5258 7.46703 -1.76219e-17)
(6.67498 7.16383 0)
(6.30698 7.25702 -3.91641e-18)
(6.18156 6.86834 1.44433e-17)
(5.8391 6.73509 0)
(5.57035 6.49112 0)
(5.25913 6.24246 7.43015e-18)
(4.90297 5.98771 -5.59763e-19)
(4.5191 5.73209 1.13639e-17)
(4.13525 5.5061 -1.60213e-17)
(3.79573 5.36925 1.03522e-17)
(3.4992 5.32717 0)
(3.21956 5.34732 -9.88585e-18)
(2.94434 5.37466 6.18211e-18)
(2.61136 5.28846 6.78171e-18)
(2.21896 5.05947 0)
(1.77575 5.17426 4.70614e-18)
(1.31485 5.81198 7.82959e-18)
(1.21509 6.02669 2.34972e-18)
(4.97393 5.14064 -2.24408e-17)
(6.43988 7.57898 2.55045e-17)
(6.55686 7.26576 1.7718e-17)
(6.18559 7.36891 -4.56019e-18)
(6.0808 6.98454 -2.17282e-17)
(5.74635 6.8468 0)
(5.48497 6.59434 5.97807e-18)
(5.18035 6.34249 -3.2079e-18)
(4.8303 6.08639 -1.19581e-19)
(4.45695 5.82989 -9.88159e-18)
(4.08778 5.60619 -7.9387e-19)
(3.76894 5.47405 -1.16117e-17)
(3.49864 5.44043 1.41766e-17)
(3.25246 5.48081 4.4903e-18)
(2.99875 5.51363 -1.04647e-17)
(2.71462 5.39977 1.16987e-17)
(2.33121 5.23867 0)
(1.963 5.79076 0)
(1.75539 6.54459 1.08257e-18)
(0.43726 6.61029 -4.73086e-18)
(4.85318 5.20877 1.07982e-17)
(6.2844 7.67489 2.33919e-17)
(6.41352 7.35279 -1.76024e-17)
(6.06315 7.45452 1.58626e-17)
(5.98135 7.08406 2.10615e-17)
(5.64191 6.95131 0)
(5.39353 6.69609 -6.339e-18)
(5.09537 6.44109 -4.51989e-18)
(4.75291 6.18252 0)
(4.39284 5.92406 0)
(4.04058 5.70082 0)
(3.74449 5.57136 0)
(3.50047 5.54041 -1.61484e-17)
(3.28352 5.58536 -6.10463e-18)
(3.07246 5.63427 0)
(2.79347 5.55978 -5.57796e-18)
(2.60216 5.5561 0)
(2.61501 5.90531 -2.41221e-18)
(2.66958 5.97501 1.27835e-19)
(1.43072 6.03062 1.7339e-18)
(4.7599 5.29804 -2.05479e-17)
(6.16247 7.80462 -1.49003e-17)
(6.31495 7.4988 -1.1007e-17)
(5.96228 7.59216 -1.47915e-17)
(5.87468 7.19956 -9.87283e-18)
(5.53355 7.06276 0)
(5.29722 6.79891 -1.1583e-18)
(5.00556 6.54022 5.72347e-19)
(4.67156 6.27774 -8.34813e-19)
(4.32572 6.01645 0)
(3.99204 5.79242 9.42438e-19)
(3.72106 5.66326 -1.07135e-18)
(3.5076 5.63098 0)
(3.33452 5.67422 7.53857e-18)
(3.1671 5.71317 0)
(2.98301 5.64148 4.01374e-18)
(2.92938 5.61583 -9.08769e-18)
(3.10027 5.53836 2.04212e-18)
(3.35436 4.85988 -1.89187e-18)
(1.2691 4.26531 1.57895e-18)
(4.66526 5.3911 -5.1583e-19)
(6.04527 7.94815 -7.55581e-18)
(6.18936 7.63763 1.51577e-17)
(5.82899 7.72669 -6.60404e-19)
(5.75059 7.32225 -2.65638e-18)
(5.41294 7.18004 0)
(5.19034 6.90578 6.09725e-18)
(4.90583 6.64242 3.98983e-18)
(4.58153 6.37502 1.78781e-18)
(4.25256 6.10931 -7.2056e-18)
(3.94063 5.88339 -1.13671e-17)
(3.69592 5.75086 0)
(3.51703 5.71323 1.05195e-17)
(3.38552 5.7436 -3.12961e-18)
(3.27296 5.7585 -3.3795e-18)
(3.13203 5.65918 0)
(3.07617 5.60923 4.28305e-18)
(3.04742 5.47735 -3.95713e-18)
(2.77124 4.23785 5.70371e-18)
(-0.439611 1.81549 4.80203e-18)
(4.53343 5.46572 1.79498e-17)
(5.87665 8.06458 -7.14514e-18)
(6.02638 7.75968 9.88771e-18)
(5.67917 7.84451 7.33584e-18)
(5.61988 7.4427 5.03897e-18)
(5.28062 7.29859 1.09424e-17)
(5.07565 7.01618 -1.16281e-17)
(4.79833 6.74808 -4.61171e-18)
(4.48551 6.47476 -6.63017e-19)
(4.17479 6.20393 -2.61122e-20)
(3.88463 5.97358 1.08521e-18)
(3.66802 5.834 -9.33108e-18)
(3.52534 5.78494 4.26349e-18)
(3.43891 5.78975 -8.42303e-18)
(3.35508 5.76345 6.58527e-18)
(3.22788 5.61992 -3.43023e-18)
(3.10678 5.55322 7.89063e-18)
(2.93005 5.36846 -4.38429e-18)
(2.43162 3.68074 0)
(-0.218692 0.814455 7.70363e-18)
(4.407 5.56006 0)
(5.7111 8.20741 -2.50365e-17)
(5.86786 7.90268 6.62411e-19)
(5.52551 7.98101 -1.27035e-17)
(5.47744 7.56856 0)
(5.13546 7.42136 -8.04313e-18)
(4.95202 7.13069 9.50349e-18)
(4.67978 6.85716 4.32092e-18)
(4.38011 6.57713 1.07256e-19)
(4.08971 6.29889 5.63255e-18)
(3.82358 6.06184 9.42476e-18)
(3.63518 5.91084 2.92369e-19)
(3.52346 5.84152 -8.80298e-18)
(3.45594 5.81657 -1.99492e-18)
(3.38682 5.74285 5.96503e-18)
(3.25618 5.55018 -6.94856e-18)
(3.13149 5.44214 -3.68977e-18)
(2.89914 5.19429 4.35739e-18)
(2.3634 3.44786 0)
(0.0341868 0.425302 0)
(4.26506 5.64599 -1.57494e-17)
(5.53311 8.34636 2.489e-17)
(5.69053 8.05017 0)
(5.35617 8.12456 0)
(5.32203 7.70438 0)
(4.97885 7.55088 0)
(4.81901 7.24976 -4.30802e-18)
(4.55022 6.96927 -5.29306e-19)
(4.268 6.68227 -5.02043e-19)
(3.99819 6.39448 8.25463e-19)
(3.75435 6.14766 -9.91066e-18)
(3.5886 5.97928 7.50895e-18)
(3.49907 5.88663 0)
(3.44628 5.819 -6.76849e-21)
(3.39701 5.71227 -8.65082e-18)
(3.28968 5.47504 3.33705e-18)
(3.18911 5.30422 -3.42324e-18)
(2.95784 5.05365 -1.81832e-18)
(2.31009 3.26669 9.52181e-18)
(0.0103888 0.186709 1.15769e-17)
(4.10997 5.74138 7.79449e-18)
(5.34005 8.50257 1.09286e-17)
(5.49319 8.19339 -5.15642e-19)
(5.16796 8.26433 5.80361e-18)
(5.14952 7.8381 0)
(4.80499 7.68168 1.1568e-17)
(4.67432 7.37152 -2.68137e-18)
(4.40709 7.08371 8.31257e-19)
(4.14513 6.78971 -2.27783e-19)
(3.89508 6.48957 7.26673e-19)
(3.67173 6.2279 6.76011e-18)
(3.52591 6.0379 -5.47423e-18)
(3.45337 5.9188 -5.41485e-18)
(3.41917 5.81861 -2.09861e-18)
(3.38455 5.67457 5.43313e-18)
(3.29561 5.40426 -9.98004e-18)
(3.24595 5.1191 5.71605e-18)
(2.98899 4.83575 -6.63483e-18)
(2.26439 3.17695 1.87832e-17)
(0.256634 0.301719 -1.38967e-17)
(3.92998 5.81531 -7.30292e-18)
(5.11912 8.63868 0)
(5.27766 8.33949 -7.8843e-18)
(4.96559 8.40828 -1.09403e-17)
(4.96132 7.97503 0)
(4.61899 7.81606 -8.92182e-18)
(4.51721 7.49486 0)
(4.24867 7.19909 -3.77559e-18)
(4.01214 6.89743 -4.98106e-20)
(3.78025 6.58371 3.24772e-18)
(3.57286 6.30275 -5.5303e-18)
(3.44243 6.09046 2.61424e-18)
(3.38029 5.93819 1.20686e-17)
(3.36344 5.80833 -4.33984e-18)
(3.33848 5.63707 5.23195e-18)
(3.2409 5.33658 3.18139e-18)
(3.20178 4.98492 -8.28529e-18)
(2.92332 4.61229 9.48788e-18)
(2.2833 3.20002 -2.22273e-19)
(0.508404 0.617549 1.57664e-18)
(3.74599 5.91111 1.38071e-17)
(4.88602 8.80059 -9.73196e-18)
(5.04725 8.48687 7.94645e-18)
(4.74431 8.55484 5.15048e-18)
(4.7517 8.10926 7.90443e-19)
(4.41538 7.95162 5.04558e-18)
(4.34279 7.61689 0)
(4.07396 7.31509 -1.6661e-19)
(3.86556 7.00458 0)
(3.64684 6.67611 -3.03981e-18)
(3.45413 6.3728 5.18428e-18)
(3.33551 6.13724 -1.11392e-18)
(3.28026 5.95398 -9.65471e-18)
(3.26811 5.78618 -4.43335e-18)
(3.23465 5.59223 2.4064e-18)
(3.11018 5.28526 -3.42268e-18)
(3.04406 4.91745 1.22195e-17)
(2.763 4.51743 7.65408e-18)
(2.24209 3.29923 3.25463e-18)
(0.693832 1.05142 -1.47281e-17)
(3.53344 5.965 5.25538e-19)
(4.61599 8.92869 5.32291e-18)
(4.79304 8.63302 0)
(4.50159 8.69984 9.04399e-18)
(4.52097 8.24214 -1.32292e-17)
(4.19796 8.08748 4.76983e-18)
(4.14967 7.7361 -2.86233e-18)
(3.88238 7.43104 2.56733e-18)
(3.70249 7.1072 -8.66876e-19)
(3.49565 6.76612 -5.28443e-19)
(3.31727 6.44286 4.98169e-18)
(3.20211 6.17782 9.57596e-18)
(3.13949 5.9705 -6.81771e-20)
(3.11121 5.76814 8.14571e-18)
(3.06701 5.54899 5.39819e-18)
(2.93697 5.26835 -9.71453e-18)
(2.86342 4.92775 8.65674e-18)
(2.57826 4.56734 -4.97102e-18)
(2.18069 3.52175 9.00483e-20)
(0.894473 1.58919 1.50057e-17)
(3.31259 6.04399 2.38173e-17)
(4.32601 9.08046 -4.98849e-18)
(4.51771 8.77268 -1.22979e-17)
(4.23305 8.84072 1.00049e-17)
(4.26958 8.3699 -5.56613e-18)
(3.96015 8.2188 8.37346e-18)
(3.93315 7.84956 4.44289e-18)
(3.67256 7.54532 0)
(3.52169 7.20704 7.6527e-19)
(3.325 6.85471 3.60811e-20)
(3.15604 6.51517 -9.87928e-19)
(3.03975 6.22404 -8.46787e-18)
(2.96722 5.9973 -5.01595e-19)
(2.92975 5.78286 -1.72817e-19)
(2.89103 5.56238 7.91727e-18)
(2.77042 5.31908 3.6942e-18)
(2.7103 5.01488 -9.90069e-18)
(2.43613 4.71185 -4.94938e-18)
(2.13715 3.83159 -1.48421e-18)
(1.0503 2.10006 -1.45634e-17)
(3.06114 6.05926 0)
(4.0008 9.18687 4.19189e-18)
(4.21449 8.90529 -5.37725e-18)
(3.94117 8.9751 9.3359e-18)
(3.99516 8.49486 -1.10225e-17)
(3.70167 8.34497 4.21953e-18)
(3.69472 7.95757 0)
(3.4469 7.65757 0)
(3.3225 7.3053 0)
(3.13328 6.93944 -8.99662e-19)
(2.97272 6.58505 8.45528e-19)
(2.85732 6.28059 -1.75431e-18)
(2.77989 6.04239 -5.47538e-18)
(2.73908 5.83081 -4.03141e-18)
(2.69827 5.61896 7.17417e-18)
(2.58793 5.42006 -6.3608e-18)
(2.55057 5.13397 -3.71545e-19)
(2.29783 4.8913 1.1652e-17)
(2.06633 4.15437 -1.4484e-18)
(1.14031 2.52626 0)
(2.79516 6.10569 2.10323e-17)
(3.65348 9.31494 -3.92287e-18)
(3.88344 9.02216 -6.18673e-20)
(3.62116 9.09615 0)
(3.69594 8.60819 -4.85825e-18)
(3.41808 8.45982 5.18691e-19)
(3.43552 8.05992 0)
(3.20315 7.76437 6.20323e-19)
(3.10034 7.39999 -4.90165e-19)
(2.92063 7.02658 0)
(2.7726 6.66201 0)
(2.66034 6.35074 3.76561e-18)
(2.57668 6.10385 5.36501e-18)
(2.52124 5.89548 -2.06817e-19)
(2.47573 5.67839 2.1256e-18)
(2.37087 5.52684 -2.9131e-18)
(2.35819 5.26803 0)
(2.13677 5.07641 6.87181e-18)
(1.94522 4.46245 1.12655e-17)
(1.175 2.88557 -2.6089e-17)
(2.49493 6.05501 1.6982e-17)
(3.27353 9.38266 -3.56037e-18)
(3.51851 9.12416 4.54343e-18)
(3.27654 9.20172 -1.1603e-17)
(3.37195 8.71198 0)
(3.11641 8.56496 0)
(3.15539 8.15526 0)
(2.94039 7.86234 5.84092e-19)
(2.85843 7.48979 -4.61492e-19)
(2.69286 7.1156 0)
(2.55656 6.74526 0)
(2.44175 6.42767 -5.44889e-18)
(2.34749 6.1732 2.49052e-18)
(2.27194 5.96532 -2.95466e-18)
(2.22132 5.74097 -6.32069e-18)
(2.11392 5.62752 0)
(2.12101 5.40919 1.69847e-18)
(1.94357 5.25837 2.09753e-18)
(1.78394 4.75203 -2.06675e-17)
(1.16178 3.20179 2.52324e-17)
(2.17738 6.03714 -1.47761e-17)
(2.8722 9.45737 4.59972e-18)
(3.12835 9.19969 1.01635e-17)
(2.90845 9.28398 6.28079e-18)
(3.0227 8.79577 -5.04827e-18)
(2.78806 8.64788 -2.84041e-18)
(2.84961 8.23696 1.64046e-18)
(2.65869 7.94883 0)
(2.5981 7.57525 0)
(2.44856 7.20434 0)
(2.32134 6.83406 1.85338e-18)
(2.20295 6.51709 5.0707e-18)
(2.10421 6.2652 -2.33262e-18)
(2.02051 6.06199 1.38106e-18)
(1.97351 5.84297 3.6122e-20)
(1.84672 5.74787 0)
(1.8687 5.56851 -3.14767e-18)
(1.73347 5.44404 1.58243e-17)
(1.59551 5.03638 -3.66697e-17)
(1.0867 3.46864 2.12469e-17)
(1.83767 5.87838 1.53497e-17)
(2.44714 9.45359 -1.24273e-17)
(2.70324 9.24864 0)
(2.5125 9.33521 3.07023e-18)
(2.64433 8.85833 2.00372e-18)
(2.44514 8.71084 3.93111e-18)
(2.52986 8.3066 -1.53326e-18)
(2.36593 8.02388 0)
(2.32271 7.65267 0)
(2.18976 7.28782 1.26472e-18)
(2.07096 6.92269 4.28819e-19)
(1.95276 6.61207 -2.65812e-18)
(1.85302 6.36712 -1.90873e-18)
(1.76082 6.17439 -4.21612e-18)
(1.71965 5.97513 8.28072e-18)
(1.57587 5.86496 -1.03941e-17)
(1.58335 5.72482 7.79363e-18)
(1.49624 5.60703 0)
(1.37105 5.28561 5.3296e-19)
(0.960761 3.6485 -2.03144e-17)
(1.48089 5.74191 1.58114e-17)
(2.00513 9.42488 0)
(2.25635 9.24766 0)
(2.10304 9.34612 0)
(2.25213 8.89191 1.42859e-18)
(2.08622 8.74415 -3.86298e-18)
(2.18806 8.35751 -1.3142e-18)
(2.05571 8.08044 0)
(2.03 7.71867 0)
(1.91849 7.36847 -8.7312e-19)
(1.81025 7.01694 -1.04027e-18)
(1.69599 6.7188 1.33302e-18)
(1.59747 6.48168 -1.19074e-19)
(1.49516 6.30434 -1.54583e-18)
(1.45959 6.1401 3.97568e-18)
(1.32538 6.00088 -4.24868e-18)
(1.30016 5.89652 4.39556e-18)
(1.25299 5.77579 0)
(1.12731 5.52563 -4.98483e-19)
(0.818071 3.81472 -9.48504e-18)
(1.12086 5.40858 -1.43199e-17)
(1.54636 9.29645 4.75009e-18)
(1.79609 9.20923 6.17584e-18)
(1.67963 9.30674 -7.35359e-19)
(1.84348 8.89302 -3.51347e-18)
(1.72196 8.74459 -1.78865e-18)
(1.84039 8.38352 3.63919e-18)
(1.74164 8.11645 -2.26173e-19)
(1.73447 7.77524 0)
(1.64457 7.44566 -2.488e-20)
(1.54476 7.11285 6.19467e-19)
(1.4325 6.83099 -9.53615e-19)
(1.33327 6.60388 0)
(1.22029 6.43886 1.14824e-18)
(1.17377 6.30921 0)
(1.06561 6.1514 9.46498e-19)
(0.992579 6.06745 5.50179e-19)
(0.985382 5.94301 0)
(0.844123 5.73063 0)
(0.650729 3.94656 -8.17341e-18)
(0.763368 5.03902 1.10311e-17)
(1.10828 9.08246 -3.9621e-18)
(1.32526 9.0828 2.58069e-18)
(1.2632 9.20597 -3.886e-18)
(1.43751 8.84964 1.48129e-18)
(1.3568 8.70536 -4.09936e-19)
(1.48506 8.38115 1.7954e-19)
(1.42461 8.13141 -5.00715e-19)
(1.43643 7.81901 -2.11587e-19)
(1.36629 7.51391 1.94485e-19)
(1.27707 7.20594 7.55354e-20)
(1.16913 6.94703 0)
(1.07037 6.73957 3.30707e-19)
(0.955012 6.58766 0)
(0.890907 6.48547 0)
(0.811082 6.33716 0)
(0.703348 6.26118 3.75903e-18)
(0.71167 6.15376 -9.73078e-18)
(0.561238 5.95914 -2.93355e-20)
(0.472715 4.17438 6.93949e-18)
(0.446568 4.33784 1.74767e-18)
(0.659551 8.72419 1.47861e-18)
(0.899398 8.9114 -1.20799e-18)
(0.865433 9.03649 -7.34055e-19)
(1.04638 8.76475 5.98924e-19)
(1.01143 8.62514 3.84323e-19)
(1.14812 8.34248 2.27266e-19)
(1.12209 8.12025 0)
(1.14715 7.84502 -5.82817e-20)
(1.0962 7.57165 -4.80883e-21)
(1.0194 7.29646 -2.45952e-19)
(0.917881 7.06687 0)
(0.819346 6.88701 5.42844e-21)
(0.706594 6.75211 -3.72217e-19)
(0.618951 6.6684 0)
(0.549681 6.54729 0)
(0.410279 6.48242 -2.20689e-19)
(0.412523 6.39398 0)
(0.245309 6.21711 -1.66477e-19)
(0.26748 4.45082 0)
(0.203123 3.42745 0)
(0.276244 8.12641 0)
(0.497525 8.59344 0)
(0.50399 8.79567 0)
(0.688646 8.62389 -1.31485e-32)
(0.697032 8.51224 9.03271e-33)
(0.839234 8.27451 0)
(0.851881 8.08718 0)
(0.895052 7.85291 0)
(0.867535 7.6123 0)
(0.809576 7.36918 0)
(0.722907 7.16606 0)
(0.632518 7.01035 0)
(0.530729 6.89286 0)
(0.436879 6.82245 0)
(0.379775 6.72949 0)
(0.242519 6.67974 0)
(0.236934 6.61711 0)
(0.070191 6.47342 0)
(0.132991 4.82617 0)
(0.1046 2.86975 0)
(-0.0133 7.70706 0)
(0.233766 8.28554 0)
(0.25326 8.54068 0)
(0.413809 8.43388 0)
(0.444379 8.36327 0)
(0.591017 8.18025 0)
(0.631776 8.03398 0)
(0.68673 7.83947 0)
(0.681213 7.63269 0)
(0.64396 7.42204 0)
(0.573917 7.24477 0)
(0.495054 7.11084 0)
(0.407913 7.01087 0)
(0.317358 6.9531 0)
(0.270415 6.88292 0)
(0.15041 6.84686 0)
(0.15328 6.79931 0)
(-0.00134797 6.67554 0)
(0.0809021 5.04599 0)
(0.0654223 2.90303 0)
(-0.111995 7.42277 0)
(0.138488 8.02247 0)
(0.0642459 8.27822 0)
(0.220071 8.23018 0)
(0.27471 8.20727 0)
(0.410284 8.07296 0)
(0.455777 7.96226 0)
(0.514144 7.80775 0)
(0.525579 7.64162 0)
(0.504482 7.46838 0)
(0.449041 7.32108 0)
(0.382414 7.2119 0)
(0.311959 7.13144 0)
(0.231459 7.08639 0)
(0.191152 7.0385 0)
(0.0898503 7.01447 0)
(0.114798 6.98048 0)
(-0.0281669 6.86522 0)
(0.0641086 5.19623 0)
(0.0460393 3.06223 0)
(-0.151954 7.23017 0)
(0.0984364 7.80153 0)
(-0.0387858 8.04046 0)
(0.143034 8.05652 0)
(0.173064 8.06097 0)
(0.278083 7.96335 0)
(0.319615 7.88382 0)
(0.380875 7.76982 0)
(0.403129 7.64304 0)
(0.391866 7.50482 0)
(0.348462 7.38616 0)
(0.293175 7.29986 0)
(0.237474 7.23714 0)
(0.171914 7.20207 0)
(0.140798 7.17184 0)
(0.0575696 7.15863 0)
(0.0966207 7.13214 0)
(-0.0269881 7.0132 0)
(0.0459481 5.29009 0)
(0.0227772 3.41413 0)
(-0.187631 7.14381 0)
(0.0649579 7.65576 0)
(-0.0748493 7.87622 0)
(0.129908 7.92345 0)
(0.109931 7.92548 0)
(0.186287 7.85702 0)
(0.224975 7.80709 0)
(0.283243 7.72985 0)
(0.307858 7.63401 0)
(0.302133 7.52484 0)
(0.269171 7.4309 0)
(0.224723 7.36401 0)
(0.181896 7.31707 0)
(0.132853 7.29015 0)
(0.111794 7.27071 0)
(0.0374566 7.2627 0)
(0.080732 7.2374 0)
(-0.0422031 7.11038 0)
(0.0344944 5.28376 0)
(0.0266954 3.74931 0)
(-0.182996 7.11862 0)
(0.0494628 7.58096 0)
(-0.0928309 7.77832 0)
(0.115765 7.83274 0)
(0.0580555 7.81485 0)
(0.131246 7.76858 0)
(0.167283 7.74091 0)
(0.215078 7.68874 0)
(0.2347 7.61701 0)
(0.232445 7.53356 0)
(0.208633 7.46101 0)
(0.174532 7.40984 0)
(0.141706 7.37493 0)
(0.104728 7.35278 0)
(0.0897223 7.33673 0)
(0.0164529 7.32988 0)
(0.0626703 7.30539 0)
(-0.0496753 7.16373 0)
(0.0270197 5.25502 0)
(0.0416794 4.00876 0)
(-0.167596 7.12271 0)
(0.0502619 7.54628 0)
(-0.10826 7.72171 0)
(0.090173 7.77913 0)
(0.00706315 7.74512 0)
(0.100257 7.71794 0)
(0.131335 7.69698 0)
(0.165908 7.65473 0)
(0.181287 7.60115 0)
(0.18127 7.53913 0)
(0.163687 7.48334 0)
(0.137119 7.44286 0)
(0.109847 7.41473 0)
(0.0785613 7.39467 0)
(0.0688771 7.37898 0)
(-0.00286138 7.37403 0)
(0.0463493 7.35336 0)
(-0.0500468 7.19322 0)
(0.0212762 5.19518 0)
(0.0491196 4.20143 0)
(-0.143995 7.13938 0)
(0.0554735 7.52824 0)
(-0.111253 7.6853 0)
(0.0681449 7.74121 0)
(-0.0323067 7.70774 0)
(0.0816134 7.69947 0)
(0.0963569 7.67307 0)
(0.124963 7.63467 0)
(0.140904 7.59258 0)
(0.142334 7.54398 0)
(0.127947 7.4988 0)
(0.105791 7.46487 0)
(0.0817082 7.44102 0)
(0.0533237 7.42404 0)
(0.051554 7.41066 0)
(-0.0140878 7.40823 0)
(0.0338445 7.39289 0)
(-0.0469545 7.21331 0)
(0.0170133 5.13145 0)
(0.0477226 4.33614 0)
(-0.125277 7.15184 0)
(0.0572891 7.51207 0)
(-0.107286 7.6535 0)
(0.0592791 7.69783 0)
(-0.0481743 7.67642 0)
(0.0700846 7.67944 0)
(0.0593628 7.65204 0)
(0.0894484 7.62156 0)
(0.107143 7.58804 0)
(0.10956 7.54745 0)
(0.0976378 7.50958 0)
(0.0792922 7.48133 0)
(0.059285 7.46229 0)
(0.0344611 7.4502 0)
(0.0401473 7.44103 0)
(-0.017283 7.43926 0)
(0.0253111 7.42832 0)
(-0.0415025 7.2308 0)
(0.0129477 5.07699 0)
(0.0409649 4.43957 0)
(-0.108528 7.16286 0)
(0.0523741 7.49834 0)
(-0.100082 7.62666 0)
(0.0548671 7.65219 0)
(-0.0491721 7.64319 0)
(0.0627983 7.64629 0)
(0.0305863 7.62578 0)
(0.0625158 7.60802 0)
(0.0785375 7.58341 0)
(0.0810835 7.55085 0)
(0.0721194 7.52051 0)
(0.0581632 7.49858 0)
(0.0433585 7.48459 0)
(0.0225084 7.47667 0)
(0.0318501 7.47087 0)
(-0.0169334 7.46791 0)
(0.0183886 7.45969 0)
(-0.0352281 7.2464 0)
(0.00872851 5.03041 0)
(0.0330562 4.52679 0)
(-0.090311 7.1779 0)
(0.0439558 7.49289 0)
(-0.0895948 7.60868 0)
(0.0471628 7.61521 0)
(-0.0465612 7.61687 0)
(0.0553085 7.61343 0)
(0.0136279 7.60113 0)
(0.0458296 7.59301 0)
(0.057032 7.57642 0)
(0.0591275 7.55281 0)
(0.0529476 7.53034 0)
(0.0429011 7.51415 0)
(0.0324484 7.50375 0)
(0.0149042 7.49786 0)
(0.0243996 7.49387 0)
(-0.015269 7.48946 0)
(0.0123981 7.48269 0)
(-0.0289785 7.25656 0)
(0.00482142 4.98691 0)
(0.0257958 4.59782 0)
(-0.0703697 7.19849 0)
(0.034827 7.49791 0)
(-0.0752207 7.60006 0)
(0.037068 7.59231 0)
(-0.0428913 7.6033 0)
(0.0451523 7.59355 0)
(0.00381071 7.58719 0)
(0.0350922 7.58242 0)
(0.0417154 7.5705 0)
(0.0434429 7.55375 0)
(0.0390566 7.53726 0)
(0.0314759 7.52511 0)
(0.0239123 7.51696 0)
(0.00927321 7.51206 0)
(0.0174409 7.50942 0)
(-0.0127353 7.50442 0)
(0.00787422 7.49807 0)
(-0.0228938 7.26214 0)
(0.00192499 4.94664 0)
(0.0190666 4.64892 0)
(-0.0513917 7.21754 0)
(0.0257516 7.50614 0)
(-0.0589083 7.5934 0)
(0.0276404 7.57723 0)
(-0.0366751 7.59463 0)
(0.0338278 7.58151 0)
(-0.00248051 7.57997 0)
(0.0262833 7.57543 0)
(0.0299948 7.56582 0)
(0.0318479 7.55315 0)
(0.0287113 7.54051 0)
(0.0228549 7.53111 0)
(0.0173348 7.52466 0)
(0.00578505 7.52059 0)
(0.0121291 7.51913 0)
(-0.00972194 7.51424 0)
(0.00484519 7.50735 0)
(-0.0171012 7.26472 0)
(0.000176517 4.91267 0)
(0.0128622 4.68347 0)
(-0.035702 7.23258 0)
(0.017472 7.51475 0)
(-0.0431649 7.58687 0)
(0.0199479 7.56746 0)
(-0.0284408 7.58698 0)
(0.0242749 7.57294 0)
(-0.00508243 7.57545 0)
(0.0192765 7.57095 0)
(0.0213419 7.56333 0)
(0.0234664 7.55328 0)
(0.0212485 7.54323 0)
(0.0167188 7.53588 0)
(0.0127295 7.53094 0)
(0.00407148 7.52768 0)
(0.00842495 7.52695 0)
(-0.00691945 7.52258 0)
(0.00276654 7.51474 0)
(-0.0123792 7.26751 0)
(-0.000831881 4.88634 0)
(0.00775096 4.70748 0)
(-0.0240818 7.24255 0)
(0.01057 7.52132 0)
(-0.0300769 7.57931 0)
(0.0134735 7.56061 0)
(-0.0205398 7.57875 0)
(0.0168291 7.56548 0)
(-0.00508085 7.57031 0)
(0.013746 7.56619 0)
(0.0148627 7.56075 0)
(0.0169226 7.55302 0)
(0.0154478 7.54528 0)
(0.0121654 7.53975 0)
(0.00936136 7.53606 0)
(0.00313442 7.53345 0)
(0.00574381 7.533 0)
(-0.00476882 7.52937 0)
(0.00128428 7.52036 0)
(-0.00889123 7.26995 0)
(-0.00136083 4.86594 0)
(0.00418348 4.72521 0)
(-0.0157823 7.25012 0)
(0.00568046 7.52727 0)
(-0.0199775 7.57302 0)
(0.00854389 7.55743 0)
(-0.0139011 7.57237 0)
(0.0116 7.56101 0)
(-0.00343453 7.56616 0)
(0.0101953 7.56252 0)
(0.0110305 7.55879 0)
(0.0128018 7.55298 0)
(0.0117443 7.54712 0)
(0.00926922 7.54293 0)
(0.00714061 7.54012 0)
(0.00266704 7.53801 0)
(0.00390191 7.53762 0)
(-0.00317912 7.53478 0)
(0.000311093 7.52479 0)
(-0.00644681 7.27213 0)
(-0.0015746 4.84976 0)
(0.00189982 4.73889 0)
(-0.0102463 7.25572 0)
(0.00243279 7.53198 0)
(-0.012851 7.56794 0)
(0.00501369 7.5563 0)
(-0.00896629 7.56751 0)
(0.00771122 7.55869 0)
(-0.00177586 7.56296 0)
(0.00752325 7.55993 0)
(0.00840909 7.55719 0)
(0.00979632 7.55268 0)
(0.00895931 7.54825 0)
(0.00707593 7.54513 0)
(0.00542939 7.54303 0)
(0.00221503 7.5414 0)
(0.00256969 7.54106 0)
(-0.00215329 7.53897 0)
(-0.00029733 7.52813 0)
(-0.00475809 7.27361 0)
(-0.0015432 4.83656 0)
(0.000674024 4.74901 0)
(-0.0066479 7.25971 0)
(0.000615925 7.53499 0)
(-0.00808013 7.56346 0)
(0.0027061 7.55559 0)
(-0.00551441 7.56338 0)
(0.00506081 7.55713 0)
(-0.000408522 7.5602 0)
(0.00567983 7.55788 0)
(0.00659789 7.55576 0)
(0.00761886 7.5523 0)
(0.00695592 7.54896 0)
(0.00549174 7.54661 0)
(0.00415185 7.54506 0)
(0.00185989 7.54385 0)
(0.00172379 7.54358 0)
(-0.0013953 7.54208 0)
(-0.000524866 7.53064 0)
(-0.00350549 7.27472 0)
(-0.00138112 4.8261 0)
(-1.41326e-06 4.75667 0)
(-0.00432159 7.26293 0)
(-0.000425975 7.53709 0)
(-0.00499757 7.56049 0)
(0.00132013 7.55559 0)
(-0.00325543 7.56063 0)
(0.0032689 7.55651 0)
(0.000461351 7.55846 0)
(0.00430459 7.55684 0)
(0.00530406 7.55518 0)
(0.00612401 7.55237 0)
(0.00552699 7.54976 0)
(0.00434244 7.54798 0)
(0.00324126 7.54681 0)
(0.00155529 7.5459 0)
(0.00114186 7.54566 0)
(-0.000978363 7.54457 0)
(-0.000669542 7.53266 0)
(-0.00269812 7.27546 0)
(-0.00118857 4.81775 0)
(-0.000282403 4.76265 0)
(-0.00298558 7.26518 0)
(-0.000833536 7.53792 0)
(-0.00317795 7.55753 0)
(0.000536871 7.55479 0)
(-0.00181053 7.55787 0)
(0.00218735 7.55538 0)
(0.00104426 7.55648 0)
(0.00345746 7.55539 0)
(0.00428915 7.55415 0)
(0.00478628 7.55211 0)
(0.00431602 7.55023 0)
(0.00341563 7.54898 0)
(0.00253133 7.54819 0)
(0.0013021 7.54758 0)
(0.00081333 7.54743 0)
(-0.000640764 7.54666 0)
(-0.000597435 7.53444 0)
(-0.00201941 7.27621 0)
(-0.00097106 4.81121 0)
(-0.000336849 4.76707 0)
(-0.00201458 7.26712 0)
(-0.000888701 7.53844 0)
(-0.00201025 7.55592 0)
(0.00013284 7.55454 0)
(-0.00095182 7.55635 0)
(0.00148595 7.55496 0)
(0.00122301 7.55549 0)
(0.00280036 7.55476 0)
(0.00358615 7.5538 0)
(0.00403086 7.55217 0)
(0.00358045 7.55071 0)
(0.00280802 7.54977 0)
(0.00203825 7.54916 0)
(0.00108268 7.5487 0)
(0.000567943 7.54857 0)
(-0.000468491 7.54797 0)
(-0.000570706 7.53551 0)
(-0.00159222 7.27645 0)
(-0.000792765 4.80598 0)
(-0.000358229 4.77065 0)
(-0.00147812 7.26862 0)
(-0.000891492 7.53848 0)
(-0.00133692 7.55425 0)
(-3.86164e-05 7.55374 0)
(-0.000416238 7.55474 0)
(0.00110438 7.55404 0)
(0.00127333 7.55432 0)
(0.00235826 7.5539 0)
(0.00301531 7.55326 0)
(0.00325484 7.55216 0)
(0.00287684 7.5512 0)
(0.00225146 7.55061 0)
(0.00161289 7.55025 0)
(0.000883011 7.55 0)
(0.000420456 7.54994 0)
(-0.000327558 7.54949 0)
(-0.000443618 7.53687 0)
(-0.00121876 7.27698 0)
(-0.000612931 4.80192 0)
(-0.000300587 4.77328 0)
(-0.00105338 7.26986 0)
(-0.000754543 7.53851 0)
(-0.000884589 7.55343 0)
(-6.9414e-05 7.55336 0)
(-6.67719e-05 7.55395 0)
(0.000936773 7.5536 0)
(0.00127772 7.55372 0)
(0.00207308 7.55342 0)
(0.00263379 7.5529 0)
(0.00282513 7.5521 0)
(0.00247523 7.55138 0)
(0.00195713 7.55095 0)
(0.00142022 7.55069 0)
(0.000832088 7.55053 0)
(0.000414891 7.55049 0)
(-0.000162679 7.5501 0)
(-0.000308734 7.53737 0)
(-0.000891348 7.2771 0)
(-0.000482284 4.79879 0)
(-0.000207921 4.77529 0)
(-0.000783211 7.27071 0)
(-0.00056823 7.53823 0)
(-0.000501706 7.55233 0)
(6.14008e-05 7.55255 0)
(0.000252043 7.55289 0)
(0.000949306 7.5528 0)
(0.00136072 7.55293 0)
(0.0019974 7.55287 0)
(0.00247802 7.55269 0)
(0.00263531 7.55217 0)
(0.00232758 7.55183 0)
(0.00184673 7.55167 0)
(0.00134513 7.55158 0)
(0.000831362 7.55154 0)
(0.000434511 7.55155 0)
(-4.61783e-05 7.55122 0)
(-0.000202453 7.53839 0)
(-0.00068357 7.27751 0)
(-0.000348552 4.79641 0)
(-0.000243676 4.77686 0)
(-0.00061575 7.27149 0)
(-0.000428167 7.53809 0)
(-0.000300449 7.55196 0)
(0.000148651 7.55224 0)
(0.000401015 7.55249 0)
(0.000945713 7.55247 0)
(0.00137047 7.5526 0)
(0.00190849 7.55261 0)
(0.00236775 7.55249 0)
(0.00247058 7.55232 0)
(0.00214768 7.55208 0)
(0.00171404 7.552 0)
(0.00125974 7.55197 0)
(0.000814515 7.55196 0)
(0.000451466 7.55199 0)
(3.33254e-05 7.55167 0)
(-0.000129497 7.53881 0)
(-0.000512324 7.27767 0)
(-0.000310258 4.79473 0)
(-0.000105783 4.77831 0)
(-0.000300723 7.27192 0)
(-0.000162885 7.53752 0)
(3.88841e-05 7.55102 0)
(0.000393736 7.55141 0)
(0.000722437 7.55157 0)
(0.00119727 7.55169 0)
(0.00165156 7.55189 0)
(0.00213995 7.55211 0)
(0.00252205 7.55232 0)
(0.00257263 7.55247 0)
(0.00229034 7.55262 0)
(0.00187145 7.55278 0)
(0.00142637 7.5529 0)
(0.00099196 7.55298 0)
(0.000626524 7.55305 0)
(0.000250559 7.55275 0)
(8.12483e-05 7.53983 0)
(-0.000264817 7.27831 0)
(-0.000151409 4.7931 0)
(-1.52105 4.1975 -1.25659e-21)
(1.39603 5.07203 8.67703e-18)
(0.50649 4.72617 -7.52395e-18)
(0.998863 4.28565 0)
(0.976047 3.96004 0)
(1.02147 3.68847 -1.16271e-17)
(1.03392 3.4796 1.07323e-17)
(0.838611 3.1846 -1.18829e-17)
(0.650513 2.83543 1.94977e-19)
(0.0472909 1.94423 1.31884e-17)
(-0.230901 4.62645 -1.67589e-21)
(0.669412 4.37186 1.05118e-18)
(0.338462 4.09362 0)
(0.563442 3.91383 0)
(0.540884 3.64441 3.52034e-19)
(0.590273 3.42818 2.31183e-17)
(0.556013 3.17983 -1.20746e-17)
(0.427727 3.00494 -1.91763e-19)
(0.318557 2.7986 1.92696e-19)
(0.146265 2.09675 0)
(-0.155292 3.53357 9.34972e-18)
(0.527085 3.84242 -9.38934e-18)
(0.335227 3.76806 0)
(0.485704 3.5597 1.0757e-17)
(0.424918 3.39094 -8.37206e-21)
(0.427446 3.25926 -1.13326e-17)
(0.333012 3.1853 -1.25534e-17)
(0.230017 3.09864 -2.05108e-21)
(0.189539 2.99641 1.94704e-19)
(0.00584098 2.24617 0)
(-0.144711 3.15398 -4.57857e-18)
(0.277785 3.5876 0)
(0.151213 3.51151 -5.48429e-18)
(0.250552 3.4349 -5.33739e-18)
(0.215822 3.33259 3.59781e-19)
(0.230061 3.23652 -6.32891e-18)
(0.184109 3.14112 6.16083e-18)
(0.120148 3.07661 -1.93693e-19)
(0.08745 3.02615 2.9278e-19)
(0.0104042 2.33407 6.45107e-18)
(-0.0605462 2.80275 -5.1705e-18)
(0.227068 3.34151 0)
(0.132332 3.3486 1.09131e-17)
(0.205066 3.27072 -5.87573e-18)
(0.154153 3.22041 -2.98337e-21)
(0.15402 3.16398 3.34369e-19)
(0.108405 3.14811 -1.27683e-20)
(0.0638351 3.12637 -6.44261e-18)
(0.0616517 3.09022 1.94395e-19)
(-0.0065738 2.38354 -1.32616e-17)
(-0.058859 2.60873 0)
(0.103257 3.24395 -5.4407e-18)
(0.0359 3.2815 -1.04224e-19)
(0.0950602 3.2307 -3.54419e-19)
(0.0663881 3.21297 3.58583e-19)
(0.0783269 3.17641 5.90536e-18)
(0.0595286 3.1658 6.11529e-18)
(0.0357271 3.13868 1.21856e-17)
(0.039287 3.10847 6.17925e-18)
(4.0998e-06 2.42651 2.69709e-22)
(-0.0326823 2.50456 0)
(0.0761136 3.14255 5.57923e-18)
(0.0294109 3.20877 -5.53763e-18)
(0.0704968 3.16914 -3.58656e-19)
(0.03885 3.17254 7.26729e-19)
(0.0462411 3.14527 9.36346e-22)
(0.033496 3.15874 -3.89377e-19)
(0.0229459 3.14539 -6.23843e-18)
(0.0320701 3.11718 -5.62458e-18)
(0.000821419 2.4599 -7.58999e-21)
(-0.0235695 2.44977 5.13857e-18)
(0.0353844 3.10284 -2.64117e-19)
(-0.0060882 3.18449 1.76683e-19)
(0.0285822 3.15717 0)
(0.00985262 3.16848 0)
(0.0211799 3.14318 0)
(0.0209112 3.1576 0)
(0.0173378 3.14514 6.40021e-18)
(0.0300958 3.1184 -6.00287e-18)
(0.00682109 2.49155 6.72412e-18)
(-0.022446 2.42941 1.12342e-19)
(0.0229856 3.07562 5.58957e-18)
(-0.00704971 3.15538 0)
(0.0161562 3.13343 -3.529e-19)
(0.00211507 3.14291 3.73573e-19)
(0.0107806 3.12923 0)
(0.0149494 3.14152 -1.9524e-19)
(0.0130298 3.13817 -6.21442e-18)
(0.030096 3.11224 6.61559e-18)
(0.0109646 2.5364 0)
(-0.028125 2.4314 -6.71124e-20)
(-0.00867647 3.07386 -8.31419e-18)
(-0.020947 3.14323 0)
(-0.00937327 3.13531 0)
(-0.00570129 3.13412 3.81054e-19)
(0.0010421 3.12994 -2.96592e-18)
(0.0132183 3.13488 -3.98159e-19)
(0.0119827 3.13472 3.26457e-18)
(0.0326133 3.11059 0)
(0.0113598 2.59591 0)
(-0.0377581 2.50052 -8.3377e-18)
(-0.0259375 3.08616 2.79509e-18)
(-0.0242612 3.13425 0)
(-0.0171132 3.13256 0)
(-0.00998759 3.12298 0)
(-0.00169269 3.12269 6.25237e-18)
(0.00741888 3.12335 0)
(0.0135952 3.12354 -3.47824e-18)
(0.0351314 3.10184 2.09703e-19)
(0.0179193 2.65021 3.43468e-18)
(-0.0394093 2.59816 2.85435e-18)
(-0.0335293 3.08836 -2.67222e-19)
(-0.0263728 3.11846 3.09977e-18)
(-0.0233888 3.10996 2.98754e-18)
(-0.0105146 3.09882 0)
(-0.00203499 3.0949 -3.12962e-18)
(0.00866126 3.08935 0)
(0.0176436 3.09129 0)
(0.0395957 3.07505 0)
(0.0224855 2.7054 -3.45063e-18)
(-0.0402953 2.66627 -2.69516e-18)
(-0.0486748 3.0655 2.76986e-18)
(-0.0280297 3.07338 -2.90886e-18)
(-0.0229956 3.06201 -4.47935e-18)
(-0.0095879 3.05391 0)
(0.00218675 3.05067 3.93799e-19)
(0.0154556 3.05158 -2.01972e-19)
(0.0261929 3.05553 1.45383e-18)
(0.0437856 3.05199 1.81093e-18)
(0.0247912 2.76873 -1.8539e-18)
(-0.0367956 2.75882 2.76769e-18)
(-0.0483641 3.03784 -2.66112e-18)
(-0.0315754 3.0378 1.82502e-19)
(-0.0156513 3.03047 1.12331e-18)
(-0.00785786 3.0297 -1.5426e-18)
(0.00604662 3.02965 0)
(0.0176558 3.03225 1.62571e-18)
(0.0264899 3.03633 4.80706e-21)
(0.0460022 3.03917 -3.42221e-18)
(0.0262477 2.83756 -6.18715e-21)
(-0.0279183 2.8666 -6.97621e-19)
(-0.0421288 3.0227 1.77809e-19)
(-0.0271433 3.01828 -9.13197e-19)
(-0.0134292 3.01323 3.74824e-19)
(-0.00396183 3.01154 1.89749e-18)
(0.00270708 3.01125 -7.79486e-19)
(0.010835 3.01131 -8.12333e-19)
(0.0211073 3.01434 -8.34463e-19)
(0.0370683 3.01738 1.72067e-18)
(0.0245572 2.90075 8.80246e-19)
(-0.0152082 2.93908 5.62117e-19)
(-0.0254948 3.00032 2.47408e-19)
(-0.0121822 2.99926 5.05939e-19)
(-0.00723716 3.00031 -1.03616e-18)
(-0.00199026 3.0017 3.50776e-19)
(0.0025235 3.00183 7.1794e-19)
(0.00676654 3.0006 -7.49222e-19)
(0.0108036 2.9998 -7.69619e-19)
(0.0219483 2.99962 9.91525e-20)
(0.0153628 2.95013 7.10401e-19)
)
;

boundaryField
{
    wall-4
    {
        type            noSlip;
    }
    pressure-outlet-7
    {
        type            zeroGradient;
    }
    velocity-inlet-6
    {
        type            fixedValue;
        value           uniform (0 3 0);
    }
    velocity-inlet-5
    {
        type            parabolicVelocity;
        maxValue        10;
        n               (1 0 0);
        y               (0 1 0);
        value           nonuniform List<vector> 
20
(
(0.381518 0 0)
(1.19474 0 0)
(2.1232 0 0)
(3.16908 0 0)
(4.32585 0 0)
(5.57242 0 0)
(6.86447 0 0)
(8.12141 0 0)
(9.20707 0 0)
(9.90123 0 0)
(9.90123 0 0)
(9.20707 0 0)
(8.12141 0 0)
(6.86447 0 0)
(5.57242 0 0)
(4.32585 0 0)
(3.16908 0 0)
(2.1232 0 0)
(1.19474 0 0)
(0.381518 0 0)
)
;
    }
    frontAndBackPlanes
    {
        type            empty;
    }
}


// ************************************************************************* //
