/*--------------------------------*- C++ -*----------------------------------*\
| =========                 |                                                 |
| \\      /  F ield         | OpenFOAM: The Open Source CFD Toolbox           |
|  \\    /   O peration     | Version:  2412                                  |
|   \\  /    A nd           | Website:  www.openfoam.com                      |
|    \\/     M anipulation  |                                                 |
\*---------------------------------------------------------------------------*/
FoamFile
{
    version     2.0;
    format      ascii;
    arch        "LSB;label=32;scalar=64";
    class       volVectorField;
    location    "0.5";
    object      U;
}
// * * * * * * * * * * * * * * * * * * * * * * * * * * * * * * * * * * * * * //

dimensions      [0 1 -1 0 0 0 0];

internalField   nonuniform List<vector> 
2200
(
(0.572107 0.160983 0)
(1.24723 0.305066 0)
(2.11985 0.329311 0)
(3.01531 0.314239 0)
(4.1475 0.22679 0)
(5.46168 0.149183 0)
(6.81492 0.0828828 0)
(8.11093 0.0741796 0)
(9.1985 0.0686229 0)
(9.86727 0.03389 0)
(9.86694 -0.0323194 0)
(9.19812 -0.0676817 0)
(8.11082 -0.0736051 0)
(6.81498 -0.0825365 0)
(5.46176 -0.149071 0)
(4.14739 -0.226858 0)
(3.01514 -0.314289 0)
(2.11969 -0.329427 0)
(1.24736 -0.305148 0)
(0.572257 -0.161035 0)
(1.67827 0.196363 0)
(1.90309 0.57461 0)
(2.39151 0.885739 0)
(3.1791 1.10399 0)
(4.16763 1.21341 0)
(5.26408 1.20268 0)
(6.5233 1.03156 0)
(7.81055 0.723864 0)
(8.93692 0.366808 0)
(9.6227 0.118826 0)
(9.62276 -0.115261 0)
(8.93646 -0.363325 0)
(7.80996 -0.720656 0)
(6.52249 -1.02896 0)
(5.26308 -1.20076 0)
(4.16717 -1.21197 0)
(3.17879 -1.10301 0)
(2.39109 -0.885053 0)
(1.9029 -0.574216 0)
(1.67825 -0.19622 0)
(2.99311 0.146334 0)
(3.24679 0.491068 0)
(3.30727 0.878396 0)
(3.73437 1.22989 0)
(4.44545 1.51117 0)
(5.39005 1.6223 0)
(6.40275 1.60403 0)
(7.47781 1.38367 0)
(8.47282 0.934613 0)
(9.14319 0.32899 0)
(9.14287 -0.322043 0)
(8.4719 -0.927734 0)
(7.4759 -1.37739 0)
(6.40034 -1.59893 0)
(5.38784 -1.61822 0)
(4.44366 -1.5081 0)
(3.73265 -1.22778 0)
(3.30591 -0.876966 0)
(3.24541 -0.490259 0)
(2.99172 -0.146071 0)
(4.04641 0.100328 0)
(4.3975 0.342716 0)
(4.44615 0.654701 0)
(4.65642 0.987613 0)
(4.9932 1.30711 0)
(5.55707 1.5453 0)
(6.40329 1.59673 0)
(7.34178 1.46004 0)
(8.22002 1.07636 0)
(8.87464 0.397287 0)
(8.87407 -0.387179 0)
(8.21829 -1.06723 0)
(7.33896 -1.45249 0)
(6.39978 -1.59058 0)
(5.55342 -1.54025 0)
(4.98908 -1.30311 0)
(4.6526 -0.984652 0)
(4.44249 -0.652751 0)
(4.39378 -0.341632 0)
(4.04277 -0.100017 0)
(4.75452 0.0716712 0)
(5.17661 0.234349 0)
(5.21339 0.451993 0)
(5.33284 0.690454 0)
(5.54037 0.938175 0)
(5.87368 1.15401 0)
(6.38281 1.29081 0)
(7.08268 1.2252 0)
(7.8076 0.91453 0)
(8.3546 0.348368 0)
(8.35334 -0.335301 0)
(7.80411 -0.902875 0)
(7.07768 -1.21565 0)
(6.37719 -1.28257 0)
(5.86745 -1.14738 0)
(5.53387 -0.933125 0)
(5.32625 -0.686849 0)
(5.20677 -0.4497 0)
(5.16962 -0.233165 0)
(4.74764 -0.0712618 0)
(5.21972 0.0484765 0)
(5.70041 0.157685 0)
(5.73246 0.305282 0)
(5.8037 0.468073 0)
(5.92928 0.642095 0)
(6.13262 0.805312 0)
(6.43594 0.917351 0)
(6.8377 0.897554 0)
(7.31038 0.69602 0)
(7.6886 0.277216 0)
(7.68654 -0.262521 0)
(7.30307 -0.681988 0)
(6.83048 -0.884798 0)
(6.42759 -0.906889 0)
(6.12344 -0.796995 0)
(5.91957 -0.63577 0)
(5.79371 -0.463499 0)
(5.72228 -0.302114 0)
(5.69066 -0.155859 0)
(5.21004 -0.0478749 0)
(5.5293 0.0314434 0)
(6.056 0.104129 0)
(6.08449 0.202196 0)
(6.12989 0.311131 0)
(6.20993 0.428837 0)
(6.33876 0.542228 0)
(6.53033 0.627434 0)
(6.7865 0.635339 0)
(7.08912 0.51573 0)
(7.33761 0.213869 0)
(7.33534 -0.195011 0)
(7.08566 -0.498443 0)
(6.77677 -0.620944 0)
(6.51873 -0.614816 0)
(6.32588 -0.53229 0)
(6.19628 -0.421434 0)
(6.11577 -0.306004 0)
(6.07026 -0.199256 0)
(6.03967 -0.102982 0)
(5.51317 -0.03101 0)
(5.731 0.0199324 0)
(6.29225 0.0677694 0)
(6.31683 0.131715 0)
(6.34637 0.20297 0)
(6.3985 0.28033 0)
(6.48205 0.35545 0)
(6.60573 0.413075 0)
(6.77315 0.426624 0)
(6.98554 0.352812 0)
(7.14418 0.149316 0)
(7.14042 -0.128573 0)
(6.96945 -0.332386 0)
(6.76069 -0.407184 0)
(6.59015 -0.39758 0)
(6.46445 -0.343239 0)
(6.37954 -0.271018 0)
(6.32649 -0.196125 0)
(6.29583 -0.126587 0)
(6.27561 -0.0641055 0)
(5.71504 -0.0185648 0)
(5.8596 0.012584 0)
(6.44568 0.0439193 0)
(6.46671 0.0853771 0)
(6.4857 0.13166 0)
(6.51912 0.181875 0)
(6.57266 0.231119 0)
(6.65152 0.269074 0)
(6.75775 0.278915 0)
(6.87371 0.234073 0)
(6.98842 0.104101 0)
(6.98529 -0.0758832 0)
(6.87385 -0.207544 0)
(6.74003 -0.255568 0)
(6.63046 -0.249481 0)
(6.54958 -0.21566 0)
(6.49504 -0.170294 0)
(6.46112 -0.123216 0)
(6.44344 -0.080057 0)
(6.41346 -0.0424303 0)
(5.82528 -0.0127526 0)
(5.94198 0.00806624 0)
(6.54523 0.0287197 0)
(6.56359 0.0558027 0)
(6.57556 0.0861298 0)
(6.59649 0.118931 0)
(6.62973 0.150709 0)
(6.6792 0.177197 0)
(6.74166 0.18143 0)
(6.8317 0.156016 0)
(6.88472 0.0755039 0)
(6.87722 -0.0396219 0)
(6.8066 -0.124125 0)
(6.72237 -0.156029 0)
(6.65217 -0.153361 0)
(6.59959 -0.133082 0)
(6.56344 -0.105518 0)
(6.5404 -0.0772048 0)
(6.52368 -0.0513637 0)
(6.51439 -0.0256457 0)
(5.9192 -0.00559152 0)
(5.99614 0.00537219 0)
(6.61093 0.0193098 0)
(6.62754 0.0374611 0)
(6.63498 0.0579841 0)
(6.64788 0.0804263 0)
(6.66821 0.102366 0)
(6.69719 0.120791 0)
(6.7402 0.137803 0)
(6.77334 0.109109 0)
(6.819 0.0511324 0)
(6.81163 -0.0147285 0)
(6.76546 -0.0690543 0)
(6.71042 -0.0903602 0)
(6.66427 -0.0897915 0)
(6.62993 -0.0781076 0)
(6.60616 -0.0606645 0)
(6.59048 -0.040658 0)
(6.58474 -0.0211238 0)
(6.57017 -0.00750279 0)
(5.9433 -0.00121273 0)
(6.03347 0.00377705 0)
(6.65602 0.0135789 0)
(6.67166 0.0262379 0)
(6.67646 0.0406802 0)
(6.6848 0.0568713 0)
(6.69803 0.0734424 0)
(6.71783 0.0862954 0)
(6.74723 0.100942 0)
(6.73776 0.078492 0)
(6.78766 0.0428789 0)
(6.77338 0.0065901 0)
(6.73942 -0.0312711 0)
(6.70148 -0.0458247 0)
(6.67057 -0.0473731 0)
(6.64848 -0.0409222 0)
(6.63533 -0.0313703 0)
(6.62895 -0.0206683 0)
(6.62529 -0.010258 0)
(6.58611 -0.00262726 0)
(5.94901 -0.00127465 0)
(6.06034 0.00273842 0)
(6.68818 0.00977448 0)
(6.7032 0.0187542 0)
(6.70624 0.0288066 0)
(6.71144 0.0397888 0)
(6.71992 0.0514114 0)
(6.73237 0.0602843 0)
(6.73386 0.0553486 0)
(6.73565 0.0665619 0)
(6.76285 0.0631577 0)
(6.74938 0.0253078 0)
(6.72051 -0.00253844 0)
(6.69297 -0.0148888 0)
(6.67192 -0.0200451 0)
(6.65717 -0.019703 0)
(6.6464 -0.0162883 0)
(6.64181 -0.015556 0)
(6.63478 -0.0136221 0)
(6.59101 -0.0126486 0)
(5.96171 -0.00790368 0)
(6.08063 0.00226269 0)
(6.71179 0.00779861 0)
(6.72613 0.0147771 0)
(6.72743 0.0226708 0)
(6.72934 0.0305731 0)
(6.73413 0.0393131 0)
(6.7396 0.0487821 0)
(6.73032 0.0352661 0)
(6.77071 0.0666783 0)
(6.73347 0.086048 0)
(6.72862 0.0405203 0)
(6.70342 0.0207603 0)
(6.68193 0.00746438 0)
(6.66566 -0.00171339 0)
(6.65455 -0.00886129 0)
(6.64492 -0.0127006 0)
(6.63843 -0.0173193 0)
(6.6257 -0.019186 0)
(6.61247 -0.0236942 0)
(6.03337 -0.00788091 0)
(6.09866 0.00236719 0)
(6.73163 0.00776076 0)
(6.74532 0.0144387 0)
(6.7451 0.0222418 0)
(6.74434 0.0305815 0)
(6.74379 0.0382686 0)
(6.74186 0.0491062 0)
(6.73424 0.0383896 0)
(6.80727 0.0739207 0)
(6.72189 0.0868601 0)
(6.70885 0.0533733 0)
(6.68683 0.0403538 0)
(6.66772 0.0265861 0)
(6.65185 0.0157754 0)
(6.63969 0.0067167 0)
(6.63286 -0.00226128 0)
(6.62638 -0.00806101 0)
(6.6181 -0.0153689 0)
(6.64461 -0.00905424 0)
(6.07977 -0.00204609 0)
(6.11882 0.00283419 0)
(6.7528 0.0090284 0)
(6.76608 0.0166364 0)
(6.76485 0.0255439 0)
(6.76241 0.0360523 0)
(6.75638 0.0462731 0)
(6.74768 0.0582831 0)
(6.74781 0.0698883 0)
(6.80802 0.0780071 0)
(6.71937 0.081804 0)
(6.69485 0.0673394 0)
(6.67306 0.058626 0)
(6.65358 0.0460797 0)
(6.63727 0.0359394 0)
(6.62434 0.0279404 0)
(6.61493 0.0212527 0)
(6.60837 0.0165802 0)
(6.61187 0.0101433 0)
(6.64582 0.0096927 0)
(6.07067 0.00366196 0)
(6.14368 0.00349791 0)
(6.77857 0.0110241 0)
(6.79164 0.0202436 0)
(6.78985 0.0310675 0)
(6.78642 0.0438066 0)
(6.78007 0.0580919 0)
(6.77061 0.0746481 0)
(6.76989 0.0962196 0)
(6.80098 0.091723 0)
(6.72106 0.0856828 0)
(6.68837 0.0876445 0)
(6.66235 0.0784485 0)
(6.6406 0.0661202 0)
(6.62424 0.0547002 0)
(6.61266 0.0447399 0)
(6.60439 0.0366433 0)
(6.59766 0.0307468 0)
(6.60355 0.0260705 0)
(6.62473 0.0194735 0)
(6.01978 0.00784323 0)
(6.17469 0.00421365 0)
(6.81045 0.0133242 0)
(6.82326 0.0245964 0)
(6.82085 0.0377756 0)
(6.81642 0.0531343 0)
(6.80902 0.0705073 0)
(6.79822 0.0900355 0)
(6.7893 0.112974 0)
(6.79294 0.113832 0)
(6.72513 0.105801 0)
(6.68535 0.114871 0)
(6.65155 0.102603 0)
(6.62581 0.0880167 0)
(6.60785 0.0728264 0)
(6.59603 0.0586648 0)
(6.58905 0.0461744 0)
(6.58485 0.036609 0)
(6.58912 0.0293687 0)
(6.58736 0.0196347 0)
(5.96676 0.00686237 0)
(6.21173 0.00545008 0)
(6.84915 0.0168629 0)
(6.86158 0.030652 0)
(6.8583 0.0469392 0)
(6.85231 0.0657338 0)
(6.84248 0.0869504 0)
(6.82766 0.109907 0)
(6.80877 0.134632 0)
(6.78981 0.143702 0)
(6.72891 0.145435 0)
(6.67982 0.148296 0)
(6.63676 0.133031 0)
(6.60548 0.114059 0)
(6.58397 0.0938489 0)
(6.56987 0.0747513 0)
(6.56152 0.0575193 0)
(6.55825 0.0427468 0)
(6.55755 0.0306201 0)
(6.54491 0.0180541 0)
(5.91923 0.00578327 0)
(6.26181 0.00643478 0)
(6.89825 0.0205319 0)
(6.90997 0.0384482 0)
(6.90524 0.0589938 0)
(6.89693 0.0828447 0)
(6.88349 0.109475 0)
(6.86303 0.137756 0)
(6.83422 0.166299 0)
(6.79754 0.183447 0)
(6.73293 0.1913 0)
(6.67116 0.189686 0)
(6.61788 0.17064 0)
(6.57959 0.145928 0)
(6.55322 0.119649 0)
(6.53588 0.0946722 0)
(6.52526 0.0720393 0)
(6.51971 0.0520405 0)
(6.51655 0.0348088 0)
(6.50019 0.0193554 0)
(5.8747 0.00614833 0)
(6.31749 0.00956736 0)
(6.96052 0.0286167 0)
(6.97149 0.0505488 0)
(6.96492 0.0770216 0)
(6.95333 0.107082 0)
(6.93462 0.14067 0)
(6.90626 0.176004 0)
(6.86582 0.210387 0)
(6.81217 0.234979 0)
(6.73575 0.246684 0)
(6.65757 0.241128 0)
(6.59162 0.216758 0)
(6.54436 0.184924 0)
(6.51175 0.151255 0)
(6.49019 0.11912 0)
(6.47669 0.0899606 0)
(6.46888 0.0642497 0)
(6.46423 0.0419345 0)
(6.44564 0.0228987 0)
(5.82122 0.00696392 0)
(6.41255 0.0107817 0)
(7.04319 0.0337924 0)
(7.05252 0.0652047 0)
(7.043 0.0995307 0)
(7.02647 0.139516 0)
(7.00015 0.183219 0)
(6.96096 0.228237 0)
(6.90604 0.270488 0)
(6.83378 0.301892 0)
(6.74005 0.315789 0)
(6.64287 0.305753 0)
(6.56212 0.274213 0)
(6.50401 0.233612 0)
(6.46351 0.190956 0)
(6.4363 0.150142 0)
(6.41878 0.113066 0)
(6.40809 0.0803716 0)
(6.40157 0.0525965 0)
(6.38159 0.0283044 0)
(5.76271 0.00942373 0)
(6.50124 0.0169371 0)
(7.15334 0.0532586 0)
(7.16012 0.0903245 0)
(7.14519 0.137453 0)
(7.12019 0.189169 0)
(7.0815 0.244971 0)
(7.02599 0.300848 0)
(6.95104 0.351177 0)
(6.85545 0.387517 0)
(6.73819 0.40095 0)
(6.61759 0.384512 0)
(6.5184 0.34385 0)
(6.44678 0.29309 0)
(6.39626 0.240253 0)
(6.36174 0.189634 0)
(6.33917 0.143462 0)
(6.32537 0.102731 0)
(6.3172 0.0667109 0)
(6.29485 0.0381242 0)
(5.67518 0.0106961 0)
(6.69068 0.0255951 0)
(7.3078 0.0623699 0)
(7.30766 0.126126 0)
(7.28281 0.188283 0)
(7.24242 0.258566 0)
(7.18426 0.330678 0)
(7.1057 0.399094 0)
(7.00488 0.457328 0)
(6.88165 0.496572 0)
(6.73696 0.506928 0)
(6.59153 0.481824 0)
(6.47311 0.429965 0)
(6.38667 0.367439 0)
(6.32439 0.302743 0)
(6.28036 0.240189 0)
(6.24997 0.181926 0)
(6.22971 0.129469 0)
(6.21679 0.0842454 0)
(6.19062 0.0399588 0)
(5.57662 0.0152918 0)
(6.87053 0.0340571 0)
(7.50981 0.128276 0)
(7.50037 0.194865 0)
(7.45466 0.283332 0)
(7.38919 0.37435 0)
(7.30268 0.460357 0)
(7.19295 0.537565 0)
(7.05953 0.598711 0)
(6.90351 0.634932 0)
(6.727 0.636444 0)
(6.55255 0.598397 0)
(6.41101 0.532883 0)
(6.30684 0.457654 0)
(6.23007 0.381308 0)
(6.17394 0.308089 0)
(6.13354 0.240193 0)
(6.10514 0.177849 0)
(6.08572 0.122571 0)
(6.05584 0.0803475 0)
(5.47038 0.019876 0)
(7.39979 0.103274 0)
(7.81096 0.167293 0)
(7.76367 0.313699 0)
(7.67328 0.44657 0)
(7.566 0.553507 4.50742e-33)
(7.43641 0.647207 -2.66358e-33)
(7.28373 0.725337 0)
(7.1092 0.780382 0)
(6.91481 0.805044 0)
(6.70313 0.790746 0)
(6.4997 0.734995 0)
(6.33622 0.653598 0)
(6.21455 0.565287 0)
(6.12283 0.47724 0)
(6.05341 0.392453 0)
(6.00101 0.312355 0)
(5.96169 0.237252 0)
(5.93066 0.162075 0)
(5.87622 0.0862695 0)
(5.16871 0.0456859 0)
(7.78273 0.283074 -2.49889e-19)
(8.21772 0.36203 2.24294e-19)
(8.05538 0.595011 0)
(7.90798 0.713876 1.05384e-19)
(7.74799 0.808206 -8.48895e-20)
(7.56795 0.896748 2.82482e-33)
(7.36913 0.964786 0)
(7.15269 1.00601 2.27611e-19)
(6.91975 1.01448 -7.99524e-19)
(6.67187 0.982194 1.73066e-19)
(6.43663 0.908918 0)
(6.24619 0.813428 -5.41297e-19)
(6.10046 0.714259 -6.75574e-19)
(5.98599 0.617416 1.18878e-18)
(5.89391 0.525529 -9.54595e-19)
(5.81825 0.439961 0)
(5.75498 0.362851 -3.67949e-19)
(5.70046 0.298233 0)
(5.62992 0.207283 -2.07403e-18)
(4.95365 0.15417 2.20074e-18)
(8.0812 0.64282 -1.30573e-19)
(8.48129 0.894605 -1.85173e-18)
(8.29826 1.01405 5.08407e-19)
(8.10949 1.05175 4.98783e-19)
(7.89816 1.13014 -1.65847e-19)
(7.66967 1.20183 3.09723e-19)
(7.42781 1.2519 0)
(7.17164 1.27603 0)
(6.9007 1.26824 1.27078e-18)
(6.61526 1.22024 0)
(6.34316 1.13366 1.89689e-18)
(6.11961 1.02992 5.89267e-19)
(5.94544 0.92808 2.1674e-20)
(5.80513 0.8338 -1.34539e-18)
(5.6889 0.749426 0)
(5.59062 0.675569 0)
(5.50645 0.611308 -6.32711e-18)
(5.43405 0.558904 1.6045e-17)
(5.36056 0.547412 -9.58478e-18)
(4.80619 0.37415 -1.02453e-17)
(8.26328 1.03087 2.39014e-18)
(8.62722 1.50791 -8.27696e-19)
(8.46385 1.45508 -2.03112e-19)
(8.24825 1.4655 -9.06248e-19)
(7.99774 1.51715 5.80306e-19)
(7.73292 1.55425 -6.68357e-19)
(7.45683 1.5725 3.84841e-19)
(7.1668 1.57053 0)
(6.86297 1.54029 -2.65131e-18)
(6.54555 1.47297 2.80661e-18)
(6.24341 1.37193 -5.1752e-18)
(5.99492 1.26073 2.50489e-18)
(5.80154 1.15787 -1.81685e-18)
(5.64633 1.06734 3.99795e-18)
(5.51905 0.989837 0)
(5.41335 0.924691 -1.55419e-18)
(5.32507 0.868824 0)
(5.25247 0.809104 9.05007e-18)
(5.17913 0.83939 -2.16079e-17)
(4.70023 0.609891 1.1951e-17)
(8.38892 1.4159 -9.90765e-18)
(8.66339 2.05989 5.70109e-18)
(8.54204 1.86065 8.08835e-19)
(8.30315 1.89058 0)
(8.03271 1.92165 3.18782e-19)
(7.75387 1.92071 -2.75153e-19)
(7.45816 1.90618 -4.51505e-19)
(7.14497 1.87612 0)
(6.81679 1.82098 1.87571e-18)
(6.47472 1.73232 -1.93478e-18)
(6.1498 1.61545 4.49158e-18)
(5.88366 1.49558 0)
(5.67826 1.38981 -3.7977e-18)
(5.51541 1.29974 2.10917e-18)
(5.38401 1.22446 5.6579e-18)
(5.27681 1.16239 -4.96505e-18)
(5.18866 1.11129 8.26748e-18)
(5.11945 1.04565 -1.84367e-17)
(5.04197 1.08971 1.17429e-17)
(4.60131 0.836413 -1.31168e-17)
(8.47602 1.7822 5.49679e-18)
(8.63617 2.55779 -6.28737e-18)
(8.56936 2.23093 2.38147e-18)
(8.28961 2.30748 -3.21364e-18)
(8.01843 2.30702 1.92769e-18)
(7.73762 2.27367 -1.97897e-19)
(7.43064 2.23453 1.11001e-19)
(7.10261 2.17959 -1.49284e-18)
(6.75716 2.10067 -1.90455e-18)
(6.39635 1.99069 -4.13256e-18)
(6.05396 1.85707 -9.66215e-18)
(5.77493 1.72683 -3.18658e-18)
(5.56152 1.61572 1.19058e-19)
(5.39418 1.5232 -7.42537e-18)
(5.2607 1.44705 -2.55085e-19)
(5.15294 1.38505 7.23086e-18)
(5.06491 1.33567 -2.23985e-18)
(4.9984 1.26714 -1.33123e-18)
(4.91811 1.3131 0)
(4.50332 1.04521 2.76015e-17)
(8.52101 2.07425 0)
(8.57204 3.05469 1.65723e-18)
(8.56115 2.56976 0)
(8.23635 2.71569 -4.69545e-19)
(7.97995 2.66439 -2.32004e-18)
(7.69516 2.60909 2.33851e-19)
(7.37947 2.55052 3.98717e-19)
(7.04129 2.47369 2.59748e-18)
(6.68346 2.37313 -1.12777e-18)
(6.30874 2.24276 1.87295e-18)
(5.95332 2.09214 5.1962e-18)
(5.66503 1.95029 7.03264e-18)
(5.44624 1.83204 -4.3492e-18)
(5.2762 1.73505 8.02569e-18)
(5.14175 1.65606 -6.42975e-18)
(5.03406 1.59223 0)
(4.94622 1.54329 -1.71615e-17)
(4.8836 1.46967 2.30708e-17)
(4.79881 1.51916 1.75427e-18)
(4.41173 1.23237 -2.91575e-17)
(8.52513 2.34195 -1.02526e-18)
(8.53017 3.49918 -5.32325e-18)
(8.51131 2.91205 -1.32304e-17)
(8.17053 3.09574 6.9373e-18)
(7.92683 2.9983 -1.16144e-18)
(7.63446 2.92951 4.80086e-19)
(7.31231 2.85261 4.88556e-19)
(6.96686 2.75582 -4.64347e-19)
(6.6 2.63555 -4.16361e-18)
(6.21497 2.48598 1.97649e-20)
(5.84974 2.31852 -5.62999e-18)
(5.55457 2.16426 -7.45535e-18)
(5.33203 2.03755 4.8785e-18)
(5.1604 1.93464 -2.8794e-18)
(5.02578 1.85142 6.96836e-18)
(4.91873 1.78443 0)
(4.83173 1.73359 -1.05906e-17)
(4.77184 1.65966 1.5665e-17)
(4.68521 1.7016 3.05688e-17)
(4.31525 1.41254 -3.13144e-17)
(8.45821 2.72004 -2.52382e-17)
(8.4761 3.83885 1.19057e-17)
(8.4335 3.26346 8.42964e-18)
(8.09861 3.44175 -7.36256e-18)
(7.85954 3.31476 4.4162e-19)
(7.56082 3.23467 1.37363e-18)
(7.23469 3.14017 -5.42739e-19)
(6.88398 3.02515 -1.05063e-18)
(6.51035 2.88671 -2.55343e-18)
(6.11735 2.71908 4.24586e-18)
(5.74429 2.53516 5.41076e-18)
(5.44358 2.36802 1.17194e-17)
(5.21818 2.23186 0)
(5.04565 2.12185 2.03567e-19)
(4.9114 2.0333 -1.9273e-17)
(4.80545 1.96226 4.41162e-18)
(4.71977 1.90817 2.26197e-17)
(4.66219 1.83349 -6.59691e-18)
(4.57577 1.86966 1.47321e-17)
(4.21438 1.57226 -7.48558e-19)
(8.36259 3.05372 1.35285e-18)
(8.40827 4.15546 1.10586e-17)
(8.34778 3.59605 6.18741e-18)
(8.02053 3.75909 -1.28104e-17)
(7.78058 3.61397 7.4957e-18)
(7.47757 3.52287 -1.76409e-18)
(7.1492 3.41205 4.97228e-19)
(6.79477 3.28058 2.66732e-18)
(6.41619 3.12558 4.66187e-18)
(6.01702 2.94123 -5.32171e-18)
(5.63748 2.74155 0)
(5.33193 2.56137 -4.56921e-18)
(5.10406 2.415 5.24177e-18)
(4.93095 2.29688 6.99244e-18)
(4.79744 2.20195 -4.00256e-18)
(4.69298 2.12599 -1.01181e-17)
(4.60895 2.0681 -3.0696e-18)
(4.55478 1.98949 -3.4479e-20)
(4.46659 2.02595 0)
(4.11444 1.70802 0)
(8.23869 3.36142 -1.24041e-17)
(8.3177 4.43686 0)
(8.25508 3.9152 6.9797e-18)
(7.93416 4.05159 -3.35217e-18)
(7.69179 3.89731 -7.41378e-18)
(7.38767 3.79423 2.10381e-18)
(7.05838 3.66845 4.25052e-19)
(6.70162 3.5222 -1.58032e-18)
(6.31958 3.3521 3.26557e-18)
(5.91554 3.15238 -2.06426e-18)
(5.53028 2.93783 3.05933e-18)
(5.22002 2.74471 1.42356e-17)
(4.98951 2.58755 5.04754e-19)
(4.81572 2.46036 -7.12157e-18)
(4.68298 2.35797 1.37058e-17)
(4.58021 2.27606 1.79894e-19)
(4.49808 2.21369 3.28456e-18)
(4.44807 2.1299 -1.6049e-17)
(4.35654 2.16719 1.65545e-17)
(4.01637 1.82699 -1.66268e-17)
(8.10134 3.63549 -5.32194e-21)
(8.217 4.72695 0)
(8.16945 4.21145 0)
(7.84461 4.32531 2.75873e-18)
(7.598 4.16317 2.96287e-18)
(7.29355 4.04799 -1.37261e-18)
(6.96373 3.90894 4.21418e-20)
(6.60571 3.7492 0)
(6.22142 3.5655 -5.08108e-18)
(5.81364 3.35209 7.7903e-18)
(5.42327 3.12406 9.11375e-18)
(5.10811 2.91858 -5.33536e-18)
(4.87439 2.75034 -6.63903e-18)
(4.69936 2.61323 1.56546e-17)
(4.56709 2.50226 -4.84174e-18)
(4.46596 2.41326 -5.88112e-18)
(4.38594 2.34533 -3.58626e-18)
(4.34029 2.25663 -1.73432e-17)
(4.24547 2.2919 2.2418e-18)
(3.91947 1.93415 1.79217e-17)
(7.9673 3.89735 -4.94254e-18)
(8.11445 4.99484 -6.40227e-18)
(8.06251 4.49239 8.6196e-19)
(7.74162 4.58483 1.2862e-19)
(7.4989 4.41322 6.49268e-19)
(7.19604 4.28524 -3.96893e-18)
(6.86701 4.13383 0)
(6.50903 3.96223 1.15567e-18)
(6.12376 3.76672 -9.0947e-19)
(5.71321 3.54137 1.2652e-17)
(5.31801 3.30134 -2.25041e-18)
(4.99731 3.08426 2.48077e-18)
(4.75926 2.90486 0)
(4.58182 2.75701 -8.5324e-18)
(4.4492 2.63621 1.05702e-17)
(4.34932 2.53867 0)
(4.27156 2.4635 -7.89807e-18)
(4.22945 2.37109 2.30486e-17)
(4.13371 2.39897 2.79961e-18)
(3.82228 2.03233 -2.26461e-17)
(7.84223 4.12833 -1.01361e-17)
(7.99148 5.22394 1.21359e-17)
(7.97387 4.74136 0)
(7.64477 4.81846 6.7453e-18)
(7.3992 4.64426 0)
(7.09814 4.50657 3.44596e-18)
(6.77041 4.34461 0)
(6.41303 4.16197 0)
(6.02725 3.95552 -1.71412e-18)
(5.61444 3.71955 -1.22117e-17)
(5.21455 3.46924 -1.69399e-17)
(4.88768 3.242 3.06226e-18)
(4.64398 3.05204 1.13013e-17)
(4.4626 2.89305 9.52305e-18)
(4.32833 2.76129 -3.38378e-17)
(4.22902 2.65381 -1.40498e-17)
(4.15371 2.56953 8.14457e-18)
(4.1141 2.47367 0)
(4.02039 2.49172 2.4401e-17)
(3.73108 2.11628 -2.49764e-17)
(7.72794 4.35459 1.11258e-17)
(7.8917 5.4891 -1.32078e-17)
(7.85861 4.99006 0)
(7.53866 5.04557 -3.96712e-19)
(7.29778 4.86065 -2.65311e-18)
(6.9991 4.71142 0)
(6.67305 4.53919 8.95998e-20)
(6.31722 4.34695 1.12141e-18)
(5.93229 4.13164 -2.73127e-18)
(5.51854 3.88755 1.39966e-18)
(5.11468 3.6294 0)
(4.78112 3.39385 1.22686e-17)
(4.53019 3.1943 4.42644e-20)
(4.34268 3.02399 5.14258e-18)
(4.20465 2.87979 6.241e-18)
(4.10439 2.76006 0)
(4.03072 2.66453 -1.38465e-17)
(3.99238 2.56288 2.71543e-17)
(3.90155 2.56674 -2.96757e-17)
(3.63817 2.2013 5.44836e-17)
(7.60927 4.55925 0)
(7.75829 5.67167 0)
(7.77131 5.19748 -6.65165e-18)
(7.43622 5.24715 0)
(7.19781 5.06079 0)
(6.90281 4.90303 4.87785e-18)
(6.57963 4.7226 4.40945e-20)
(6.22592 4.52191 5.67521e-19)
(5.84186 4.29833 -4.73914e-19)
(5.42696 4.04658 0)
(5.01873 3.78161 -2.66071e-18)
(4.67757 3.53932 -1.01224e-17)
(4.4177 3.33176 -1.25553e-17)
(4.22151 3.15101 -5.16678e-18)
(4.07673 2.99397 6.80362e-18)
(3.97287 2.8602 -1.61487e-17)
(3.89948 2.75152 2.988e-17)
(3.86109 2.64648 5.15413e-19)
(3.78388 2.62429 -2.83135e-17)
(3.53236 2.27893 -3.52195e-18)
(7.52102 4.73768 0)
(7.65623 5.88874 -9.42537e-18)
(7.65904 5.40588 7.52548e-18)
(7.33373 5.44104 0)
(7.09905 5.24485 0)
(6.80584 5.07909 -1.07568e-17)
(6.48486 4.89012 0)
(6.13335 4.68107 0)
(5.75121 4.45023 -5.8567e-18)
(5.33696 4.19309 2.3255e-18)
(4.92622 3.92468 -2.22216e-17)
(4.57822 3.67916 0)
(4.30855 3.46654 -1.34103e-17)
(4.10134 3.27737 4.40085e-19)
(3.94642 3.10777 -2.13739e-17)
(3.8353 2.95712 8.75343e-18)
(3.75894 2.82869 2.23788e-19)
(3.71714 2.71104 -3.22719e-17)
(3.64747 2.66558 1.54301e-17)
(3.42969 2.32796 3.55664e-18)
(7.41625 4.93286 0)
(7.54753 6.07905 -1.09421e-17)
(7.56126 5.58895 7.81974e-18)
(7.23309 5.61391 1.47287e-17)
(7.00102 5.41644 2.5677e-18)
(6.71282 5.24266 -1.38728e-18)
(6.39618 5.04718 8.60764e-19)
(6.04864 4.83221 2.26663e-18)
(5.66936 4.59613 6.27472e-18)
(5.25574 4.33494 1.62327e-17)
(4.84178 4.06395 1.84743e-17)
(4.48584 3.81635 3.3914e-18)
(4.20458 3.6004 1.94862e-17)
(3.98339 3.40498 1.23729e-17)
(3.81365 3.2252 1.54151e-17)
(3.68876 3.05967 -9.59395e-18)
(3.60295 2.91123 -1.18354e-17)
(3.55698 2.77919 1.39625e-17)
(3.49969 2.72116 -8.6231e-18)
(3.31605 2.3531 1.14921e-17)
(7.32357 5.07267 1.72454e-17)
(7.41697 6.22687 1.73944e-17)
(7.47588 5.76279 4.12603e-18)
(7.13671 5.78144 2.57452e-19)
(6.91051 5.5758 -9.43085e-18)
(6.62528 5.39615 3.18415e-18)
(6.31071 5.1939 -9.83833e-19)
(5.96483 4.97168 -3.46326e-19)
(5.58665 4.72891 -7.24551e-18)
(5.17339 4.46292 -1.78539e-17)
(4.75766 4.19045 1.20312e-18)
(4.39574 3.94381 0)
(4.10374 3.72866 0)
(3.8679 3.53158 -6.34245e-18)
(3.68114 3.34583 -2.46558e-17)
(3.53895 3.16739 2.06091e-17)
(3.43787 2.9943 1.27715e-17)
(3.3812 2.82603 0)
(3.31686 2.72137 2.80835e-17)
(3.17045 2.35431 -1.25821e-17)
(7.24181 5.23116 -8.59379e-18)
(7.34107 6.40961 7.14891e-18)
(7.36108 5.91257 -9.35813e-18)
(7.03709 5.92646 -9.35245e-18)
(6.81543 5.71882 -3.73825e-18)
(6.53285 5.53275 9.30288e-19)
(6.22207 5.32442 0)
(5.88071 5.09693 -2.83763e-18)
(5.50759 4.85045 7.69613e-19)
(5.09868 4.58331 0)
(4.68399 4.31311 0)
(4.31733 4.07095 2.24939e-18)
(4.01446 3.85999 3.24253e-18)
(3.76225 3.6648 -6.72629e-18)
(3.55407 3.47788 1.77861e-17)
(3.38537 3.29639 -2.21669e-17)
(3.25219 3.11284 -2.77201e-17)
(3.15301 2.92233 2.51091e-17)
(3.08098 2.77711 -1.04751e-17)
(3.00156 2.32507 5.15181e-18)
(7.15752 5.37356 1.02277e-17)
(7.21133 6.53003 0)
(7.28411 6.06391 0)
(6.94806 6.06595 -2.95745e-18)
(6.72783 5.85288 2.37946e-18)
(6.45082 5.66242 -3.25753e-19)
(6.14548 5.45036 -2.87884e-18)
(5.80932 5.21925 2.0635e-18)
(5.43991 4.96939 1.26422e-17)
(5.03233 4.70001 -1.3957e-18)
(4.61582 4.4304 3.03929e-18)
(4.24326 4.19212 -1.90939e-17)
(3.92943 3.98676 -1.97033e-17)
(3.66091 3.79706 -3.51883e-18)
(3.43183 3.61352 0)
(3.23837 3.43275 -3.8763e-19)
(3.07847 3.24847 1.42558e-17)
(2.96346 3.03331 -2.76777e-17)
(2.83884 2.8332 2.12321e-17)
(2.78329 2.33397 1.77572e-17)
(7.08928 5.50631 -2.1964e-17)
(7.1465 6.702 -7.97343e-18)
(7.20544 6.20525 1.99278e-19)
(6.86633 6.20507 4.02756e-18)
(6.65133 5.98549 0)
(6.37443 5.78829 8.85322e-18)
(6.07005 5.56997 3.24435e-18)
(5.7343 5.33263 -4.70577e-19)
(5.36509 5.07725 -6.41193e-18)
(4.95814 4.80465 -1.35364e-18)
(4.54259 4.53694 1.25272e-18)
(4.16845 4.30596 1.66889e-17)
(3.84758 4.11086 1.91364e-17)
(3.56527 3.93177 3.34876e-18)
(3.31468 3.75784 1.76729e-17)
(3.08923 3.58858 0)
(2.87326 3.4356 0)
(2.63108 3.30105 1.79645e-17)
(2.30965 3.10974 2.42952e-19)
(1.7335 2.49242 -1.57638e-17)
(6.99791 5.60985 1.18083e-17)
(7.03118 6.79917 2.4013e-17)
(7.10013 6.32735 -3.53421e-17)
(6.77108 6.31801 1.96865e-17)
(6.55755 6.09757 -1.96813e-18)
(6.28602 5.89799 1.14657e-17)
(5.98535 5.67628 0)
(5.65324 5.43575 -1.31126e-18)
(5.28915 5.17878 0)
(4.8884 4.90762 1.76071e-17)
(4.47788 4.64608 -1.6745e-18)
(4.10394 4.42611 1.87257e-18)
(3.77628 4.24596 2.1452e-17)
(3.47961 4.08559 -7.33196e-18)
(3.20815 3.934 -9.34739e-18)
(2.9595 3.78791 0)
(2.73311 3.65262 0)
(2.52263 3.53634 0)
(2.31803 3.37219 -1.06637e-17)
(1.78072 2.79332 -5.35686e-18)
(6.91467 5.70848 0)
(6.91037 6.88446 0)
(7.00998 6.41727 1.26714e-17)
(6.6696 6.41524 -1.62506e-17)
(6.47122 6.19977 1.01254e-17)
(6.20606 6.00199 -1.03709e-17)
(5.91002 5.7806 -2.45452e-19)
(5.58351 5.54013 1.90084e-19)
(5.2253 5.28389 1.06622e-18)
(4.82908 5.01461 -2.01648e-17)
(4.42054 4.75815 2.89224e-18)
(4.04511 4.54865 1.64141e-17)
(3.71212 4.38436 -2.13112e-17)
(3.40577 4.24212 -2.38894e-17)
(3.12192 4.10663 8.29753e-18)
(2.86738 3.97308 0)
(2.65307 3.85138 1.31137e-17)
(2.48119 3.75283 1.67666e-17)
(2.23142 3.57968 -1.96287e-17)
(1.50058 3.06738 2.27466e-17)
(6.88371 5.86689 0)
(6.88336 7.06234 1.93345e-17)
(6.95957 6.56709 -3.16987e-18)
(6.62704 6.55361 2.03194e-17)
(6.41749 6.32466 -1.06397e-17)
(6.14239 6.11631 0)
(5.84521 5.88937 0)
(5.51981 5.64535 0)
(5.16277 5.3864 4.60463e-18)
(4.76742 5.11608 7.93057e-19)
(4.3601 4.86349 0)
(3.98559 4.66517 -1.62407e-17)
(3.65069 4.51956 0)
(3.33717 4.40488 1.70289e-17)
(3.03931 4.30597 -1.16905e-17)
(2.75978 4.20954 -9.5167e-18)
(2.51476 4.10004 -2.50215e-17)
(2.27945 3.95575 -1.54169e-17)
(1.89001 3.74456 -2.76385e-17)
(1.35548 3.42928 1.98345e-17)
(6.82576 5.93954 -7.29467e-18)
(6.80885 7.16101 -1.32579e-19)
(6.89794 6.68676 -3.26877e-18)
(6.54449 6.65789 -1.56896e-17)
(6.32787 6.41985 0)
(6.06109 6.20991 0)
(5.76999 5.98171 0)
(5.44829 5.73688 2.00481e-19)
(5.0942 5.47763 -5.91055e-18)
(4.70284 5.20969 0)
(4.30093 4.96451 0)
(3.93214 4.78013 0)
(3.60179 4.65546 0)
(3.29028 4.56544 1.25737e-17)
(2.99176 4.4852 3.20535e-17)
(2.72306 4.39275 1.01883e-17)
(2.49652 4.28428 2.50427e-17)
(2.27382 4.20862 -2.1796e-17)
(1.81599 4.0983 8.84471e-18)
(1.39373 3.85381 0)
(6.69958 6.03361 5.08171e-18)
(6.65005 7.19322 -3.31778e-17)
(6.76272 6.72432 -1.05856e-17)
(6.41884 6.7079 -2.46321e-18)
(6.23762 6.49254 2.34989e-18)
(5.98936 6.29743 -1.51453e-17)
(5.70182 6.07403 9.18682e-19)
(5.38215 5.8303 7.12485e-19)
(5.03029 5.57153 0)
(4.6431 5.30589 -1.25912e-18)
(4.24711 5.0667 1.14637e-18)
(3.88546 4.89402 0)
(3.56145 4.78809 0)
(3.25303 4.72898 -1.57395e-17)
(2.94392 4.69744 2.79199e-18)
(2.62505 4.67123 -9.58688e-18)
(2.33218 4.62185 2.20973e-17)
(1.99726 4.53149 2.10894e-17)
(1.44816 4.44496 -3.75623e-17)
(1.21953 4.25618 1.62093e-17)
(6.64954 6.13086 9.69859e-18)
(6.57517 7.3082 3.11129e-17)
(6.71595 6.83923 1.25675e-17)
(6.37389 6.82743 0)
(6.19311 6.6074 0)
(5.92594 6.40129 1.14247e-17)
(5.62926 6.16951 -5.00976e-18)
(5.30841 5.92045 -8.22673e-19)
(4.9599 5.65998 1.0782e-19)
(4.57942 5.39613 1.50308e-17)
(4.19238 5.16291 -2.03781e-17)
(3.84195 5.00238 0)
(3.53016 4.91647 0)
(3.23199 4.8882 -1.12186e-17)
(2.93279 4.88934 -1.46434e-17)
(2.67023 4.88274 0)
(2.45836 4.83569 -3.07919e-17)
(2.15789 4.85314 -5.86117e-18)
(1.63235 4.95963 3.45253e-17)
(1.37441 4.86617 -1.79925e-17)
(6.60419 6.2575 -2.40343e-17)
(6.55508 7.47552 -1.64701e-17)
(6.68097 6.99611 0)
(6.31058 6.96313 0)
(6.1076 6.71481 0)
(5.83191 6.49367 0)
(5.54303 6.25817 5.20431e-18)
(5.23158 6.00997 -1.72783e-18)
(4.89226 5.75234 0)
(4.52043 5.49187 -1.35934e-17)
(4.14289 5.26366 3.6942e-17)
(3.80541 5.11279 1.55327e-18)
(3.51114 5.04198 2.28115e-18)
(3.23952 5.0391 1.90231e-17)
(2.9669 5.08482 -1.26032e-17)
(2.66849 5.12489 0)
(2.37294 5.19854 9.68904e-18)
(1.95219 5.37141 8.42417e-19)
(1.21448 5.47997 -5.02778e-18)
(0.803401 5.45675 1.13479e-17)
(6.49577 6.32516 1.13395e-17)
(6.42602 7.53818 -1.57287e-17)
(6.54073 7.06166 0)
(6.16771 7.02979 -3.44492e-18)
(5.98945 6.78898 1.26095e-17)
(5.73817 6.58181 0)
(5.46444 6.35416 0)
(5.15954 6.10802 3.18763e-18)
(4.82378 5.84873 -7.43242e-19)
(4.45638 5.5857 1.37135e-17)
(4.0883 5.35765 -1.76682e-17)
(3.76714 5.2132 1.11879e-17)
(3.49326 5.15388 0)
(3.23715 5.17442 -1.04218e-17)
(2.9703 5.26354 6.48039e-18)
(2.71987 5.3857 7.04406e-18)
(2.53487 5.48704 0)
(2.14926 5.66446 4.73069e-18)
(1.49946 6.20509 7.383e-18)
(1.40989 6.55142 2.15177e-18)
(6.37359 6.41503 -2.0793e-17)
(6.27712 7.61714 2.30183e-17)
(6.41855 7.14614 1.63505e-17)
(6.06449 7.12527 -4.13911e-18)
(5.90988 6.89346 -1.90685e-17)
(5.66156 6.69029 0)
(5.38406 6.45778 4.78409e-18)
(5.0775 6.20503 -1.52206e-18)
(4.74485 5.94039 7.93642e-20)
(4.38653 5.67518 -1.19159e-17)
(4.03407 5.44856 -9.17107e-19)
(3.73471 5.30986 -1.25601e-17)
(3.49207 5.26275 1.52589e-17)
(3.28519 5.29646 4.72928e-18)
(3.09697 5.4413 -1.09127e-17)
(2.92346 5.58693 1.2175e-17)
(2.77199 5.72145 0)
(2.4104 6.36818 0)
(1.8719 7.23372 1.93945e-19)
(0.274783 7.31809 -3.18776e-18)
(6.29783 6.56355 1.01749e-17)
(6.19508 7.7761 2.14486e-17)
(6.35291 7.30651 -1.63563e-17)
(5.99288 7.27992 1.44903e-17)
(5.831 7.02836 1.86794e-17)
(5.57032 6.80848 0)
(5.29068 6.56412 -5.02536e-18)
(4.98975 6.30526 -2.43613e-18)
(4.66674 6.03758 0)
(4.32093 5.77041 0)
(3.98453 5.54192 0)
(3.70597 5.4031 0)
(3.49151 5.35854 -1.7386e-17)
(3.32437 5.38563 -6.60265e-18)
(3.18997 5.51983 0)
(3.09387 5.75288 -5.99525e-18)
(3.12268 5.98447 0)
(3.11216 6.43283 -2.23818e-18)
(2.87159 6.77359 -4.43521e-18)
(1.6241 6.7846 5.49972e-18)
(6.19588 6.68698 -1.95151e-17)
(6.07835 7.90429 -1.35984e-17)
(6.23303 7.43056 -1.02251e-17)
(5.8655 7.39937 -1.35141e-17)
(5.70626 7.13825 -8.79033e-18)
(5.45163 6.91329 0)
(5.1833 6.66581 -8.46992e-19)
(4.89298 6.40353 3.69678e-19)
(4.57981 6.13086 -2.28935e-18)
(4.24551 5.85748 0)
(3.92594 5.62338 1.05764e-18)
(3.67198 5.47891 -1.20254e-18)
(3.49323 5.43648 0)
(3.37388 5.45672 8.14781e-18)
(3.31715 5.57976 0)
(3.35215 5.83542 4.11572e-18)
(3.54936 6.12018 -9.17478e-18)
(3.95074 6.11135 2.10263e-18)
(4.16887 5.17214 -7.68331e-19)
(1.49352 4.54705 -3.51168e-18)
(6.0479 6.78559 -6.59604e-19)
(5.90505 7.99666 -7.02343e-18)
(6.0681 7.5226 1.39904e-17)
(5.71157 7.49243 -6.73564e-19)
(5.5665 7.23568 -2.36114e-18)
(5.3237 7.01543 0)
(5.06652 6.76804 4.88414e-18)
(4.78579 6.50224 2.36677e-18)
(4.48365 6.22435 4.49482e-18)
(4.16436 5.94549 -9.40052e-18)
(3.86546 5.70621 -1.32562e-17)
(3.63722 5.5523 0)
(3.49188 5.50002 1.1518e-17)
(3.43443 5.51573 -2.68784e-18)
(3.46698 5.53842 -3.8933e-18)
(3.60769 5.6756 0)
(3.89736 5.86262 4.04151e-18)
(4.03187 5.88244 -3.76217e-18)
(4.10522 4.57408 4.84471e-18)
(1.36666 2.81032 3.01496e-18)
(5.9072 6.9211 1.67636e-17)
(5.743 8.12754 -6.65261e-18)
(5.91928 7.65984 9.19118e-18)
(5.57489 7.62518 6.75867e-18)
(5.43485 7.36382 4.50834e-18)
(5.19762 7.13932 9.59694e-18)
(4.94792 6.88617 -9.38431e-18)
(4.67675 6.61432 -2.93058e-18)
(4.38697 6.33007 -3.16429e-18)
(4.08324 6.04364 -1.38015e-19)
(3.80361 5.79511 1.14789e-18)
(3.59803 5.62692 -1.06288e-17)
(3.47339 5.54126 4.97271e-18)
(3.43151 5.51524 -6.68946e-18)
(3.48857 5.46599 7.15338e-18)
(3.65098 5.44768 -4.04498e-18)
(3.88478 5.38983 9.06398e-18)
(3.81473 5.60568 -4.78119e-18)
(3.95819 4.48259 0)
(1.56258 2.81906 7.97236e-18)
(5.77095 7.0805 0)
(5.5881 8.28379 -2.2906e-17)
(5.76804 7.82425 5.44187e-19)
(5.43079 7.78013 -1.1555e-17)
(5.29199 7.51109 0)
(5.06122 7.2765 -7.0906e-18)
(4.81971 7.01334 7.69015e-18)
(4.55855 6.73197 2.74578e-18)
(4.28052 6.43788 2.40151e-18)
(3.99129 6.14018 7.4345e-18)
(3.72934 5.87815 1.11274e-17)
(3.54502 5.69346 2.21349e-19)
(3.44029 5.57096 -9.99477e-18)
(3.40316 5.50227 -2.66127e-18)
(3.40972 5.38423 6.84593e-18)
(3.51686 5.34661 -8.52918e-18)
(3.64749 5.16215 -5.00725e-18)
(3.52804 5.23881 5.90938e-18)
(3.81157 4.57097 0)
(2.1525 3.29515 0)
(5.61025 7.2309 -1.46985e-17)
(5.40863 8.42776 2.30388e-17)
(5.58659 7.97531 0)
(5.25766 7.91879 0)
(5.12444 7.64763 0)
(4.90367 7.40535 0)
(4.67292 7.13347 -3.58294e-18)
(4.42374 6.84297 -5.17702e-19)
(4.15928 6.53961 -3.47102e-19)
(3.88608 6.23144 1.04751e-18)
(3.64167 5.95477 -1.20762e-17)
(3.47226 5.75221 8.75273e-18)
(3.38318 5.59675 0)
(3.33926 5.47749 -8.97887e-20)
(3.31431 5.38501 -1.05579e-17)
(3.31475 5.30306 3.89461e-18)
(3.44672 5.13019 -5.23585e-18)
(3.36449 5.09785 -3.30607e-18)
(3.60701 4.71116 1.44199e-17)
(2.55586 3.73028 1.77253e-17)
(5.42637 7.37874 7.43642e-18)
(5.2064 8.56724 1.00501e-17)
(5.38317 8.12186 -3.75707e-19)
(5.06558 8.04939 5.30539e-18)
(4.94086 7.77731 0)
(4.73129 7.52894 1.02685e-17)
(4.51315 7.25052 -2.23614e-18)
(4.2779 6.95301 6.51796e-19)
(4.02844 6.64214 -2.10504e-19)
(3.77138 6.3246 9.40203e-19)
(3.54198 6.03235 8.18452e-18)
(3.37996 5.80704 -6.47033e-18)
(3.2894 5.63421 -6.31001e-18)
(3.26656 5.4744 -2.67573e-18)
(3.2346 5.42354 6.57051e-18)
(3.15045 5.26165 -1.25328e-17)
(3.26659 5.11474 7.31143e-18)
(3.18245 5.04468 -9.41037e-18)
(3.31472 4.82346 2.764e-17)
(2.71917 4.08215 -2.00991e-17)
(5.22868 7.53772 -6.97107e-18)
(4.99146 8.71571 0)
(5.16818 8.27891 -7.36527e-18)
(4.86336 8.18874 -1.00014e-17)
(4.74805 7.91359 0)
(4.5494 7.65777 -7.96188e-18)
(4.34408 7.37214 0)
(4.12264 7.06722 -2.8662e-18)
(3.88768 6.74806 -7.72425e-19)
(3.645 6.41999 4.79219e-18)
(3.42745 6.11311 -6.82506e-18)
(3.27007 5.86546 3.07911e-18)
(3.16909 5.68097 1.41339e-17)
(3.13792 5.52298 -5.13034e-18)
(3.1362 5.45815 6.21233e-18)
(3.03383 5.24308 3.90043e-18)
(3.06673 5.11542 -1.00087e-17)
(2.99229 5.02838 1.17277e-17)
(3.0256 4.91698 -6.20938e-20)
(2.74508 4.37051 2.16809e-18)
(5.01443 7.70144 1.32242e-17)
(4.7572 8.86768 -9.0011e-18)
(4.93756 8.43946 7.36437e-18)
(4.6468 8.33128 4.71228e-18)
(4.54086 8.05232 7.3674e-19)
(4.35292 7.7883 4.53222e-18)
(4.16066 7.49462 0)
(3.95314 7.18166 -2.01015e-19)
(3.73249 6.85376 0)
(3.50397 6.51533 -4.48527e-18)
(3.29721 6.19602 6.40551e-18)
(3.14447 5.93313 -1.26928e-18)
(3.03794 5.73323 -1.10265e-17)
(2.98548 5.58287 -5.05201e-18)
(2.9879 5.49084 2.82123e-18)
(2.89938 5.27561 -3.97293e-18)
(2.87477 5.16265 1.3863e-17)
(2.82668 5.06801 8.77048e-18)
(2.79916 5.00693 3.9502e-18)
(2.66584 4.5932 -1.68127e-17)
(4.77818 7.86401 7.72075e-19)
(4.4973 9.01598 5.18089e-18)
(4.68523 8.59769 0)
(4.40978 8.47057 8.26373e-18)
(4.31365 8.18734 -1.19739e-17)
(4.13711 7.91542 4.30511e-18)
(3.95942 7.61438 -2.45177e-18)
(3.76696 7.2941 1.81919e-18)
(3.56184 6.95827 -3.85965e-20)
(3.34802 6.61056 -6.88184e-19)
(3.15175 6.28056 5.99494e-18)
(3.00327 6.0078 1.09152e-17)
(2.8957 5.79532 1.74071e-20)
(2.82537 5.63717 8.9277e-18)
(2.81021 5.52139 5.95917e-18)
(2.74002 5.33743 -1.06088e-17)
(2.69689 5.23356 9.15845e-18)
(2.66147 5.13997 -5.30202e-18)
(2.61051 5.09396 2.27936e-20)
(2.50206 4.71851 1.50616e-17)
(4.51769 8.01819 2.27291e-17)
(4.20654 9.15637 -4.88826e-18)
(4.40875 8.74954 -1.15162e-17)
(4.14961 8.60563 9.36943e-18)
(4.06379 8.31714 -5.01926e-18)
(3.90117 8.03866 7.54915e-18)
(3.74005 7.73138 3.72109e-18)
(3.56392 7.40487 0)
(3.37514 7.06224 -1.96251e-19)
(3.17646 6.70652 1.82295e-19)
(2.99098 6.36727 -1.27621e-18)
(2.84635 6.08638 -9.57783e-18)
(2.7395 5.86652 -4.71696e-19)
(2.66058 5.69743 -2.05268e-19)
(2.62494 5.56524 8.38379e-18)
(2.56607 5.41149 3.80066e-18)
(2.51798 5.31167 -1.03593e-17)
(2.49516 5.21716 -5.18036e-18)
(2.41396 5.1824 -1.56295e-18)
(2.34435 4.76385 -1.28837e-17)
(4.23073 8.16801 0)
(3.88702 9.28995 3.88625e-18)
(4.10761 8.89543 -4.98283e-18)
(3.86456 8.73746 8.78951e-18)
(3.78959 8.44273 -1.00574e-17)
(3.64492 8.15825 3.83641e-18)
(3.50134 7.845 0)
(3.34281 7.51292 0)
(3.17156 7.16406 0)
(2.98897 6.8021 -1.1316e-18)
(2.81407 6.45559 1.0632e-18)
(2.67403 6.16852 -1.94837e-18)
(2.56895 5.94432 -5.8996e-18)
(2.48776 5.76839 -4.22931e-18)
(2.43708 5.62744 7.4963e-18)
(2.38191 5.49268 -6.58517e-18)
(2.33478 5.39534 -3.61776e-19)
(2.31667 5.29955 1.20145e-17)
(2.22558 5.26455 -1.47352e-18)
(2.16227 4.78843 0)
(3.91584 8.30199 2.0496e-17)
(3.53442 9.40774 -3.63687e-18)
(3.78009 9.02624 -4.13924e-20)
(3.55117 8.85851 0)
(3.48938 8.56052 -4.4377e-18)
(3.36667 8.27002 5.11748e-19)
(3.24208 7.95262 0)
(3.10319 7.6169 4.26309e-19)
(2.95115 7.26429 -3.36848e-19)
(2.78473 6.89724 0)
(2.62126 6.54567 0)
(2.48698 6.25465 4.13146e-18)
(2.384 6.02765 5.70354e-18)
(2.30256 5.84789 -2.09611e-19)
(2.24336 5.70308 2.20389e-18)
(2.19163 5.57669 -2.99924e-18)
(2.13816 5.48344 0)
(2.13493 5.38387 6.96111e-18)
(2.02075 5.35135 1.16085e-17)
(1.98866 4.8088 -2.26336e-17)
(3.56746 8.42377 1.66427e-17)
(3.14824 9.51204 -3.3243e-18)
(3.42255 9.14084 4.27562e-18)
(3.21023 8.96362 -1.10146e-17)
(3.16284 8.66689 0)
(3.06478 8.37087 0)
(2.96201 8.05076 0)
(2.84495 7.71312 4.11782e-19)
(2.71315 7.35935 -3.25332e-19)
(2.56394 6.99032 0)
(2.41328 6.63722 0)
(2.28504 6.34434 -5.83369e-18)
(2.18394 6.11608 2.60068e-18)
(2.10283 5.93423 -3.12053e-18)
(2.03973 5.78764 -6.47125e-18)
(1.98821 5.66472 0)
(1.93269 5.57028 1.71319e-18)
(1.93551 5.47615 2.13359e-18)
(1.81245 5.43118 -2.09971e-17)
(1.8019 4.84608 2.39403e-17)
(3.1898 8.5151 -1.41495e-17)
(2.72566 9.58566 4.67623e-18)
(3.03784 9.23163 9.66197e-18)
(2.84322 9.04323 5.90241e-18)
(2.81153 8.75107 -4.71217e-18)
(2.74015 8.45359 -2.57366e-18)
(2.66172 8.13458 1.42845e-18)
(2.56866 7.79881 0)
(2.45872 7.44762 0)
(2.32829 7.08152 0)
(2.19081 6.73048 2.09337e-18)
(2.06867 6.43846 5.41416e-18)
(1.96928 6.21065 -2.43554e-18)
(1.88817 6.0286 1.4377e-18)
(1.82277 5.88133 3.99875e-20)
(1.7697 5.75985 0)
(1.71871 5.66267 -3.17974e-18)
(1.71342 5.57476 1.59221e-17)
(1.61097 5.51459 -3.70528e-17)
(1.56985 4.91876 2.14442e-17)
(2.77013 8.58167 1.48367e-17)
(2.27012 9.6319 -1.21451e-17)
(2.61757 9.29324 0)
(2.44429 9.09592 2.91377e-18)
(2.43567 8.81038 1.85887e-18)
(2.39432 8.51506 3.56335e-18)
(2.34327 8.20051 -1.3363e-18)
(2.27641 7.87031 0)
(2.18988 7.52577 0)
(2.07914 7.16715 1.65635e-18)
(1.9549 6.82275 3.89001e-19)
(1.83877 6.53558 -2.85975e-18)
(1.74074 6.31093 -2.0094e-18)
(1.65898 6.13081 -4.33538e-18)
(1.59164 5.98435 8.44096e-18)
(1.53666 5.86385 -1.05539e-17)
(1.4887 5.76527 7.89248e-18)
(1.47451 5.67903 0)
(1.37978 5.61415 5.37594e-19)
(1.34945 5.0057 -2.06811e-17)
(2.32964 8.59868 1.58622e-17)
(1.78503 9.6274 0)
(2.17104 9.3117 0)
(2.02973 9.10644 0)
(2.04439 8.83163 1.29734e-18)
(2.03374 8.54508 -3.52441e-18)
(2.01197 8.24186 -1.13483e-18)
(1.97287 7.92402 0)
(1.91096 7.59256 0)
(1.8205 7.24751 -1.11295e-18)
(1.7095 6.91551 -1.13062e-18)
(1.59893 6.63792 1.42093e-18)
(1.50141 6.42002 -1.1237e-19)
(1.41767 6.24444 -1.57134e-18)
(1.34718 6.10063 4.07615e-18)
(1.28873 5.98163 -4.32821e-18)
(1.23932 5.88296 4.47677e-18)
(1.21814 5.79723 0)
(1.12212 5.73005 -5.0257e-19)
(1.11947 5.11521 -9.69671e-18)
(1.84156 8.54338 -1.41994e-17)
(1.2585 9.5525 4.67087e-18)
(1.68544 9.27293 5.8986e-18)
(1.59428 9.06803 -7.80911e-19)
(1.63995 8.81159 -3.27047e-18)
(1.66432 8.54182 -1.57747e-18)
(1.67392 8.25695 3.14255e-18)
(1.66307 7.95813 -2.17126e-19)
(1.6257 7.6461 0)
(1.55519 7.32099 -8.61808e-20)
(1.45705 7.00773 6.48934e-19)
(1.35147 6.74548 -1.04084e-18)
(1.25325 6.53923 0)
(1.16558 6.37239 1.18698e-18)
(1.08947 6.23474 0)
(1.02482 6.11972 9.66202e-19)
(0.970265 6.02298 5.62485e-19)
(0.941811 5.93864 0)
(0.841349 5.86888 0)
(0.870008 5.24967 -8.39603e-18)
(1.3509 8.4173 1.08195e-17)
(0.748465 9.40166 -3.84943e-18)
(1.2091 9.16502 2.43171e-18)
(1.16978 8.9681 -3.67804e-18)
(1.24238 8.73868 1.36e-18)
(1.29827 8.49508 -3.55049e-19)
(1.33781 8.2369 1.44803e-19)
(1.35449 7.96467 -4.34042e-19)
(1.34145 7.67903 -1.66035e-19)
(1.29108 7.38066 2.40449e-19)
(1.20628 7.09318 6.90458e-20)
(1.10623 6.85311 0)
(1.00747 6.66492 3.45831e-19)
(0.91519 6.51284 0)
(0.83174 6.38698 0)
(0.757981 6.281 0)
(0.693332 6.19079 3.84395e-18)
(0.653837 6.1115 -9.95824e-18)
(0.539877 6.04075 -6.51866e-20)
(0.604855 5.42314 7.10431e-18)
(0.854087 8.10624 1.65859e-18)
(0.246123 9.09126 1.27135e-18)
(0.737068 8.96732 -1.04307e-18)
(0.779985 8.79843 -6.59417e-19)
(0.878171 8.60777 5.34941e-19)
(0.96256 8.40268 3.32302e-19)
(1.02748 8.18307 1.88473e-19)
(1.06681 7.94872 0)
(1.07402 7.70006 -3.77772e-20)
(1.04071 7.43876 8.35222e-21)
(0.967445 7.18619 -2.80791e-19)
(0.872371 6.97622 0)
(0.772548 6.81378 2.72278e-21)
(0.674181 6.68469 -3.85713e-19)
(0.580394 6.57967 0)
(0.49282 6.49258 0)
(0.411111 6.41934 -2.24896e-19)
(0.34962 6.35632 0)
(0.222429 6.29347 -1.69579e-19)
(0.313724 5.69407 0)
(0.406568 7.64205 0)
(-0.0804737 8.67971 0)
(0.366288 8.65901 0)
(0.433852 8.5513 0)
(0.548234 8.42265 -1.13362e-32)
(0.657163 8.27329 7.49383e-33)
(0.746257 8.10286 0)
(0.808778 7.91234 0)
(0.838493 7.70342 0)
(0.826881 7.47922 0)
(0.772703 7.2614 0)
(0.69166 7.08201 0)
(0.601005 6.94558 0)
(0.508618 6.84033 0)
(0.418462 6.75804 0)
(0.332417 6.69309 0)
(0.250134 6.64157 0)
(0.179795 6.60089 0)
(0.0598839 6.5586 0)
(0.119396 5.98588 0)
(0.186973 7.27015 0)
(-0.0814918 8.29512 0)
(0.209862 8.31037 0)
(0.249325 8.26284 0)
(0.345465 8.19767 0)
(0.444767 8.10768 0)
(0.534155 7.99057 0)
(0.60535 7.84705 0)
(0.64944 7.67931 0)
(0.655929 7.49106 0)
(0.620472 7.30421 0)
(0.555285 7.15031 0)
(0.477379 7.03504 0)
(0.395965 6.94896 0)
(0.316021 6.88506 0)
(0.240485 6.83836 0)
(0.170782 6.80515 0)
(0.114699 6.78281 0)
(0.0314398 6.75783 0)
(0.05293 6.18347 0)
(0.0927824 7.10898 0)
(-0.0154286 8.04084 0)
(0.14576 8.05793 0)
(0.178601 8.03705 0)
(0.249698 8.00441 0)
(0.324729 7.95246 0)
(0.397249 7.87694 0)
(0.460759 7.77578 0)
(0.50572 7.64899 0)
(0.520246 7.49894 0)
(0.497136 7.34535 0)
(0.445309 7.21818 0)
(0.380643 7.12458 0)
(0.312689 7.05718 0)
(0.246853 7.00999 0)
(0.186166 6.97821 0)
(0.131741 6.95788 0)
(0.0886049 6.94582 0)
(0.0333423 6.9265 0)
(0.0272941 6.32997 0)
(0.0413615 7.04982 0)
(0.0118158 7.89753 0)
(0.100806 7.914 0)
(0.13471 7.9 0)
(0.190418 7.8771 0)
(0.248039 7.84086 0)
(0.305197 7.78762 0)
(0.357582 7.7139 0)
(0.397452 7.61762 0)
(0.413819 7.49904 0)
(0.398344 7.37444 0)
(0.357368 7.27071 0)
(0.304939 7.19521 0)
(0.249867 7.14199 0)
(0.196953 7.10571 0)
(0.148552 7.08187 0)
(0.105183 7.06686 0)
(0.0697176 7.05798 0)
(0.0308214 7.03943 0)
(0.0150705 6.4183 0)
(0.0178467 6.99997 0)
(0.0187527 7.79766 0)
(0.0683761 7.81599 0)
(0.0993362 7.80631 0)
(0.142815 7.78877 0)
(0.188411 7.76103 0)
(0.23469 7.72046 0)
(0.278021 7.66393 0)
(0.312341 7.58897 0)
(0.32839 7.49467 0)
(0.318056 7.39398 0)
(0.285849 7.30984 0)
(0.243733 7.24888 0)
(0.199328 7.20618 0)
(0.156654 7.17718 0)
(0.117656 7.15815 0)
(0.0828421 7.14617 0)
(0.0538246 7.13918 0)
(0.0255811 7.12158 0)
(0.00925804 6.48203 0)
(0.00887428 6.94766 0)
(0.0189909 7.71619 0)
(0.0488822 7.73578 0)
(0.0744765 7.72981 0)
(0.107364 7.71742 0)
(0.142937 7.69717 0)
(0.180067 7.66673 0)
(0.21565 7.62344 0)
(0.244777 7.56508 0)
(0.259675 7.49043 0)
(0.252914 7.4097 0)
(0.227678 7.34198 0)
(0.193967 7.29299 0)
(0.158256 7.2588 0)
(0.123944 7.23572 0)
(0.0927121 7.22072 0)
(0.0650766 7.21145 0)
(0.0418136 7.20616 0)
(0.020642 7.18954 0)
(0.00643867 6.53618 0)
(0.00545128 6.90305 0)
(0.016663 7.65344 0)
(0.0366561 7.67291 0)
(0.0571455 7.66909 0)
(0.082061 7.66028 0)
(0.109583 7.64565 0)
(0.138855 7.62308 0)
(0.16752 7.59024 0)
(0.191683 7.54509 0)
(0.204876 7.48633 0)
(0.200499 7.422 0)
(0.180752 7.36779 0)
(0.153891 7.32865 0)
(0.125357 7.30144 0)
(0.0979827 7.28324 0)
(0.0731527 7.27154 0)
(0.0513079 7.2644 0)
(0.0327824 7.26036 0)
(0.0164598 7.2443 0)
(0.00480317 6.58003 0)
(0.00386916 6.8681 0)
(0.0136114 7.60672 0)
(0.0280087 7.62555 0)
(0.0441764 7.6229 0)
(0.0632944 7.61632 0)
(0.0846677 7.60538 0)
(0.107633 7.58837 0)
(0.130466 7.5633 0)
(0.150143 7.52833 0)
(0.16141 7.48215 0)
(0.158587 7.43105 0)
(0.143157 7.38782 0)
(0.121857 7.35665 0)
(0.0991857 7.33507 0)
(0.0774507 7.3207 0)
(0.0577641 7.31152 0)
(0.0404913 7.30595 0)
(0.0257805 7.30277 0)
(0.0130231 7.287 0)
(0.00368529 6.61402 0)
(0.00294029 6.84055 0)
(0.0107958 7.57122 0)
(0.0215679 7.58938 0)
(0.0341936 7.58748 0)
(0.0489777 7.58245 0)
(0.065645 7.57411 0)
(0.0836745 7.56108 0)
(0.101781 7.54177 0)
(0.117635 7.51459 0)
(0.127042 7.47831 0)
(0.125232 7.43782 0)
(0.113191 7.40347 0)
(0.0963561 7.37871 0)
(0.0783972 7.36159 0)
(0.0611794 7.35022 0)
(0.0455948 7.34297 0)
(0.0319434 7.33859 0)
(0.0202946 7.33606 0)
(0.0102741 7.32044 0)
(0.0028615 6.64054 0)
(0.00230866 6.81866 0)
(0.0085004 7.54386 0)
(0.0166999 7.56144 0)
(0.0265173 7.5599 0)
(0.0380133 7.55604 0)
(0.0510327 7.54964 0)
(0.0651843 7.53962 0)
(0.0795032 7.52468 0)
(0.0921941 7.50351 0)
(0.0999335 7.47503 0)
(0.0987821 7.44302 0)
(0.0893878 7.41578 0)
(0.0761046 7.39615 0)
(0.0619022 7.38259 0)
(0.0482834 7.37359 0)
(0.0359635 7.36787 0)
(0.0251841 7.36442 0)
(0.0159767 7.3624 0)
(0.008096 7.34685 0)
(0.0022325 6.66144 0)
(0.00181866 6.80139 0)
(0.00666717 7.52266 0)
(0.0129932 7.53974 0)
(0.0206503 7.53835 0)
(0.0296227 7.53538 0)
(0.0397948 7.53045 0)
(0.0508916 7.52271 0)
(0.0621873 7.51112 0)
(0.072296 7.49462 0)
(0.07859 7.47227 0)
(0.0778578 7.44701 0)
(0.0705231 7.42545 0)
(0.060057 7.4099 0)
(0.0488489 7.39917 0)
(0.0380986 7.39207 0)
(0.0283729 7.38756 0)
(0.0198638 7.38484 0)
(0.0125876 7.3832 0)
(0.00637999 7.3677 0)
(0.00174589 6.67789 0)
(0.00141824 6.78784 0)
(0.00521151 7.50607 0)
(0.0101676 7.52277 0)
(0.0161568 7.52153 0)
(0.023154 7.51923 0)
(0.0311011 7.51542 0)
(0.039802 7.50942 0)
(0.0487029 7.50041 0)
(0.0567251 7.48752 0)
(0.0617969 7.46999 0)
(0.0613286 7.45006 0)
(0.055597 7.43303 0)
(0.0473599 7.42074 0)
(0.0385277 7.41226 0)
(0.0300501 7.40665 0)
(0.0223754 7.40309 0)
(0.0156603 7.40094 0)
(0.00991415 7.39961 0)
(0.00502545 7.38412 0)
(0.00136732 6.69081 0)
(0.00110699 6.77724 0)
(0.00408463 7.49297 0)
(0.00799192 7.50941 0)
(0.0126776 7.50842 0)
(0.0181392 7.50662 0)
(0.0243574 7.50365 0)
(0.0311806 7.49898 0)
(0.0381844 7.49196 0)
(0.0445283 7.48188 0)
(0.0485871 7.46811 0)
(0.0482887 7.45242 0)
(0.0438114 7.43897 0)
(0.037336 7.42927 0)
(0.0303793 7.42258 0)
(0.0236922 7.41815 0)
(0.0176352 7.41533 0)
(0.0123374 7.41363 0)
(0.00780374 7.41254 0)
(0.00395327 7.39705 0)
(0.00106915 6.70096 0)
(0.000879902 6.76893 0)
(0.00321335 7.48279 0)
(0.00625718 7.49901 0)
(0.00991681 7.49816 0)
(0.0142066 7.49676 0)
(0.019089 7.49444 0)
(0.0244496 7.49079 0)
(0.0299588 7.4853 0)
(0.0349649 7.47741 0)
(0.0381996 7.4666 0)
(0.0380118 7.45424 0)
(0.0345131 7.44364 0)
(0.0294212 7.43599 0)
(0.0239375 7.4307 0)
(0.0186613 7.4272 0)
(0.0138843 7.42497 0)
(0.0097108 7.42363 0)
(0.00614049 7.42274 0)
(0.00311146 7.40725 0)
(0.000838454 6.70895 0)
(0.000694031 6.76235 0)
(0.00252949 7.47481 0)
(0.00492381 7.49085 0)
(0.00779669 7.49008 0)
(0.0111581 7.48899 0)
(0.0149821 7.48719 0)
(0.0191874 7.48435 0)
(0.0235157 7.48005 0)
(0.0274626 7.47386 0)
(0.030035 7.46538 0)
(0.0299181 7.45565 0)
(0.0271798 7.4473 0)
(0.0231731 7.44126 0)
(0.0188528 7.43708 0)
(0.0146976 7.43432 0)
(0.0109383 7.43257 0)
(0.00765328 7.43152 0)
(0.00484072 7.43078 0)
(0.00245527 7.41528 0)
(0.000660799 6.71524 0)
(0.000531034 6.75723 0)
(0.00197761 7.46843 0)
(0.00389945 7.48436 0)
(0.00616731 7.48379 0)
(0.00879161 7.48293 0)
(0.0117826 7.48152 0)
(0.0150746 7.47929 0)
(0.0184696 7.47592 0)
(0.0215774 7.47107 0)
(0.0236162 7.46441 0)
(0.02354 7.45675 0)
(0.0213912 7.45017 0)
(0.0182388 7.44541 0)
(0.0148412 7.44212 0)
(0.0115755 7.43995 0)
(0.00861969 7.43858 0)
(0.006033 7.43775 0)
(0.00381488 7.43713 0)
(0.00193695 7.42163 0)
(0.000521499 6.72019 0)
(0.00041438 6.7532 0)
(0.00155511 7.46334 0)
(0.00308344 7.47919 0)
(0.00486431 7.47884 0)
(0.00691502 7.47817 0)
(0.00926134 7.47705 0)
(0.0118455 7.4753 0)
(0.0145161 7.47266 0)
(0.0169666 7.46885 0)
(0.0185807 7.46362 0)
(0.0185324 7.4576 0)
(0.0168499 7.45242 0)
(0.014375 7.44867 0)
(0.0117058 7.44609 0)
(0.00913633 7.44438 0)
(0.00680528 7.44329 0)
(0.00476175 7.44264 0)
(0.00300666 7.44211 0)
(0.00152266 7.4266 0)
(0.000407536 6.72407 0)
(0.000326655 6.75008 0)
(0.00122538 7.45941 0)
(0.00242636 7.47521 0)
(0.00381891 7.47502 0)
(0.00542415 7.47448 0)
(0.00726225 7.4736 0)
(0.00928729 7.47222 0)
(0.0113834 7.47014 0)
(0.0133089 7.46715 0)
(0.0145798 7.46302 0)
(0.0145449 7.45827 0)
(0.0132266 7.45419 0)
(0.0112882 7.45125 0)
(0.00919522 7.44922 0)
(0.00717556 7.44787 0)
(0.00534136 7.44702 0)
(0.00373517 7.4465 0)
(0.00235705 7.44604 0)
(0.00119106 7.43053 0)
(0.000316721 6.72712 0)
(0.00026375 6.7475 0)
(0.000972824 7.45619 0)
(0.00190915 7.47194 0)
(0.00300632 7.47186 0)
(0.00428112 7.47144 0)
(0.00574102 7.47075 0)
(0.00734913 7.46967 0)
(0.00901304 7.46804 0)
(0.0105423 7.4657 0)
(0.0115579 7.46248 0)
(0.0115471 7.45878 0)
(0.0105189 7.45557 0)
(0.0089868 7.45325 0)
(0.00732019 7.45163 0)
(0.00570791 7.45056 0)
(0.00424447 7.44987 0)
(0.00296611 7.44946 0)
(0.00187158 7.44906 0)
(0.000942883 7.43354 0)
(0.000247852 6.72948 0)
(0.000203613 6.74567 0)
(0.000746414 7.45394 0)
(0.00146097 7.46964 0)
(0.00230425 7.46963 0)
(0.00328605 7.4693 0)
(0.00440879 7.46876 0)
(0.00564602 7.4679 0)
(0.00692582 7.46662 0)
(0.00809992 7.46476 0)
(0.00887221 7.46219 0)
(0.0088453 7.45923 0)
(0.00803435 7.45668 0)
(0.00684683 7.45486 0)
(0.00557039 7.45361 0)
(0.00434168 7.45279 0)
(0.00323049 7.45227 0)
(0.00225975 7.45197 0)
(0.00142996 7.45163 0)
(0.000724512 7.4361 0)
(0.000192791 6.73146 0)
(0.000170316 6.74379 0)
(0.000617017 7.45164 0)
(0.0012006 7.46731 0)
(0.0018959 7.46734 0)
(0.00270785 7.46709 0)
(0.00363478 7.46666 0)
(0.00465574 7.46599 0)
(0.00571442 7.46498 0)
(0.00669351 7.46353 0)
(0.00736136 7.46155 0)
(0.00739028 7.4593 0)
(0.00676977 7.45735 0)
(0.00581992 7.45591 0)
(0.0047571 7.4549 0)
(0.00372542 7.45423 0)
(0.00277659 7.45381 0)
(0.00194299 7.45355 0)
(0.00122777 7.45324 0)
(0.000625019 7.4377 0)
(0.00016812 6.73274 0)
(0.000126261 6.74284 0)
(0.000457955 7.45052 0)
(0.000887556 7.46618 0)
(0.00140223 7.46624 0)
(0.00200295 7.46605 0)
(0.00268975 7.46571 0)
(0.00344957 7.46519 0)
(0.00424027 7.4644 0)
(0.00497351 7.46326 0)
(0.00545145 7.46166 0)
(0.00541514 7.45982 0)
(0.00487614 7.45823 0)
(0.00408043 7.4571 0)
(0.00329593 7.45638 0)
(0.00251657 7.45592 0)
(0.00187688 7.45564 0)
(0.00130642 7.45546 0)
(0.000817396 7.4552 0)
(0.000401987 7.43967 0)
(0.000101105 6.73418 0)
(6.47887e-05 6.74059 0)
(0.000274254 7.44793 0)
(0.000577099 7.46354 0)
(0.000938541 7.46362 0)
(0.00135889 7.46346 0)
(0.00184059 7.46319 0)
(0.00237396 7.46277 0)
(0.00293139 7.46214 0)
(0.0034595 7.46124 0)
(0.00384594 7.46005 0)
(0.0039023 7.45871 0)
(0.00360471 7.45759 0)
(0.00313188 7.45681 0)
(0.00257373 7.45625 0)
(0.00204993 7.45588 0)
(0.00152329 7.45563 0)
(0.00106972 7.45548 0)
(0.000681584 7.45523 0)
(0.00034802 7.4397 0)
(9.34535e-05 6.734 0)
(5.14977e-05 6.74292 0)
(0.000234168 7.45003 0)
(0.000479457 7.46562 0)
(0.000747589 7.46571 0)
(0.00107415 7.46556 0)
(0.00146161 7.46533 0)
(0.00189443 7.46499 0)
(0.00234848 7.46446 0)
(0.0027916 7.4637 0)
(0.00313255 7.46266 0)
(0.00319959 7.4615 0)
(0.00295904 7.46051 0)
(0.00256487 7.4598 0)
(0.00211252 7.45932 0)
(0.00167052 7.45901 0)
(0.00125272 7.45883 0)
(0.000882582 7.45872 0)
(0.000564352 7.45849 0)
(0.00030124 7.44295 0)
(9.01566e-05 6.73721 0)
(-1.90202e-06 6.74198 0)
(0.000137806 7.44883 0)
(0.000374847 7.46474 0)
(0.000608703 7.46493 0)
(0.000926568 7.46483 0)
(0.00130632 7.46464 0)
(0.00172333 7.46444 0)
(0.00209029 7.46398 0)
(0.00245849 7.46325 0)
(0.00276669 7.4623 0)
(0.00284502 7.46127 0)
(0.00263973 7.46039 0)
(0.00230099 7.45976 0)
(0.00192061 7.45934 0)
(0.00154269 7.45907 0)
(0.00118292 7.4589 0)
(0.000849021 7.45878 0)
(0.000553135 7.45839 0)
(0.00033229 7.44263 0)
(0.000125206 6.73698 0)
(-6.61313e-06 6.73892 0)
(-2.32584e-05 7.44571 0)
(2.11388e-05 7.46087 0)
(0.000179458 7.46078 0)
(0.000413508 7.46055 0)
(0.000704437 7.4603 0)
(0.00101072 7.46004 0)
(0.00130603 7.45968 0)
(0.00160408 7.45921 0)
(0.00185675 7.4586 0)
(0.00194894 7.45793 0)
(0.00185619 7.45738 0)
(0.00167585 7.45701 0)
(0.00146641 7.4568 0)
(0.00125151 7.45671 0)
(0.00103779 7.45672 0)
(0.000819197 7.45681 0)
(0.000593399 7.45686 0)
(0.000342145 7.44169 0)
(9.66574e-05 6.73587 0)
(-2.08109 4.83127 -1.22163e-21)
(1.77889 5.75551 8.88141e-18)
(0.624293 4.90855 -7.76325e-18)
(1.31807 4.50241 0)
(1.26051 4.07367 0)
(1.36631 3.59953 -1.14739e-17)
(1.28225 3.15978 1.18801e-17)
(1.13406 2.74578 -1.2407e-17)
(1.02607 2.36489 2.02709e-19)
(-0.0436404 2.19023 1.35852e-17)
(-0.533174 5.03536 -1.74787e-21)
(1.08694 4.46759 1.14532e-18)
(0.224459 4.12974 0)
(0.688643 3.92559 0)
(0.648828 3.62415 3.80665e-19)
(0.693501 3.37657 2.49306e-17)
(0.634985 3.11644 -1.27957e-17)
(0.440507 2.92878 -2.04488e-19)
(0.565951 2.72452 2.10136e-19)
(-0.255919 2.532 0)
(-0.472349 3.93421 1.01334e-17)
(0.77193 4.00767 -1.02595e-17)
(0.203936 3.71666 0)
(0.585977 3.50393 1.1727e-17)
(0.506786 3.28279 -8.85772e-21)
(0.474349 3.10175 -1.23237e-17)
(0.411477 2.9491 -1.30813e-17)
(0.169537 2.87855 -2.09898e-21)
(0.392878 2.78345 2.16675e-19)
(-0.298509 2.67065 0)
(-0.405431 3.55857 -4.9307e-18)
(0.560739 3.573 0)
(0.0249337 3.41282 -5.96624e-18)
(0.358358 3.33192 -5.89839e-18)
(0.255253 3.19694 4.07532e-19)
(0.230148 3.09274 -7.0309e-18)
(0.237782 2.99869 6.5769e-18)
(-0.00146967 2.94964 -2.05463e-19)
(0.279147 2.91802 3.29304e-19)
(-0.289048 2.74978 6.95202e-18)
(-0.345196 3.23105 -5.64117e-18)
(0.438291 3.33897 0)
(-0.0524163 3.22638 1.21284e-17)
(0.270065 3.165 -6.65413e-18)
(0.15027 3.07693 -2.86926e-21)
(0.128935 3.02319 3.62441e-19)
(0.16048 2.97942 -1.81925e-20)
(-0.0628724 2.96835 -6.8274e-18)
(0.218187 2.96736 2.22256e-19)
(-0.253006 2.7909 -1.43706e-17)
(-0.300089 3.06735 0)
(0.344743 3.18478 -6.02215e-18)
(-0.0977474 3.1363 -1.18587e-19)
(0.195041 3.10309 -4.02391e-19)
(0.058993 3.04997 4.06175e-19)
(0.0561126 3.02839 6.60343e-18)
(0.104996 3.00181 6.84828e-18)
(-0.0816305 2.98924 1.34389e-17)
(0.17603 3.00462 7.35381e-18)
(-0.227648 2.81073 -8.12258e-21)
(-0.265644 2.96804 0)
(0.283174 3.09007 6.21157e-18)
(-0.113064 3.08829 -6.24768e-18)
(0.145678 3.0576 -4.05773e-19)
(0.0143379 3.03093 7.94875e-19)
(0.0285583 3.02222 9.17542e-22)
(0.0711696 3.01109 -4.31642e-19)
(-0.0801372 3.00203 -7.08738e-18)
(0.153171 3.02074 -7.15927e-18)
(-0.203322 2.81938 -1.1344e-20)
(-0.233646 2.915 6.12251e-18)
(0.232209 3.03583 -2.93259e-19)
(-0.11823 3.06554 1.99208e-19)
(0.104681 3.03686 0)
(-0.0080419 3.03159 0)
(0.0134137 3.02446 0)
(0.0484534 3.02215 0)
(-0.0732613 3.01234 7.12049e-18)
(0.130118 3.0335 -7.2155e-18)
(-0.179214 2.82602 7.37878e-18)
(-0.199221 2.88942 1.33942e-19)
(0.188167 3.01884 6.21344e-18)
(-0.109829 3.05201 0)
(0.0796862 3.02934 -4.09186e-19)
(-0.0138382 3.03262 3.85e-19)
(0.00653323 3.02625 0)
(0.0377073 3.02853 -2.03575e-19)
(-0.0635999 3.01974 -6.91315e-18)
(0.109963 3.04314 7.24003e-18)
(-0.155758 2.82762 0)
(-0.16736 2.8775 -6.74415e-20)
(0.157566 3.01623 -9.34178e-18)
(-0.0930093 3.04443 0)
(0.0652034 3.02542 0)
(-0.0124856 3.03101 3.95357e-19)
(0.00520559 3.02606 -2.92022e-18)
(0.0325782 3.02995 -3.82503e-19)
(-0.0534017 3.02185 3.58962e-18)
(0.0905318 3.04916 0)
(-0.130242 2.8254 0)
(-0.129625 2.85815 -8.78336e-18)
(0.127161 2.99921 3.14117e-18)
(-0.0707154 3.03317 0)
(0.0569559 3.01731 0)
(-0.00583403 3.02523 0)
(0.00793369 3.02292 6.31694e-18)
(0.0311285 3.02831 0)
(-0.0406957 3.02305 -3.82403e-18)
(0.0763936 3.05295 2.30047e-19)
(-0.0963004 2.82481 3.76426e-18)
(-0.098538 2.84761 3.00807e-18)
(0.0946147 2.99915 -2.88749e-19)
(-0.0493669 3.03517 3.26231e-18)
(0.0455384 3.02206 3.15843e-18)
(0.00139924 3.03489 0)
(0.0119869 3.03629 -3.17655e-18)
(0.0305864 3.04756 0)
(-0.0225021 3.04778 0)
(0.0678504 3.07109 0)
(-0.0588464 2.86651 -3.47773e-18)
(-0.0691045 2.90027 -2.7356e-18)
(0.0575164 3.03754 2.76401e-18)
(-0.0386482 3.07368 -2.83758e-18)
(0.0275493 3.06274 -4.37792e-18)
(-0.00264484 3.07243 0)
(0.00540057 3.07429 3.72367e-19)
(0.0216824 3.08452 -2.01366e-19)
(-0.0176393 3.07983 1.45233e-18)
(0.0553471 3.10574 1.8015e-18)
(-0.0427952 2.92662 -1.7131e-18)
(-0.0657418 2.92354 2.7102e-18)
(0.0403846 3.04319 -2.62359e-18)
(-0.0373652 3.07485 1.78479e-19)
(0.00988537 3.05961 1.08564e-18)
(-0.00651481 3.06516 -1.49007e-18)
(-0.000664355 3.06485 0)
(0.00820885 3.06748 1.68262e-18)
(-0.0147924 3.06235 2.0147e-20)
(0.038728 3.08588 -3.5164e-18)
(-0.0296677 2.93136 -2.11066e-20)
(-0.0301927 2.78565 -6.97539e-19)
(-0.0144747 2.87147 1.77547e-19)
(-0.0268421 2.88553 -9.12183e-19)
(-0.0237215 2.88363 3.7453e-19)
(-0.0178832 2.88699 1.86945e-18)
(-0.0137945 2.89073 -7.73415e-19)
(-0.00822796 2.89673 -7.65827e-19)
(-0.00368068 2.90247 -7.83737e-19)
(0.0201415 2.91971 1.62995e-18)
(0.00449862 2.82161 8.86124e-19)
(-0.0274895 2.76493 5.84958e-19)
(-0.0248978 2.84012 2.59808e-19)
(-0.026215 2.85148 5.24511e-19)
(-0.0202009 2.85815 -1.08054e-18)
(-0.0157758 2.86551 3.70857e-19)
(-0.0109445 2.87363 7.53543e-19)
(-0.00478165 2.88202 -7.72124e-19)
(-0.000200502 2.89133 -7.91526e-19)
(0.0209475 2.90364 1.0213e-19)
(0.0112085 2.84632 7.9171e-19)
)
;

boundaryField
{
    wall-4
    {
        type            noSlip;
    }
    pressure-outlet-7
    {
        type            zeroGradient;
    }
    velocity-inlet-6
    {
        type            fixedValue;
        value           uniform (0 3 0);
    }
    velocity-inlet-5
    {
        type            parabolicVelocity;
        maxValue        10;
        n               (1 0 0);
        y               (0 1 0);
        value           nonuniform List<vector> 
20
(
(0.381518 0 0)
(1.19474 0 0)
(2.1232 0 0)
(3.16908 0 0)
(4.32585 0 0)
(5.57242 0 0)
(6.86447 0 0)
(8.12141 0 0)
(9.20707 0 0)
(9.90123 0 0)
(9.90123 0 0)
(9.20707 0 0)
(8.12141 0 0)
(6.86447 0 0)
(5.57242 0 0)
(4.32585 0 0)
(3.16908 0 0)
(2.1232 0 0)
(1.19474 0 0)
(0.381518 0 0)
)
;
    }
    frontAndBackPlanes
    {
        type            empty;
    }
}


// ************************************************************************* //
